order obs chisq vsini limbdark rv
0 0 5928.0860075897945 33.67280657720654 0.012912690760169085 0.0002031922404098955
0 1 5928.0860075897945 33.67280657720654 0.012912690760169085 0.0002031922404098955
0 2 5913.696655734798 34.757861286752586 0.23304778994980901 6.932014605309282e-05
0 3 5913.696655734798 34.757861286752586 0.23304778994980901 6.932014605309282e-05
0 4 5913.696655734798 34.757861286752586 0.23304778994980901 6.932014605309282e-05
0 5 5913.696655734798 34.757861286752586 0.23304778994980901 6.932014605309282e-05
0 6 5913.696655734798 34.757861286752586 0.23304778994980901 6.932014605309282e-05
0 7 5913.696655734798 34.757861286752586 0.23304778994980901 6.932014605309282e-05
0 8 5945.391824396466 32.94768796203516 0.3023841661816704 0.00010889768547494379
0 9 5945.391824396466 32.94768796203516 0.3023841661816704 0.00010889768547494379
0 10 5945.391824396466 32.94768796203516 0.3023841661816704 0.00010889768547494379
0 11 5945.391824396466 32.94768796203516 0.3023841661816704 0.00010889768547494379
0 12 5945.391824396466 32.94768796203516 0.3023841661816704 0.00010889768547494379
0 13 5945.391824396466 32.94768796203516 0.3023841661816704 0.00010889768547494379
0 14 5988.066491071249 32.942904814519466 0.17050956996370248 0.00012928248284428478
0 15 5988.066491071249 32.942904814519466 0.17050956996370248 0.00012928248284428478
0 16 5988.066491071249 32.942904814519466 0.17050956996370248 0.00012928248284428478
0 17 5988.066491071249 32.942904814519466 0.17050956996370248 0.00012928248284428478
0 18 5988.066491071249 32.942904814519466 0.17050956996370248 0.00012928248284428478
0 19 5978.9199861768375 33.54300548043801 0.2210600448150956 7.599578048610297e-05
0 20 5978.9199861768375 33.54300548043801 0.2210600448150956 7.599578048610297e-05
0 21 5978.9199861768375 33.54300548043801 0.2210600448150956 7.599578048610297e-05
0 22 5978.9199861768375 33.54300548043801 0.2210600448150956 7.599578048610297e-05
0 23 5978.9199861768375 33.54300548043801 0.2210600448150956 7.599578048610297e-05
0 24 5978.9199861768375 33.54300548043801 0.2210600448150956 7.599578048610297e-05
0 25 6051.651318916514 32.818887915248716 0.21579423035730316 6.02602959535921e-05
0 26 6051.651318916514 32.818887915248716 0.21579423035730316 6.02602959535921e-05
0 27 6051.651318916514 32.818887915248716 0.21579423035730316 6.02602959535921e-05
0 28 6051.651318916514 32.818887915248716 0.21579423035730316 6.02602959535921e-05
0 29 6051.651318916514 32.818887915248716 0.21579423035730316 6.02602959535921e-05
0 30 5913.384846126404 34.80273195537388 0.28206534338544564 9.006261846567615e-05
0 31 5913.384846126404 34.80273195537388 0.28206534338544564 9.006261846567615e-05
0 32 5913.384846126404 34.80273195537388 0.28206534338544564 9.006261846567615e-05
0 33 5913.384846126404 34.80273195537388 0.28206534338544564 9.006261846567615e-05
0 34 5958.324452089986 31.18561448501464 -0.05812174742119755 0.00016206502593822208
0 35 5958.324452089986 31.18561448501464 -0.05812174742119755 0.00016206502593822208
0 36 5958.324452089986 31.18561448501464 -0.05812174742119755 0.00016206502593822208
0 37 5958.324452089986 31.18561448501464 -0.05812174742119755 0.00016206502593822208
0 38 5958.324452089986 31.18561448501464 -0.05812174742119755 0.00016206502593822208
0 39 5958.324452089986 31.18561448501464 -0.05812174742119755 0.00016206502593822208
0 40 6488.286516996106 26.130571530921117 0.30812667411289785 0.00011819600483663214
0 41 6488.286516996106 26.130571530921117 0.30812667411289785 0.00011819600483663214
0 42 6488.286516996106 26.130571530921117 0.30812667411289785 0.00011819600483663214
0 43 6488.286516996106 26.130571530921117 0.30812667411289785 0.00011819600483663214
0 44 6488.286516996106 26.130571530921117 0.30812667411289785 0.00011819600483663214
0 45 6488.286516996106 26.130571530921117 0.30812667411289785 0.00011819600483663214
0 46 6587.936158782747 26.366926270656847 0.3404996414619754 0.0001254677657121933
0 47 6587.936158782747 26.366926270656847 0.3404996414619754 0.0001254677657121933
0 48 6587.936158782747 26.366926270656847 0.3404996414619754 0.0001254677657121933
0 49 6587.936158782747 26.366926270656847 0.3404996414619754 0.0001254677657121933
0 50 6587.936158782747 26.366926270656847 0.3404996414619754 0.0001254677657121933
0 51 6587.936158782747 26.366926270656847 0.3404996414619754 0.0001254677657121933
0 52 6587.936158782747 26.366926270656847 0.3404996414619754 0.0001254677657121933
0 53 6587.936158782747 26.366926270656847 0.3404996414619754 0.0001254677657121933
0 54 6556.805244558211 29.94357265641614 0.6544269390202497 9.661912979679108e-05
0 55 6556.805244558211 29.94357265641614 0.6544269390202497 9.661912979679108e-05
1 0 3438.033301055395 35.31556327317631 -0.06393015317252344 2.1517186474712764e-05
1 1 3438.033301055395 35.31556327317631 -0.06393015317252344 2.1517186474712764e-05
1 2 3433.615418464292 35.31155407205219 -0.05930130768734501 9.855797196025215e-05
1 3 3433.615418464292 35.31155407205219 -0.05930130768734501 9.855797196025215e-05
1 4 3433.615418464292 35.31155407205219 -0.05930130768734501 9.855797196025215e-05
1 5 3433.615418464292 35.31155407205219 -0.05930130768734501 9.855797196025215e-05
1 6 3433.615418464292 35.31155407205219 -0.05930130768734501 9.855797196025215e-05
1 7 3433.615418464292 35.31155407205219 -0.05930130768734501 9.855797196025215e-05
1 8 3425.6027899223914 35.90388062947582 0.016331853253679966 0.00011505466301625256
1 9 3425.6027899223914 35.90388062947582 0.016331853253679966 0.00011505466301625256
1 10 3425.6027899223914 35.90388062947582 0.016331853253679966 0.00011505466301625256
1 11 3425.6027899223914 35.90388062947582 0.016331853253679966 0.00011505466301625256
1 12 3425.6027899223914 35.90388062947582 0.016331853253679966 0.00011505466301625256
1 13 3425.6027899223914 35.90388062947582 0.016331853253679966 0.00011505466301625256
1 14 3400.0175084628445 37.721465555513966 0.31780162938829115 0.0001106858157897236
1 15 3400.0175084628445 37.721465555513966 0.31780162938829115 0.0001106858157897236
1 16 3400.0175084628445 37.721465555513966 0.31780162938829115 0.0001106858157897236
1 17 3400.0175084628445 37.721465555513966 0.31780162938829115 0.0001106858157897236
1 18 3400.0175084628445 37.721465555513966 0.31780162938829115 0.0001106858157897236
1 19 3911.2783040356 24.965143605603863 0.3104428525706926 8.279085159292092e-05
1 20 3911.2783040356 24.965143605603863 0.3104428525706926 8.279085159292092e-05
1 21 3911.2783040356 24.965143605603863 0.3104428525706926 8.279085159292092e-05
1 22 3911.2783040356 24.965143605603863 0.3104428525706926 8.279085159292092e-05
1 23 3911.2783040356 24.965143605603863 0.3104428525706926 8.279085159292092e-05
1 24 3911.2783040356 24.965143605603863 0.3104428525706926 8.279085159292092e-05
1 25 3404.4226744192956 37.76012081969756 0.3994501414244075 7.170438800578705e-05
1 26 3404.4226744192956 37.76012081969756 0.3994501414244075 7.170438800578705e-05
1 27 3404.4226744192956 37.76012081969756 0.3994501414244075 7.170438800578705e-05
1 28 3404.4226744192956 37.76012081969756 0.3994501414244075 7.170438800578705e-05
1 29 3404.4226744192956 37.76012081969756 0.3994501414244075 7.170438800578705e-05
1 30 3431.7092973334193 34.65713627811549 -0.3565196152630652 0.00010190159717030759
1 31 3431.7092973334193 34.65713627811549 -0.3565196152630652 0.00010190159717030759
1 32 3431.7092973334193 34.65713627811549 -0.3565196152630652 0.00010190159717030759
1 33 3431.7092973334193 34.65713627811549 -0.3565196152630652 0.00010190159717030759
1 34 3412.5504979068523 37.72661658579948 0.3471480656614183 1.847744567797575e-06
1 35 3412.5504979068523 37.72661658579948 0.3471480656614183 1.847744567797575e-06
1 36 3412.5504979068523 37.72661658579948 0.3471480656614183 1.847744567797575e-06
1 37 3412.5504979068523 37.72661658579948 0.3471480656614183 1.847744567797575e-06
1 38 3412.5504979068523 37.72661658579948 0.3471480656614183 1.847744567797575e-06
1 39 3412.5504979068523 37.72661658579948 0.3471480656614183 1.847744567797575e-06
1 40 3413.5109131824865 37.2016173248858 0.2887694464956686 7.07507132921089e-05
1 41 3413.5109131824865 37.2016173248858 0.2887694464956686 7.07507132921089e-05
1 42 3413.5109131824865 37.2016173248858 0.2887694464956686 7.07507132921089e-05
1 43 3413.5109131824865 37.2016173248858 0.2887694464956686 7.07507132921089e-05
1 44 3413.5109131824865 37.2016173248858 0.2887694464956686 7.07507132921089e-05
1 45 3413.5109131824865 37.2016173248858 0.2887694464956686 7.07507132921089e-05
1 46 3409.5339614869345 38.29878215026754 0.3930593251618405 5.8591358858855875e-05
1 47 3409.5339614869345 38.29878215026754 0.3930593251618405 5.8591358858855875e-05
1 48 3409.5339614869345 38.29878215026754 0.3930593251618405 5.8591358858855875e-05
1 49 3409.5339614869345 38.29878215026754 0.3930593251618405 5.8591358858855875e-05
1 50 3409.5339614869345 38.29878215026754 0.3930593251618405 5.8591358858855875e-05
1 51 3409.5339614869345 38.29878215026754 0.3930593251618405 5.8591358858855875e-05
1 52 3409.5339614869345 38.29878215026754 0.3930593251618405 5.8591358858855875e-05
1 53 3409.5339614869345 38.29878215026754 0.3930593251618405 5.8591358858855875e-05
1 54 4023.3614920097007 24.37968676352287 0.25193356139244927 0.00010424852432909824
1 55 4023.3614920097007 24.37968676352287 0.25193356139244927 0.00010424852432909824
2 0 1675.4200480281343 27.657834367195015 0.2815850273014924 0.00010174515049604413
2 1 1675.4200480281343 27.657834367195015 0.2815850273014924 0.00010174515049604413
2 2 1671.896412283019 28.221666312980847 0.3860976936977835 7.146596505893201e-05
2 3 1671.896412283019 28.221666312980847 0.3860976936977835 7.146596505893201e-05
2 4 1671.896412283019 28.221666312980847 0.3860976936977835 7.146596505893201e-05
2 5 1671.896412283019 28.221666312980847 0.3860976936977835 7.146596505893201e-05
2 6 1671.896412283019 28.221666312980847 0.3860976936977835 7.146596505893201e-05
2 7 1671.896412283019 28.221666312980847 0.3860976936977835 7.146596505893201e-05
2 8 1676.8974176883248 27.626321538208998 0.25960713399639623 9.936094334315183e-05
2 9 1676.8974176883248 27.626321538208998 0.25960713399639623 9.936094334315183e-05
2 10 1676.8974176883248 27.626321538208998 0.25960713399639623 9.936094334315183e-05
2 11 1676.8974176883248 27.626321538208998 0.25960713399639623 9.936094334315183e-05
2 12 1676.8974176883248 27.626321538208998 0.25960713399639623 9.936094334315183e-05
2 13 1676.8974176883248 27.626321538208998 0.25960713399639623 9.936094334315183e-05
2 14 1682.0997640363175 27.142238496236423 0.2623215630019936 9.626027966342469e-05
2 15 1682.0997640363175 27.142238496236423 0.2623215630019936 9.626027966342469e-05
2 16 1682.0997640363175 27.142238496236423 0.2623215630019936 9.626027966342469e-05
2 17 1682.0997640363175 27.142238496236423 0.2623215630019936 9.626027966342469e-05
2 18 1682.0997640363175 27.142238496236423 0.2623215630019936 9.626027966342469e-05
2 19 1683.061507938933 27.056011923835925 0.14450348887314346 8.255174147957361e-05
2 20 1683.061507938933 27.056011923835925 0.14450348887314346 8.255174147957361e-05
2 21 1683.061507938933 27.056011923835925 0.14450348887314346 8.255174147957361e-05
2 22 1683.061507938933 27.056011923835925 0.14450348887314346 8.255174147957361e-05
2 23 1683.061507938933 27.056011923835925 0.14450348887314346 8.255174147957361e-05
2 24 1683.061507938933 27.056011923835925 0.14450348887314346 8.255174147957361e-05
2 25 1674.806944528193 27.745639362567786 0.43345261286623515 0.00011545419617861033
2 26 1674.806944528193 27.745639362567786 0.43345261286623515 0.00011545419617861033
2 27 1674.806944528193 27.745639362567786 0.43345261286623515 0.00011545419617861033
2 28 1674.806944528193 27.745639362567786 0.43345261286623515 0.00011545419617861033
2 29 1674.806944528193 27.745639362567786 0.43345261286623515 0.00011545419617861033
2 30 1675.2606999557008 27.647490768406094 0.2781103200307441 8.791689969556699e-05
2 31 1675.2606999557008 27.647490768406094 0.2781103200307441 8.791689969556699e-05
2 32 1675.2606999557008 27.647490768406094 0.2781103200307441 8.791689969556699e-05
2 33 1675.2606999557008 27.647490768406094 0.2781103200307441 8.791689969556699e-05
2 34 1674.194785905196 27.626157958237982 0.31421522102442273 5.9306622021528595e-05
2 35 1674.194785905196 27.626157958237982 0.31421522102442273 5.9306622021528595e-05
2 36 1674.194785905196 27.626157958237982 0.31421522102442273 5.9306622021528595e-05
2 37 1674.194785905196 27.626157958237982 0.31421522102442273 5.9306622021528595e-05
2 38 1674.194785905196 27.626157958237982 0.31421522102442273 5.9306622021528595e-05
2 39 1674.194785905196 27.626157958237982 0.31421522102442273 5.9306622021528595e-05
2 40 1676.6762692153666 27.637418101014497 0.2809867954732913 9.877161392271989e-05
2 41 1676.6762692153666 27.637418101014497 0.2809867954732913 9.877161392271989e-05
2 42 1676.6762692153666 27.637418101014497 0.2809867954732913 9.877161392271989e-05
2 43 1676.6762692153666 27.637418101014497 0.2809867954732913 9.877161392271989e-05
2 44 1676.6762692153666 27.637418101014497 0.2809867954732913 9.877161392271989e-05
2 45 1676.6762692153666 27.637418101014497 0.2809867954732913 9.877161392271989e-05
2 46 1699.4518599049118 25.84572767202225 -0.02573602584706844 8.302947253010812e-05
2 47 1699.4518599049118 25.84572767202225 -0.02573602584706844 8.302947253010812e-05
2 48 1699.4518599049118 25.84572767202225 -0.02573602584706844 8.302947253010812e-05
2 49 1699.4518599049118 25.84572767202225 -0.02573602584706844 8.302947253010812e-05
2 50 1699.4518599049118 25.84572767202225 -0.02573602584706844 8.302947253010812e-05
2 51 1699.4518599049118 25.84572767202225 -0.02573602584706844 8.302947253010812e-05
2 52 1699.4518599049118 25.84572767202225 -0.02573602584706844 8.302947253010812e-05
2 53 1699.4518599049118 25.84572767202225 -0.02573602584706844 8.302947253010812e-05
2 54 1676.8723396085911 27.294411024946587 0.28526963427698077 9.697675715070897e-05
2 55 1676.8723396085911 27.294411024946587 0.28526963427698077 9.697675715070897e-05
3 0 739.8212624467753 30.65822025482167 0.17986247673518296 6.073712772557771e-05
3 1 739.8212624467753 30.65822025482167 0.17986247673518296 6.073712772557771e-05
3 2 738.4018274072172 31.09679941547833 0.22877439952126377 0.00010508298901330774
3 3 738.4018274072172 31.09679941547833 0.22877439952126377 0.00010508298901330774
3 4 738.4018274072172 31.09679941547833 0.22877439952126377 0.00010508298901330774
3 5 738.4018274072172 31.09679941547833 0.22877439952126377 0.00010508298901330774
3 6 738.4018274072172 31.09679941547833 0.22877439952126377 0.00010508298901330774
3 7 738.4018274072172 31.09679941547833 0.22877439952126377 0.00010508298901330774
3 8 740.112923241866 30.726527032534037 0.2072315336705977 7.051266566918409e-05
3 9 740.112923241866 30.726527032534037 0.2072315336705977 7.051266566918409e-05
3 10 740.112923241866 30.726527032534037 0.2072315336705977 7.051266566918409e-05
3 11 740.112923241866 30.726527032534037 0.2072315336705977 7.051266566918409e-05
3 12 740.112923241866 30.726527032534037 0.2072315336705977 7.051266566918409e-05
3 13 740.112923241866 30.726527032534037 0.2072315336705977 7.051266566918409e-05
3 14 739.7672524714279 30.603132739618914 0.16866229451617648 6.383657803918552e-05
3 15 739.7672524714279 30.603132739618914 0.16866229451617648 6.383657803918552e-05
3 16 739.7672524714279 30.603132739618914 0.16866229451617648 6.383657803918552e-05
3 17 739.7672524714279 30.603132739618914 0.16866229451617648 6.383657803918552e-05
3 18 739.7672524714279 30.603132739618914 0.16866229451617648 6.383657803918552e-05
3 19 739.5086727399079 30.586894063558688 0.1572705404393267 6.133318395367014e-05
3 20 739.5086727399079 30.586894063558688 0.1572705404393267 6.133318395367014e-05
3 21 739.5086727399079 30.586894063558688 0.1572705404393267 6.133318395367014e-05
3 22 739.5086727399079 30.586894063558688 0.1572705404393267 6.133318395367014e-05
3 23 739.5086727399079 30.586894063558688 0.1572705404393267 6.133318395367014e-05
3 24 739.5086727399079 30.586894063558688 0.1572705404393267 6.133318395367014e-05
3 25 738.2987291462064 31.25137754208237 0.31872074897305536 3.0219475744221134e-05
3 26 738.2987291462064 31.25137754208237 0.31872074897305536 3.0219475744221134e-05
3 27 738.2987291462064 31.25137754208237 0.31872074897305536 3.0219475744221134e-05
3 28 738.2987291462064 31.25137754208237 0.31872074897305536 3.0219475744221134e-05
3 29 738.2987291462064 31.25137754208237 0.31872074897305536 3.0219475744221134e-05
3 30 738.6702101273474 31.077762446552597 0.24850627182675433 4.810096093966416e-05
3 31 738.6702101273474 31.077762446552597 0.24850627182675433 4.810096093966416e-05
3 32 738.6702101273474 31.077762446552597 0.24850627182675433 4.810096093966416e-05
3 33 738.6702101273474 31.077762446552597 0.24850627182675433 4.810096093966416e-05
3 34 735.8099041039602 31.50397002849479 0.37008629256449876 1.5437602854057163e-05
3 35 735.8099041039602 31.50397002849479 0.37008629256449876 1.5437602854057163e-05
3 36 735.8099041039602 31.50397002849479 0.37008629256449876 1.5437602854057163e-05
3 37 735.8099041039602 31.50397002849479 0.37008629256449876 1.5437602854057163e-05
3 38 735.8099041039602 31.50397002849479 0.37008629256449876 1.5437602854057163e-05
3 39 735.8099041039602 31.50397002849479 0.37008629256449876 1.5437602854057163e-05
3 40 740.3220128721491 30.65177150717683 0.2006147352746666 6.002187835380516e-05
3 41 740.3220128721491 30.65177150717683 0.2006147352746666 6.002187835380516e-05
3 42 740.3220128721491 30.65177150717683 0.2006147352746666 6.002187835380516e-05
3 43 740.3220128721491 30.65177150717683 0.2006147352746666 6.002187835380516e-05
3 44 740.3220128721491 30.65177150717683 0.2006147352746666 6.002187835380516e-05
3 45 740.3220128721491 30.65177150717683 0.2006147352746666 6.002187835380516e-05
3 46 735.0956687952405 31.780053115841405 0.4401125121778793 -1.8328423480270353e-05
3 47 735.0956687952405 31.780053115841405 0.4401125121778793 -1.8328423480270353e-05
3 48 735.0956687952405 31.780053115841405 0.4401125121778793 -1.8328423480270353e-05
3 49 735.0956687952405 31.780053115841405 0.4401125121778793 -1.8328423480270353e-05
3 50 735.0956687952405 31.780053115841405 0.4401125121778793 -1.8328423480270353e-05
3 51 735.0956687952405 31.780053115841405 0.4401125121778793 -1.8328423480270353e-05
3 52 735.0956687952405 31.780053115841405 0.4401125121778793 -1.8328423480270353e-05
3 53 735.0956687952405 31.780053115841405 0.4401125121778793 -1.8328423480270353e-05
3 54 735.5821233913065 31.685244663046447 0.4051530174997721 -1.37388707476796e-05
3 55 735.5821233913065 31.685244663046447 0.4051530174997721 -1.37388707476796e-05
4 0 540.9774255074144 32.76380530823076 0.4221433631651508 5.561113561877399e-05
4 1 540.9774255074144 32.76380530823076 0.4221433631651508 5.561113561877399e-05
4 2 498.1601495438637 33.11016767538716 0.7117672474112575 7.561960337537871e-05
4 3 498.1601495438637 33.11016767538716 0.7117672474112575 7.561960337537871e-05
4 4 498.1601495438637 33.11016767538716 0.7117672474112575 7.561960337537871e-05
4 5 498.1601495438637 33.11016767538716 0.7117672474112575 7.561960337537871e-05
4 6 498.1601495438637 33.11016767538716 0.7117672474112575 7.561960337537871e-05
4 7 498.1601495438637 33.11016767538716 0.7117672474112575 7.561960337537871e-05
4 8 516.5950793606174 30.939697804655335 0.1528970886524778 0.00010816482636978188
4 9 516.5950793606174 30.939697804655335 0.1528970886524778 0.00010816482636978188
4 10 516.5950793606174 30.939697804655335 0.1528970886524778 0.00010816482636978188
4 11 516.5950793606174 30.939697804655335 0.1528970886524778 0.00010816482636978188
4 12 516.5950793606174 30.939697804655335 0.1528970886524778 0.00010816482636978188
4 13 516.5950793606174 30.939697804655335 0.1528970886524778 0.00010816482636978188
4 14 600.1355096584821 31.470379801698556 0.25224905933980035 7.337331774770229e-05
4 15 600.1355096584821 31.470379801698556 0.25224905933980035 7.337331774770229e-05
4 16 600.1355096584821 31.470379801698556 0.25224905933980035 7.337331774770229e-05
4 17 600.1355096584821 31.470379801698556 0.25224905933980035 7.337331774770229e-05
4 18 600.1355096584821 31.470379801698556 0.25224905933980035 7.337331774770229e-05
4 19 507.16635383246137 31.848603390883788 0.4497282139540001 0.00011223554637171417
4 20 507.16635383246137 31.848603390883788 0.4497282139540001 0.00011223554637171417
4 21 507.16635383246137 31.848603390883788 0.4497282139540001 0.00011223554637171417
4 22 507.16635383246137 31.848603390883788 0.4497282139540001 0.00011223554637171417
4 23 507.16635383246137 31.848603390883788 0.4497282139540001 0.00011223554637171417
4 24 507.16635383246137 31.848603390883788 0.4497282139540001 0.00011223554637171417
4 25 523.1409291775658 31.779540095412184 0.37189228228656324 0.00012868642781890908
4 26 523.1409291775658 31.779540095412184 0.37189228228656324 0.00012868642781890908
4 27 523.1409291775658 31.779540095412184 0.37189228228656324 0.00012868642781890908
4 28 523.1409291775658 31.779540095412184 0.37189228228656324 0.00012868642781890908
4 29 523.1409291775658 31.779540095412184 0.37189228228656324 0.00012868642781890908
4 30 511.49231463151034 31.483114921104608 0.26960960251580185 2.84314186949991e-05
4 31 511.49231463151034 31.483114921104608 0.26960960251580185 2.84314186949991e-05
4 32 511.49231463151034 31.483114921104608 0.26960960251580185 2.84314186949991e-05
4 33 511.49231463151034 31.483114921104608 0.26960960251580185 2.84314186949991e-05
4 34 504.5089098396643 31.791541196125706 0.4518796286655874 6.526708595317962e-05
4 35 504.5089098396643 31.791541196125706 0.4518796286655874 6.526708595317962e-05
4 36 504.5089098396643 31.791541196125706 0.4518796286655874 6.526708595317962e-05
4 37 504.5089098396643 31.791541196125706 0.4518796286655874 6.526708595317962e-05
4 38 504.5089098396643 31.791541196125706 0.4518796286655874 6.526708595317962e-05
4 39 504.5089098396643 31.791541196125706 0.4518796286655874 6.526708595317962e-05
4 40 504.1004913881668 32.28760262352526 0.5196330774970197 4.4198705297612495e-05
4 41 504.1004913881668 32.28760262352526 0.5196330774970197 4.4198705297612495e-05
4 42 504.1004913881668 32.28760262352526 0.5196330774970197 4.4198705297612495e-05
4 43 504.1004913881668 32.28760262352526 0.5196330774970197 4.4198705297612495e-05
4 44 504.1004913881668 32.28760262352526 0.5196330774970197 4.4198705297612495e-05
4 45 504.1004913881668 32.28760262352526 0.5196330774970197 4.4198705297612495e-05
4 46 544.2487721969599 33.330863880308044 0.5251299181757914 -1.832842301862932e-05
4 47 544.2487721969599 33.330863880308044 0.5251299181757914 -1.832842301862932e-05
4 48 544.2487721969599 33.330863880308044 0.5251299181757914 -1.832842301862932e-05
4 49 544.2487721969599 33.330863880308044 0.5251299181757914 -1.832842301862932e-05
4 50 544.2487721969599 33.330863880308044 0.5251299181757914 -1.832842301862932e-05
4 51 544.2487721969599 33.330863880308044 0.5251299181757914 -1.832842301862932e-05
4 52 544.2487721969599 33.330863880308044 0.5251299181757914 -1.832842301862932e-05
4 53 544.2487721969599 33.330863880308044 0.5251299181757914 -1.832842301862932e-05
4 54 539.2395602534132 32.863661194159405 0.3150704514386625 3.224611275336672e-05
4 55 539.2395602534132 32.863661194159405 0.3150704514386625 3.224611275336672e-05
5 0 475.1398502301887 32.539555480259594 0.11064141036896993 9.006262140410396e-05
5 1 475.1398502301887 32.539555480259594 0.11064141036896993 9.006262140410396e-05
5 2 472.7543320758131 32.94725306490015 0.2856145567690178 -3.126263890855669e-05
5 3 472.7543320758131 32.94725306490015 0.2856145567690178 -3.126263890855669e-05
5 4 472.7543320758131 32.94725306490015 0.2856145567690178 -3.126263890855669e-05
5 5 472.7543320758131 32.94725306490015 0.2856145567690178 -3.126263890855669e-05
5 6 472.7543320758131 32.94725306490015 0.2856145567690178 -3.126263890855669e-05
5 7 472.7543320758131 32.94725306490015 0.2856145567690178 -3.126263890855669e-05
5 8 467.393237628834 33.29068190569278 0.34476755750040045 8.11219212690525e-05
5 9 467.393237628834 33.29068190569278 0.34476755750040045 8.11219212690525e-05
5 10 467.393237628834 33.29068190569278 0.34476755750040045 8.11219212690525e-05
5 11 467.393237628834 33.29068190569278 0.34476755750040045 8.11219212690525e-05
5 12 467.393237628834 33.29068190569278 0.34476755750040045 8.11219212690525e-05
5 13 467.393237628834 33.29068190569278 0.34476755750040045 8.11219212690525e-05
5 14 470.62088976064626 32.863598017461086 0.2671220986715386 0.00010234118190071087
5 15 470.62088976064626 32.863598017461086 0.2671220986715386 0.00010234118190071087
5 16 470.62088976064626 32.863598017461086 0.2671220986715386 0.00010234118190071087
5 17 470.62088976064626 32.863598017461086 0.2671220986715386 0.00010234118190071087
5 18 470.62088976064626 32.863598017461086 0.2671220986715386 0.00010234118190071087
5 19 468.6337732384018 33.46365324980766 0.3297866863637039 0.0001272559169025644
5 20 468.6337732384018 33.46365324980766 0.3297866863637039 0.0001272559169025644
5 21 468.6337732384018 33.46365324980766 0.3297866863637039 0.0001272559169025644
5 22 468.6337732384018 33.46365324980766 0.3297866863637039 0.0001272559169025644
5 23 468.6337732384018 33.46365324980766 0.3297866863637039 0.0001272559169025644
5 24 468.6337732384018 33.46365324980766 0.3297866863637039 0.0001272559169025644
5 25 469.48935576453664 33.200490901108566 0.301962448787085 8.744001461839551e-05
5 26 469.48935576453664 33.200490901108566 0.301962448787085 8.744001461839551e-05
5 27 469.48935576453664 33.200490901108566 0.301962448787085 8.744001461839551e-05
5 28 469.48935576453664 33.200490901108566 0.301962448787085 8.744001461839551e-05
5 29 469.48935576453664 33.200490901108566 0.301962448787085 8.744001461839551e-05
5 30 446.45309652503147 38.25720077133438 1.1743585208653644 0.00010031461552609442
5 31 446.45309652503147 38.25720077133438 1.1743585208653644 0.00010031461552609442
5 32 446.45309652503147 38.25720077133438 1.1743585208653644 0.00010031461552609442
5 33 446.45309652503147 38.25720077133438 1.1743585208653644 0.00010031461552609442
5 34 472.29282870271163 32.694174058258405 0.20140537254567112 9.125507192134573e-05
5 35 472.29282870271163 32.694174058258405 0.20140537254567112 9.125507192134573e-05
5 36 472.29282870271163 32.694174058258405 0.20140537254567112 9.125507192134573e-05
5 37 472.29282870271163 32.694174058258405 0.20140537254567112 9.125507192134573e-05
5 38 472.29282870271163 32.694174058258405 0.20140537254567112 9.125507192134573e-05
5 39 472.29282870271163 32.694174058258405 0.20140537254567112 9.125507192134573e-05
5 40 472.94773682691215 32.87051312962788 0.2634823907259356 4.953145722808086e-05
5 41 472.94773682691215 32.87051312962788 0.2634823907259356 4.953145722808086e-05
5 42 472.94773682691215 32.87051312962788 0.2634823907259356 4.953145722808086e-05
5 43 472.94773682691215 32.87051312962788 0.2634823907259356 4.953145722808086e-05
5 44 472.94773682691215 32.87051312962788 0.2634823907259356 4.953145722808086e-05
5 45 472.94773682691215 32.87051312962788 0.2634823907259356 4.953145722808086e-05
5 46 472.05451315757153 32.71186414428071 0.21318547029809426 7.039308993153143e-05
5 47 472.05451315757153 32.71186414428071 0.21318547029809426 7.039308993153143e-05
5 48 472.05451315757153 32.71186414428071 0.21318547029809426 7.039308993153143e-05
5 49 472.05451315757153 32.71186414428071 0.21318547029809426 7.039308993153143e-05
5 50 472.05451315757153 32.71186414428071 0.21318547029809426 7.039308993153143e-05
5 51 472.05451315757153 32.71186414428071 0.21318547029809426 7.039308993153143e-05
5 52 472.05451315757153 32.71186414428071 0.21318547029809426 7.039308993153143e-05
5 53 472.05451315757153 32.71186414428071 0.21318547029809426 7.039308993153143e-05
5 54 466.11875392277454 33.242059906647796 0.3230416171766116 0.00011557340621234653
5 55 466.11875392277454 33.242059906647796 0.3230416171766116 0.00011557340621234653
6 0 373.58124091951015 28.620068855723805 0.2570369935700552 8.827447710250087e-05
6 1 373.58124091951015 28.620068855723805 0.2570369935700552 8.827447710250087e-05
6 2 373.75870310763275 28.460801316453605 0.29555355391444005 8.064508423140948e-05
6 3 373.75870310763275 28.460801316453605 0.29555355391444005 8.064508423140948e-05
6 4 373.75870310763275 28.460801316453605 0.29555355391444005 8.064508423140948e-05
6 5 373.75870310763275 28.460801316453605 0.29555355391444005 8.064508423140948e-05
6 6 373.75870310763275 28.460801316453605 0.29555355391444005 8.064508423140948e-05
6 7 373.75870310763275 28.460801316453605 0.29555355391444005 8.064508423140948e-05
6 8 352.78523578581735 36.808394972308434 1.5732247717852346 7.520954290691961e-05
6 9 352.78523578581735 36.808394972308434 1.5732247717852346 7.520954290691961e-05
6 10 352.78523578581735 36.808394972308434 1.5732247717852346 7.520954290691961e-05
6 11 352.78523578581735 36.808394972308434 1.5732247717852346 7.520954290691961e-05
6 12 352.78523578581735 36.808394972308434 1.5732247717852346 7.520954290691961e-05
6 13 352.78523578581735 36.808394972308434 1.5732247717852346 7.520954290691961e-05
6 14 371.41229860159046 28.424104213313214 0.3049852351972586 9.721517558813214e-05
6 15 371.41229860159046 28.424104213313214 0.3049852351972586 9.721517558813214e-05
6 16 371.41229860159046 28.424104213313214 0.3049852351972586 9.721517558813214e-05
6 17 371.41229860159046 28.424104213313214 0.3049852351972586 9.721517558813214e-05
6 18 371.41229860159046 28.424104213313214 0.3049852351972586 9.721517558813214e-05
6 19 372.3538641847195 28.489287784494778 0.2651818187773494 9.042024607655404e-05
6 20 372.3538641847195 28.489287784494778 0.2651818187773494 9.042024607655404e-05
6 21 372.3538641847195 28.489287784494778 0.2651818187773494 9.042024607655404e-05
6 22 372.3538641847195 28.489287784494778 0.2651818187773494 9.042024607655404e-05
6 23 372.3538641847195 28.489287784494778 0.2651818187773494 9.042024607655404e-05
6 24 372.3538641847195 28.489287784494778 0.2651818187773494 9.042024607655404e-05
6 25 361.1443482777952 28.98231390428593 0.5907908018473256 9.70959663580184e-05
6 26 361.1443482777952 28.98231390428593 0.5907908018473256 9.70959663580184e-05
6 27 361.1443482777952 28.98231390428593 0.5907908018473256 9.70959663580184e-05
6 28 361.1443482777952 28.98231390428593 0.5907908018473256 9.70959663580184e-05
6 29 361.1443482777952 28.98231390428593 0.5907908018473256 9.70959663580184e-05
6 30 346.84677437100345 30.45525347753552 0.8606238155103993 8.58902900659736e-05
6 31 346.84677437100345 30.45525347753552 0.8606238155103993 8.58902900659736e-05
6 32 346.84677437100345 30.45525347753552 0.8606238155103993 8.58902900659736e-05
6 33 346.84677437100345 30.45525347753552 0.8606238155103993 8.58902900659736e-05
6 34 372.08360870386 28.48024670534113 0.28431283448404654 9.125471113201393e-05
6 35 372.08360870386 28.48024670534113 0.28431283448404654 9.125471113201393e-05
6 36 372.08360870386 28.48024670534113 0.28431283448404654 9.125471113201393e-05
6 37 372.08360870386 28.48024670534113 0.28431283448404654 9.125471113201393e-05
6 38 372.08360870386 28.48024670534113 0.28431283448404654 9.125471113201393e-05
6 39 372.08360870386 28.48024670534113 0.28431283448404654 9.125471113201393e-05
6 40 349.77594612980744 27.775224119497047 0.0060625815937558145 8.75592226069379e-05
6 41 349.77594612980744 27.775224119497047 0.0060625815937558145 8.75592226069379e-05
6 42 349.77594612980744 27.775224119497047 0.0060625815937558145 8.75592226069379e-05
6 43 349.77594612980744 27.775224119497047 0.0060625815937558145 8.75592226069379e-05
6 44 349.77594612980744 27.775224119497047 0.0060625815937558145 8.75592226069379e-05
6 45 349.77594612980744 27.775224119497047 0.0060625815937558145 8.75592226069379e-05
6 46 348.0400372874451 29.88914493784877 0.7199360341045293 9.108893844826505e-05
6 47 348.0400372874451 29.88914493784877 0.7199360341045293 9.108893844826505e-05
6 48 348.0400372874451 29.88914493784877 0.7199360341045293 9.108893844826505e-05
6 49 348.0400372874451 29.88914493784877 0.7199360341045293 9.108893844826505e-05
6 50 348.0400372874451 29.88914493784877 0.7199360341045293 9.108893844826505e-05
6 51 348.0400372874451 29.88914493784877 0.7199360341045293 9.108893844826505e-05
6 52 348.0400372874451 29.88914493784877 0.7199360341045293 9.108893844826505e-05
6 53 348.0400372874451 29.88914493784877 0.7199360341045293 9.108893844826505e-05
6 54 346.7870447040866 31.036900534276015 0.9581032974003234 9.101629253527566e-05
6 55 346.7870447040866 31.036900534276015 0.9581032974003234 9.101629253527566e-05
7 0 238.5057031120672 24.4053761314726 0.28963073026471076 7.051229463938007e-05
7 1 238.5057031120672 24.4053761314726 0.28963073026471076 7.051229463938007e-05
7 2 238.46437008946452 24.8651019612974 0.3655528934599005 0.00010842925780225071
7 3 238.46437008946452 24.8651019612974 0.3655528934599005 0.00010842925780225071
7 4 238.46437008946452 24.8651019612974 0.3655528934599005 0.00010842925780225071
7 5 238.46437008946452 24.8651019612974 0.3655528934599005 0.00010842925780225071
7 6 238.46437008946452 24.8651019612974 0.3655528934599005 0.00010842925780225071
7 7 238.46437008946452 24.8651019612974 0.3655528934599005 0.00010842925780225071
7 8 238.5763290133309 24.318058235950545 0.17318275373622372 0.00010989938018129297
7 9 238.5763290133309 24.318058235950545 0.17318275373622372 0.00010989938018129297
7 10 238.5763290133309 24.318058235950545 0.17318275373622372 0.00010989938018129297
7 11 238.5763290133309 24.318058235950545 0.17318275373622372 0.00010989938018129297
7 12 238.5763290133309 24.318058235950545 0.17318275373622372 0.00010989938018129297
7 13 238.5763290133309 24.318058235950545 0.17318275373622372 0.00010989938018129297
7 14 238.57653075362055 24.7379489178952 0.26096881218896273 0.00012117624274733004
7 15 238.57653075362055 24.7379489178952 0.26096881218896273 0.00012117624274733004
7 16 238.57653075362055 24.7379489178952 0.26096881218896273 0.00012117624274733004
7 17 238.57653075362055 24.7379489178952 0.26096881218896273 0.00012117624274733004
7 18 238.57653075362055 24.7379489178952 0.26096881218896273 0.00012117624274733004
7 19 238.5495613373619 24.60212683050201 0.21720850204586978 0.000134646815707485
7 20 238.5495613373619 24.60212683050201 0.21720850204586978 0.000134646815707485
7 21 238.5495613373619 24.60212683050201 0.21720850204586978 0.000134646815707485
7 22 238.5495613373619 24.60212683050201 0.21720850204586978 0.000134646815707485
7 23 238.5495613373619 24.60212683050201 0.21720850204586978 0.000134646815707485
7 24 238.5495613373619 24.60212683050201 0.21720850204586978 0.000134646815707485
7 25 238.57705319952032 24.99655725873597 0.23591399809713182 0.0001341700739762255
7 26 238.57705319952032 24.99655725873597 0.23591399809713182 0.0001341700739762255
7 27 238.57705319952032 24.99655725873597 0.23591399809713182 0.0001341700739762255
7 28 238.57705319952032 24.99655725873597 0.23591399809713182 0.0001341700739762255
7 29 238.57705319952032 24.99655725873597 0.23591399809713182 0.0001341700739762255
7 30 238.76019431484752 25.29220806412925 0.34074935173800913 7.571642101943971e-05
7 31 238.76019431484752 25.29220806412925 0.34074935173800913 7.571642101943971e-05
7 32 238.76019431484752 25.29220806412925 0.34074935173800913 7.571642101943971e-05
7 33 238.76019431484752 25.29220806412925 0.34074935173800913 7.571642101943971e-05
7 34 238.55125752266414 24.759001840072987 0.27448122883610937 7.122755378527828e-05
7 35 238.55125752266414 24.759001840072987 0.27448122883610937 7.122755378527828e-05
7 36 238.55125752266414 24.759001840072987 0.27448122883610937 7.122755378527828e-05
7 37 238.55125752266414 24.759001840072987 0.27448122883610937 7.122755378527828e-05
7 38 238.55125752266414 24.759001840072987 0.27448122883610937 7.122755378527828e-05
7 39 238.55125752266414 24.759001840072987 0.27448122883610937 7.122755378527828e-05
7 40 238.46572740077772 24.78028853791053 0.3282472600503575 7.039309224101162e-05
7 41 238.46572740077772 24.78028853791053 0.3282472600503575 7.039309224101162e-05
7 42 238.46572740077772 24.78028853791053 0.3282472600503575 7.039309224101162e-05
7 43 238.46572740077772 24.78028853791053 0.3282472600503575 7.039309224101162e-05
7 44 238.46572740077772 24.78028853791053 0.3282472600503575 7.039309224101162e-05
7 45 238.46572740077772 24.78028853791053 0.3282472600503575 7.039309224101162e-05
7 46 238.45703475041182 24.900133847575628 0.37640841738661934 7.923473401896672e-05
7 47 238.45703475041182 24.900133847575628 0.37640841738661934 7.923473401896672e-05
7 48 238.45703475041182 24.900133847575628 0.37640841738661934 7.923473401896672e-05
7 49 238.45703475041182 24.900133847575628 0.37640841738661934 7.923473401896672e-05
7 50 238.45703475041182 24.900133847575628 0.37640841738661934 7.923473401896672e-05
7 51 238.45703475041182 24.900133847575628 0.37640841738661934 7.923473401896672e-05
7 52 238.45703475041182 24.900133847575628 0.37640841738661934 7.923473401896672e-05
7 53 238.45703475041182 24.900133847575628 0.37640841738661934 7.923473401896672e-05
7 54 238.66965735564872 25.83841935029549 0.46195993769893284 6.932021182501416e-05
7 55 238.66965735564872 25.83841935029549 0.46195993769893284 6.932021182501416e-05
8 0 228.4853788972721 21.432123855162555 0.30488934832443776 9.070160622367466e-05
8 1 228.4853788972721 21.432123855162555 0.30488934832443776 9.070160622367466e-05
8 2 228.46528282078128 21.46383482485563 0.3050278161569844 9.089703197337258e-05
8 3 228.46528282078128 21.46383482485563 0.3050278161569844 9.089703197337258e-05
8 4 228.46528282078128 21.46383482485563 0.3050278161569844 9.089703197337258e-05
8 5 228.46528282078128 21.46383482485563 0.3050278161569844 9.089703197337258e-05
8 6 228.46528282078128 21.46383482485563 0.3050278161569844 9.089703197337258e-05
8 7 228.46528282078128 21.46383482485563 0.3050278161569844 9.089703197337258e-05
8 8 228.46051959759058 21.4661588986992 0.3060958780816524 9.089703602714819e-05
8 9 228.46051959759058 21.4661588986992 0.3060958780816524 9.089703602714819e-05
8 10 228.46051959759058 21.4661588986992 0.3060958780816524 9.089703602714819e-05
8 11 228.46051959759058 21.4661588986992 0.3060958780816524 9.089703602714819e-05
8 12 228.46051959759058 21.4661588986992 0.3060958780816524 9.089703602714819e-05
8 13 228.46051959759058 21.4661588986992 0.3060958780816524 9.089703602714819e-05
8 14 228.17293983682126 21.466485538149485 0.28999583080050395 9.063149433979946e-05
8 15 228.17293983682126 21.466485538149485 0.28999583080050395 9.063149433979946e-05
8 16 228.17293983682126 21.466485538149485 0.28999583080050395 9.063149433979946e-05
8 17 228.17293983682126 21.466485538149485 0.28999583080050395 9.063149433979946e-05
8 18 228.17293983682126 21.466485538149485 0.28999583080050395 9.063149433979946e-05
8 19 228.48134033555422 21.43600729086032 0.30458781395606316 9.077369224027918e-05
8 20 228.48134033555422 21.43600729086032 0.30458781395606316 9.077369224027918e-05
8 21 228.48134033555422 21.43600729086032 0.30458781395606316 9.077369224027918e-05
8 22 228.48134033555422 21.43600729086032 0.30458781395606316 9.077369224027918e-05
8 23 228.48134033555422 21.43600729086032 0.30458781395606316 9.077369224027918e-05
8 24 228.48134033555422 21.43600729086032 0.30458781395606316 9.077369224027918e-05
8 25 228.48048219789035 21.43720632747944 0.30463798024285993 9.077781847990042e-05
8 26 228.48048219789035 21.43720632747944 0.30463798024285993 9.077781847990042e-05
8 27 228.48048219789035 21.43720632747944 0.30463798024285993 9.077781847990042e-05
8 28 228.48048219789035 21.43720632747944 0.30463798024285993 9.077781847990042e-05
8 29 228.48048219789035 21.43720632747944 0.30463798024285993 9.077781847990042e-05
8 30 228.0346062426838 22.110889841945998 0.32972761673017476 9.1135492619926e-05
8 31 228.0346062426838 22.110889841945998 0.32972761673017476 9.1135492619926e-05
8 32 228.0346062426838 22.110889841945998 0.32972761673017476 9.1135492619926e-05
8 33 228.0346062426838 22.110889841945998 0.32972761673017476 9.1135492619926e-05
8 34 228.1939797623807 21.65781517257708 0.283059064522368 9.077787380072785e-05
8 35 228.1939797623807 21.65781517257708 0.283059064522368 9.077787380072785e-05
8 36 228.1939797623807 21.65781517257708 0.283059064522368 9.077787380072785e-05
8 37 228.1939797623807 21.65781517257708 0.283059064522368 9.077787380072785e-05
8 38 228.1939797623807 21.65781517257708 0.283059064522368 9.077787380072785e-05
8 39 228.1939797623807 21.65781517257708 0.283059064522368 9.077787380072785e-05
8 40 227.99663805644286 22.5375992439185 0.26938687637475367 9.077787378112539e-05
8 41 227.99663805644286 22.5375992439185 0.26938687637475367 9.077787378112539e-05
8 42 227.99663805644286 22.5375992439185 0.26938687637475367 9.077787378112539e-05
8 43 227.99663805644286 22.5375992439185 0.26938687637475367 9.077787378112539e-05
8 44 227.99663805644286 22.5375992439185 0.26938687637475367 9.077787378112539e-05
8 45 227.99663805644286 22.5375992439185 0.26938687637475367 9.077787378112539e-05
8 46 228.26053926973464 21.45344028832366 0.2791333126133723 8.767821561178775e-05
8 47 228.26053926973464 21.45344028832366 0.2791333126133723 8.767821561178775e-05
8 48 228.26053926973464 21.45344028832366 0.2791333126133723 8.767821561178775e-05
8 49 228.26053926973464 21.45344028832366 0.2791333126133723 8.767821561178775e-05
8 50 228.26053926973464 21.45344028832366 0.2791333126133723 8.767821561178775e-05
8 51 228.26053926973464 21.45344028832366 0.2791333126133723 8.767821561178775e-05
8 52 228.26053926973464 21.45344028832366 0.2791333126133723 8.767821561178775e-05
8 53 228.26053926973464 21.45344028832366 0.2791333126133723 8.767821561178775e-05
8 54 228.15816618985093 21.747564311852546 0.28646828290954446 8.934770452988651e-05
8 55 228.15816618985093 21.747564311852546 0.28646828290954446 8.934770452988651e-05
9 0 218.4639558067376 23.875493426075806 0.2934084986394667 8.624574782214286e-05
9 1 218.4639558067376 23.875493426075806 0.2934084986394667 8.624574782214286e-05
9 2 218.65328789431217 23.19329770182965 0.2866603954548084 8.791637503696652e-05
9 3 218.65328789431217 23.19329770182965 0.2866603954548084 8.791637503696652e-05
9 4 218.65328789431217 23.19329770182965 0.2866603954548084 8.791637503696652e-05
9 5 218.65328789431217 23.19329770182965 0.2866603954548084 8.791637503696652e-05
9 6 218.65328789431217 23.19329770182965 0.2866603954548084 8.791637503696652e-05
9 7 218.65328789431217 23.19329770182965 0.2866603954548084 8.791637503696652e-05
9 8 219.0889101857764 21.524974512490054 0.305766411765872 9.030124903586868e-05
9 9 219.0889101857764 21.524974512490054 0.305766411765872 9.030124903586868e-05
9 10 219.0889101857764 21.524974512490054 0.305766411765872 9.030124903586868e-05
9 11 219.0889101857764 21.524974512490054 0.305766411765872 9.030124903586868e-05
9 12 219.0889101857764 21.524974512490054 0.305766411765872 9.030124903586868e-05
9 13 219.0889101857764 21.524974512490054 0.305766411765872 9.030124903586868e-05
9 14 217.78364030182263 24.557616361437724 0.2912038478319512 9.423845520436041e-05
9 15 217.78364030182263 24.557616361437724 0.2912038478319512 9.423845520436041e-05
9 16 217.78364030182263 24.557616361437724 0.2912038478319512 9.423845520436041e-05
9 17 217.78364030182263 24.557616361437724 0.2912038478319512 9.423845520436041e-05
9 18 217.78364030182263 24.557616361437724 0.2912038478319512 9.423845520436041e-05
9 19 219.05104935290913 21.54625014087282 0.3064398357351361 9.006296064516952e-05
9 20 219.05104935290913 21.54625014087282 0.3064398357351361 9.006296064516952e-05
9 21 219.05104935290913 21.54625014087282 0.3064398357351361 9.006296064516952e-05
9 22 219.05104935290913 21.54625014087282 0.3064398357351361 9.006296064516952e-05
9 23 219.05104935290913 21.54625014087282 0.3064398357351361 9.006296064516952e-05
9 24 219.05104935290913 21.54625014087282 0.3064398357351361 9.006296064516952e-05
9 25 217.72085079382848 25.239702226204123 0.3523980649222078 8.791684591913382e-05
9 26 217.72085079382848 25.239702226204123 0.3523980649222078 8.791684591913382e-05
9 27 217.72085079382848 25.239702226204123 0.3523980649222078 8.791684591913382e-05
9 28 217.72085079382848 25.239702226204123 0.3523980649222078 8.791684591913382e-05
9 29 217.72085079382848 25.239702226204123 0.3523980649222078 8.791684591913382e-05
9 30 215.0438684197379 19.244257440115263 0.24127344125359423 8.088317862606407e-05
9 31 215.0438684197379 19.244257440115263 0.24127344125359423 8.088317862606407e-05
9 32 215.0438684197379 19.244257440115263 0.24127344125359423 8.088317862606407e-05
9 33 215.0438684197379 19.244257440115263 0.24127344125359423 8.088317862606407e-05
9 34 215.18089203417577 20.627153868567824 -0.024969300293615618 9.084471083583202e-05
9 35 215.18089203417577 20.627153868567824 -0.024969300293615618 9.084471083583202e-05
9 36 215.18089203417577 20.627153868567824 -0.024969300293615618 9.084471083583202e-05
9 37 215.18089203417577 20.627153868567824 -0.024969300293615618 9.084471083583202e-05
9 38 215.18089203417577 20.627153868567824 -0.024969300293615618 9.084471083583202e-05
9 39 215.18089203417577 20.627153868567824 -0.024969300293615618 9.084471083583202e-05
9 40 218.2842556325441 23.193315206637465 0.29293682881176475 8.912738069232946e-05
9 41 218.2842556325441 23.193315206637465 0.29293682881176475 8.912738069232946e-05
9 42 218.2842556325441 23.193315206637465 0.29293682881176475 8.912738069232946e-05
9 43 218.2842556325441 23.193315206637465 0.29293682881176475 8.912738069232946e-05
9 44 218.2842556325441 23.193315206637465 0.29293682881176475 8.912738069232946e-05
9 45 218.2842556325441 23.193315206637465 0.29293682881176475 8.912738069232946e-05
9 46 215.37764119399952 19.382443565255635 0.4112622858076053 5.465728350143616e-05
9 47 215.37764119399952 19.382443565255635 0.4112622858076053 5.465728350143616e-05
9 48 215.37764119399952 19.382443565255635 0.4112622858076053 5.465728350143616e-05
9 49 215.37764119399952 19.382443565255635 0.4112622858076053 5.465728350143616e-05
9 50 215.37764119399952 19.382443565255635 0.4112622858076053 5.465728350143616e-05
9 51 215.37764119399952 19.382443565255635 0.4112622858076053 5.465728350143616e-05
9 52 215.37764119399952 19.382443565255635 0.4112622858076053 5.465728350143616e-05
9 53 215.37764119399952 19.382443565255635 0.4112622858076053 5.465728350143616e-05
9 54 214.97441154982533 21.45267426342013 0.3767005378499897 7.158516419076356e-05
9 55 214.97441154982533 21.45267426342013 0.3767005378499897 7.158516419076356e-05
10 0 217.74851184129525 14.750192428181917 0.3099825824888325 0.00010758639404911109
10 1 217.74851184129525 14.750192428181917 0.3099825824888325 0.00010758639404911109
10 2 217.77961181612443 15.074112378422846 0.32286935243104264 9.554546478219805e-05
10 3 217.77961181612443 15.074112378422846 0.32286935243104264 9.554546478219805e-05
10 4 217.77961181612443 15.074112378422846 0.32286935243104264 9.554546478219805e-05
10 5 217.77961181612443 15.074112378422846 0.32286935243104264 9.554546478219805e-05
10 6 217.77961181612443 15.074112378422846 0.32286935243104264 9.554546478219805e-05
10 7 217.77961181612443 15.074112378422846 0.32286935243104264 9.554546478219805e-05
10 8 218.78865676664077 17.95128932362884 0.30249007036599773 9.554594308981926e-05
10 9 218.78865676664077 17.95128932362884 0.30249007036599773 9.554594308981926e-05
10 10 218.78865676664077 17.95128932362884 0.30249007036599773 9.554594308981926e-05
10 11 218.78865676664077 17.95128932362884 0.30249007036599773 9.554594308981926e-05
10 12 218.78865676664077 17.95128932362884 0.30249007036599773 9.554594308981926e-05
10 13 218.78865676664077 17.95128932362884 0.30249007036599773 9.554594308981926e-05
10 14 218.51963218318275 17.951287083398054 0.3081444650318209 9.554623397902684e-05
10 15 218.51963218318275 17.951287083398054 0.3081444650318209 9.554623397902684e-05
10 16 218.51963218318275 17.951287083398054 0.3081444650318209 9.554623397902684e-05
10 17 218.51963218318275 17.951287083398054 0.3081444650318209 9.554623397902684e-05
10 18 218.51963218318275 17.951287083398054 0.3081444650318209 9.554623397902684e-05
10 19 217.744634654283 14.990108842870647 0.3137444670044955 9.680312120498306e-05
10 20 217.744634654283 14.990108842870647 0.3137444670044955 9.680312120498306e-05
10 21 217.744634654283 14.990108842870647 0.3137444670044955 9.680312120498306e-05
10 22 217.744634654283 14.990108842870647 0.3137444670044955 9.680312120498306e-05
10 23 217.744634654283 14.990108842870647 0.3137444670044955 9.680312120498306e-05
10 24 217.744634654283 14.990108842870647 0.3137444670044955 9.680312120498306e-05
10 25 218.50632199677827 14.893023508383628 0.30752948957060516 9.375810623214972e-05
10 26 218.50632199677827 14.893023508383628 0.30752948957060516 9.375810623214972e-05
10 27 218.50632199677827 14.893023508383628 0.30752948957060516 9.375810623214972e-05
10 28 218.50632199677827 14.893023508383628 0.30752948957060516 9.375810623214972e-05
10 29 218.50632199677827 14.893023508383628 0.30752948957060516 9.375810623214972e-05
10 30 219.32800311641864 20.489091924439315 0.2936355233078305 9.160818113466396e-05
10 31 219.32800311641864 20.489091924439315 0.2936355233078305 9.160818113466396e-05
10 32 219.32800311641864 20.489091924439315 0.2936355233078305 9.160818113466396e-05
10 33 219.32800311641864 20.489091924439315 0.2936355233078305 9.160818113466396e-05
10 34 218.95996262102614 18.641682653256737 0.3015252473217105 9.042024055933289e-05
10 35 218.95996262102614 18.641682653256737 0.3015252473217105 9.042024055933289e-05
10 36 218.95996262102614 18.641682653256737 0.3015252473217105 9.042024055933289e-05
10 37 218.95996262102614 18.641682653256737 0.3015252473217105 9.042024055933289e-05
10 38 218.95996262102614 18.641682653256737 0.3015252473217105 9.042024055933289e-05
10 39 218.95996262102614 18.641682653256737 0.3015252473217105 9.042024055933289e-05
10 40 218.1973399129481 15.793853941442585 0.31486508382877937 8.589029183748585e-05
10 41 218.1973399129481 15.793853941442585 0.31486508382877937 8.589029183748585e-05
10 42 218.1973399129481 15.793853941442585 0.31486508382877937 8.589029183748585e-05
10 43 218.1973399129481 15.793853941442585 0.31486508382877937 8.589029183748585e-05
10 44 218.1973399129481 15.793853941442585 0.31486508382877937 8.589029183748585e-05
10 45 218.1973399129481 15.793853941442585 0.31486508382877937 8.589029183748585e-05
10 46 217.70858402479647 14.812793136774822 0.3107308483037965 9.115733096255483e-05
10 47 217.70858402479647 14.812793136774822 0.3107308483037965 9.115733096255483e-05
10 48 217.70858402479647 14.812793136774822 0.3107308483037965 9.115733096255483e-05
10 49 217.70858402479647 14.812793136774822 0.3107308483037965 9.115733096255483e-05
10 50 217.70858402479647 14.812793136774822 0.3107308483037965 9.115733096255483e-05
10 51 217.70858402479647 14.812793136774822 0.3107308483037965 9.115733096255483e-05
10 52 217.70858402479647 14.812793136774822 0.3107308483037965 9.115733096255483e-05
10 53 217.70858402479647 14.812793136774822 0.3107308483037965 9.115733096255483e-05
10 54 218.15133341057123 16.570396378032832 0.30764547611735665 9.340047383285793e-05
10 55 218.15133341057123 16.570396378032832 0.30764547611735665 9.340047383285793e-05
11 0 190.25639085906985 19.22227571097396 0.26884638903882657 0.00010496334585779259
11 1 190.25639085906985 19.22227571097396 0.26884638903882657 0.00010496334585779259
11 2 190.2973991244937 18.382485020471982 0.24359762197825996 9.243441779830815e-05
11 3 190.2973991244937 18.382485020471982 0.24359762197825996 9.243441779830815e-05
11 4 190.2973991244937 18.382485020471982 0.24359762197825996 9.243441779830815e-05
11 5 190.2973991244937 18.382485020471982 0.24359762197825996 9.243441779830815e-05
11 6 190.2973991244937 18.382485020471982 0.24359762197825996 9.243441779830815e-05
11 7 190.2973991244937 18.382485020471982 0.24359762197825996 9.243441779830815e-05
11 8 190.89787596867419 23.05736918020696 0.2822806833826609 8.718579859898498e-05
11 9 190.89787596867419 23.05736918020696 0.2822806833826609 8.718579859898498e-05
11 10 190.89787596867419 23.05736918020696 0.2822806833826609 8.718579859898498e-05
11 11 190.89787596867419 23.05736918020696 0.2822806833826609 8.718579859898498e-05
11 12 190.89787596867419 23.05736918020696 0.2822806833826609 8.718579859898498e-05
11 13 190.89787596867419 23.05736918020696 0.2822806833826609 8.718579859898498e-05
11 14 191.3722230933591 23.057255187893006 0.2911720804719089 9.02981504589702e-05
11 15 191.3722230933591 23.057255187893006 0.2911720804719089 9.02981504589702e-05
11 16 191.3722230933591 23.057255187893006 0.2911720804719089 9.02981504589702e-05
11 17 191.3722230933591 23.057255187893006 0.2911720804719089 9.02981504589702e-05
11 18 191.3722230933591 23.057255187893006 0.2911720804719089 9.02981504589702e-05
11 19 190.90749488366097 19.856205580004175 0.2599153336862514 9.042024841659753e-05
11 20 190.90749488366097 19.856205580004175 0.2599153336862514 9.042024841659753e-05
11 21 190.90749488366097 19.856205580004175 0.2599153336862514 9.042024841659753e-05
11 22 190.90749488366097 19.856205580004175 0.2599153336862514 9.042024841659753e-05
11 23 190.90749488366097 19.856205580004175 0.2599153336862514 9.042024841659753e-05
11 24 190.90749488366097 19.856205580004175 0.2599153336862514 9.042024841659753e-05
11 25 190.23404877805794 18.991539221130704 0.2171154226879709 9.006261830108307e-05
11 26 190.23404877805794 18.991539221130704 0.2171154226879709 9.006261830108307e-05
11 27 190.23404877805794 18.991539221130704 0.2171154226879709 9.006261830108307e-05
11 28 190.23404877805794 18.991539221130704 0.2171154226879709 9.006261830108307e-05
11 29 190.23404877805794 18.991539221130704 0.2171154226879709 9.006261830108307e-05
11 30 190.196260614486 17.687317848523108 0.20449701567151402 0.00010317564013251565
11 31 190.196260614486 17.687317848523108 0.20449701567151402 0.00010317564013251565
11 32 190.196260614486 17.687317848523108 0.20449701567151402 0.00010317564013251565
11 33 190.196260614486 17.687317848523108 0.20449701567151402 0.00010317564013251565
11 34 191.41150523564872 22.996021218988886 0.2978553475228187 9.14931490867005e-05
11 35 191.41150523564872 22.996021218988886 0.2978553475228187 9.14931490867005e-05
11 36 191.41150523564872 22.996021218988886 0.2978553475228187 9.14931490867005e-05
11 37 191.41150523564872 22.996021218988886 0.2978553475228187 9.14931490867005e-05
11 38 191.41150523564872 22.996021218988886 0.2978553475228187 9.14931490867005e-05
11 39 191.41150523564872 22.996021218988886 0.2978553475228187 9.14931490867005e-05
11 40 191.57049561200733 21.49386180545651 0.3034489775990241 9.13739184815185e-05
11 41 191.57049561200733 21.49386180545651 0.3034489775990241 9.13739184815185e-05
11 42 191.57049561200733 21.49386180545651 0.3034489775990241 9.13739184815185e-05
11 43 191.57049561200733 21.49386180545651 0.3034489775990241 9.13739184815185e-05
11 44 191.57049561200733 21.49386180545651 0.3034489775990241 9.13739184815185e-05
11 45 191.57049561200733 21.49386180545651 0.3034489775990241 9.13739184815185e-05
11 46 188.57637502679293 19.958882734990226 0.24440799455642165 8.112695492815083e-05
11 47 188.57637502679293 19.958882734990226 0.24440799455642165 8.112695492815083e-05
11 48 188.57637502679293 19.958882734990226 0.24440799455642165 8.112695492815083e-05
11 49 188.57637502679293 19.958882734990226 0.24440799455642165 8.112695492815083e-05
11 50 188.57637502679293 19.958882734990226 0.24440799455642165 8.112695492815083e-05
11 51 188.57637502679293 19.958882734990226 0.24440799455642165 8.112695492815083e-05
11 52 188.57637502679293 19.958882734990226 0.24440799455642165 8.112695492815083e-05
11 53 188.57637502679293 19.958882734990226 0.24440799455642165 8.112695492815083e-05
11 54 188.6378424521916 19.689804842900863 -0.26875116656064024 8.958578116726879e-05
11 55 188.6378424521916 19.689804842900863 -0.26875116656064024 8.958578116726879e-05
12 0 173.86581333247062 21.179127702224406 0.037850980461779676 0.00010460625862268434
12 1 173.86581333247062 21.179127702224406 0.037850980461779676 0.00010460625862268434
12 2 173.30900301837175 21.206231692934377 0.46602824253370456 0.00016969442358502404
12 3 173.30900301837175 21.206231692934377 0.46602824253370456 0.00016969442358502404
12 4 173.30900301837175 21.206231692934377 0.46602824253370456 0.00016969442358502404
12 5 173.30900301837175 21.206231692934377 0.46602824253370456 0.00016969442358502404
12 6 173.30900301837175 21.206231692934377 0.46602824253370456 0.00016969442358502404
12 7 173.30900301837175 21.206231692934377 0.46602824253370456 0.00016969442358502404
12 8 173.2884019866997 21.209153324983706 0.3726529818667461 0.00013345479820465678
12 9 173.2884019866997 21.209153324983706 0.3726529818667461 0.00013345479820465678
12 10 173.2884019866997 21.209153324983706 0.3726529818667461 0.00013345479820465678
12 11 173.2884019866997 21.209153324983706 0.3726529818667461 0.00013345479820465678
12 12 173.2884019866997 21.209153324983706 0.3726529818667461 0.00013345479820465678
12 13 173.2884019866997 21.209153324983706 0.3726529818667461 0.00013345479820465678
12 14 173.40603698873366 21.169777672016174 0.3252575102810536 2.665788074746198e-05
12 15 173.40603698873366 21.169777672016174 0.3252575102810536 2.665788074746198e-05
12 16 173.40603698873366 21.169777672016174 0.3252575102810536 2.665788074746198e-05
12 17 173.40603698873366 21.169777672016174 0.3252575102810536 2.665788074746198e-05
12 18 173.40603698873366 21.169777672016174 0.3252575102810536 2.665788074746198e-05
12 19 173.69358320981928 20.267754112037096 0.16105632140206771 4.369142077196749e-05
12 20 173.69358320981928 20.267754112037096 0.16105632140206771 4.369142077196749e-05
12 21 173.69358320981928 20.267754112037096 0.16105632140206771 4.369142077196749e-05
12 22 173.69358320981928 20.267754112037096 0.16105632140206771 4.369142077196749e-05
12 23 173.69358320981928 20.267754112037096 0.16105632140206771 4.369142077196749e-05
12 24 173.69358320981928 20.267754112037096 0.16105632140206771 4.369142077196749e-05
12 25 179.9358452457062 24.037079807697296 0.29730844401924106 0.00011729219140433326
12 26 179.9358452457062 24.037079807697296 0.29730844401924106 0.00011729219140433326
12 27 179.9358452457062 24.037079807697296 0.29730844401924106 0.00011729219140433326
12 28 179.9358452457062 24.037079807697296 0.29730844401924106 0.00011729219140433326
12 29 179.9358452457062 24.037079807697296 0.29730844401924106 0.00011729219140433326
12 30 180.48359682532544 29.692500640868936 0.1260814061656829 0.00014394522222939285
12 31 180.48359682532544 29.692500640868936 0.1260814061656829 0.00014394522222939285
12 32 180.48359682532544 29.692500640868936 0.1260814061656829 0.00014394522222939285
12 33 180.48359682532544 29.692500640868936 0.1260814061656829 0.00014394522222939285
12 34 173.29079423262084 21.008708571441844 0.3278294900931633 0.00014513728710635571
12 35 173.29079423262084 21.008708571441844 0.3278294900931633 0.00014513728710635571
12 36 173.29079423262084 21.008708571441844 0.3278294900931633 0.00014513728710635571
12 37 173.29079423262084 21.008708571441844 0.3278294900931633 0.00014513728710635571
12 38 173.29079423262084 21.008708571441844 0.3278294900931633 0.00014513728710635571
12 39 173.29079423262084 21.008708571441844 0.3278294900931633 0.00014513728710635571
12 40 173.28187704932006 21.10953396377063 0.35604959489188587 0.00012272596336299416
12 41 173.28187704932006 21.10953396377063 0.35604959489188587 0.00012272596336299416
12 42 173.28187704932006 21.10953396377063 0.35604959489188587 0.00012272596336299416
12 43 173.28187704932006 21.10953396377063 0.35604959489188587 0.00012272596336299416
12 44 173.28187704932006 21.10953396377063 0.35604959489188587 0.00012272596336299416
12 45 173.28187704932006 21.10953396377063 0.35604959489188587 0.00012272596336299416
12 46 183.06980481710147 17.82327479139089 0.24956961600759786 0.00011295080358437966
12 47 183.06980481710147 17.82327479139089 0.24956961600759786 0.00011295080358437966
12 48 183.06980481710147 17.82327479139089 0.24956961600759786 0.00011295080358437966
12 49 183.06980481710147 17.82327479139089 0.24956961600759786 0.00011295080358437966
12 50 183.06980481710147 17.82327479139089 0.24956961600759786 0.00011295080358437966
12 51 183.06980481710147 17.82327479139089 0.24956961600759786 0.00011295080358437966
12 52 183.06980481710147 17.82327479139089 0.24956961600759786 0.00011295080358437966
12 53 183.06980481710147 17.82327479139089 0.24956961600759786 0.00011295080358437966
12 54 173.23674077552943 20.760837298693808 0.23199048278655954 0.00016118931165689198
12 55 173.23674077552943 20.760837298693808 0.23199048278655954 0.00016118931165689198
13 0 198.45653428783794 22.17216814290889 0.3149941209021966 8.6843956115068e-05
13 1 198.45653428783794 22.17216814290889 0.3149941209021966 8.6843956115068e-05
13 2 198.83828469324249 21.633000207464413 0.32521660338620917 9.149312970116655e-05
13 3 198.83828469324249 21.633000207464413 0.32521660338620917 9.149312970116655e-05
13 4 198.83828469324249 21.633000207464413 0.32521660338620917 9.149312970116655e-05
13 5 198.83828469324249 21.633000207464413 0.32521660338620917 9.149312970116655e-05
13 6 198.83828469324249 21.633000207464413 0.32521660338620917 9.149312970116655e-05
13 7 198.83828469324249 21.633000207464413 0.32521660338620917 9.149312970116655e-05
13 8 198.87281608278465 21.738187537135126 0.34037302668230485 8.898973466833638e-05
13 9 198.87281608278465 21.738187537135126 0.34037302668230485 8.898973466833638e-05
13 10 198.87281608278465 21.738187537135126 0.34037302668230485 8.898973466833638e-05
13 11 198.87281608278465 21.738187537135126 0.34037302668230485 8.898973466833638e-05
13 12 198.87281608278465 21.738187537135126 0.34037302668230485 8.898973466833638e-05
13 13 198.87281608278465 21.738187537135126 0.34037302668230485 8.898973466833638e-05
13 14 198.78344942862378 21.687652427358863 0.31386836676589763 9.101628970726013e-05
13 15 198.78344942862378 21.687652427358863 0.31386836676589763 9.101628970726013e-05
13 16 198.78344942862378 21.687652427358863 0.31386836676589763 9.101628970726013e-05
13 17 198.78344942862378 21.687652427358863 0.31386836676589763 9.101628970726013e-05
13 18 198.78344942862378 21.687652427358863 0.31386836676589763 9.101628970726013e-05
13 19 198.64359132251377 21.54948031791358 0.33387963703013107 8.589029312835927e-05
13 20 198.64359132251377 21.54948031791358 0.33387963703013107 8.589029312835927e-05
13 21 198.64359132251377 21.54948031791358 0.33387963703013107 8.589029312835927e-05
13 22 198.64359132251377 21.54948031791358 0.33387963703013107 8.589029312835927e-05
13 23 198.64359132251377 21.54948031791358 0.33387963703013107 8.589029312835927e-05
13 24 198.64359132251377 21.54948031791358 0.33387963703013107 8.589029312835927e-05
13 25 198.864733119765 21.74452625378523 0.33505151865234406 8.863224328052508e-05
13 26 198.864733119765 21.74452625378523 0.33505151865234406 8.863224328052508e-05
13 27 198.864733119765 21.74452625378523 0.33505151865234406 8.863224328052508e-05
13 28 198.864733119765 21.74452625378523 0.33505151865234406 8.863224328052508e-05
13 29 198.864733119765 21.74452625378523 0.33505151865234406 8.863224328052508e-05
13 30 198.76380778770522 21.971302980563813 0.3412389885739425 8.612870729556276e-05
13 31 198.76380778770522 21.971302980563813 0.3412389885739425 8.612870729556276e-05
13 32 198.76380778770522 21.971302980563813 0.3412389885739425 8.612870729556276e-05
13 33 198.76380778770522 21.971302980563813 0.3412389885739425 8.612870729556276e-05
13 34 198.85135015588165 21.710612957678855 0.32867692867592907 9.256617235778406e-05
13 35 198.85135015588165 21.710612957678855 0.32867692867592907 9.256617235778406e-05
13 36 198.85135015588165 21.710612957678855 0.32867692867592907 9.256617235778406e-05
13 37 198.85135015588165 21.710612957678855 0.32867692867592907 9.256617235778406e-05
13 38 198.85135015588165 21.710612957678855 0.32867692867592907 9.256617235778406e-05
13 39 198.85135015588165 21.710612957678855 0.32867692867592907 9.256617235778406e-05
13 40 198.81470413986582 21.659128155573285 0.3008522484170556 9.280443210396281e-05
13 41 198.81470413986582 21.659128155573285 0.3008522484170556 9.280443210396281e-05
13 42 198.81470413986582 21.659128155573285 0.3008522484170556 9.280443210396281e-05
13 43 198.81470413986582 21.659128155573285 0.3008522484170556 9.280443210396281e-05
13 44 198.81470413986582 21.659128155573285 0.3008522484170556 9.280443210396281e-05
13 45 198.81470413986582 21.659128155573285 0.3008522484170556 9.280443210396281e-05
13 46 198.83911842763516 21.689985667041316 0.31376704645512693 0.00010520204788895199
13 47 198.83911842763516 21.689985667041316 0.31376704645512693 0.00010520204788895199
13 48 198.83911842763516 21.689985667041316 0.31376704645512693 0.00010520204788895199
13 49 198.83911842763516 21.689985667041316 0.31376704645512693 0.00010520204788895199
13 50 198.83911842763516 21.689985667041316 0.31376704645512693 0.00010520204788895199
13 51 198.83911842763516 21.689985667041316 0.31376704645512693 0.00010520204788895199
13 52 198.83911842763516 21.689985667041316 0.31376704645512693 0.00010520204788895199
13 53 198.83911842763516 21.689985667041316 0.31376704645512693 0.00010520204788895199
13 54 198.2359924283351 20.892530346178244 0.33480663220950035 9.137392048908827e-05
13 55 198.2359924283351 20.892530346178244 0.33480663220950035 9.137392048908827e-05
14 0 1141.6717288218404 39.41466102600862 0.1455289955283172 9.638071073359776e-05
14 1 1141.6717288218404 39.41466102600862 0.1455289955283172 9.638071073359776e-05
14 2 1139.6011439360977 34.32462672236923 0.3021331914269554 2.37822711938466e-05
14 3 1139.6011439360977 34.32462672236923 0.3021331914269554 2.37822711938466e-05
14 4 1139.6011439360977 34.32462672236923 0.3021331914269554 2.37822711938466e-05
14 5 1139.6011439360977 34.32462672236923 0.3021331914269554 2.37822711938466e-05
14 6 1139.6011439360977 34.32462672236923 0.3021331914269554 2.37822711938466e-05
14 7 1139.6011439360977 34.32462672236923 0.3021331914269554 2.37822711938466e-05
14 8 1140.0905240678537 32.858820686974965 0.13356945155731764 4.106758925881491e-05
14 9 1140.0905240678537 32.858820686974965 0.13356945155731764 4.106758925881491e-05
14 10 1140.0905240678537 32.858820686974965 0.13356945155731764 4.106758925881491e-05
14 11 1140.0905240678537 32.858820686974965 0.13356945155731764 4.106758925881491e-05
14 12 1140.0905240678537 32.858820686974965 0.13356945155731764 4.106758925881491e-05
14 13 1140.0905240678537 32.858820686974965 0.13356945155731764 4.106758925881491e-05
14 14 1140.4576837395275 38.323831764431304 0.01107670153862631 6.610152362882129e-05
14 15 1140.4576837395275 38.323831764431304 0.01107670153862631 6.610152362882129e-05
14 16 1140.4576837395275 38.323831764431304 0.01107670153862631 6.610152362882129e-05
14 17 1140.4576837395275 38.323831764431304 0.01107670153862631 6.610152362882129e-05
14 18 1140.4576837395275 38.323831764431304 0.01107670153862631 6.610152362882129e-05
14 19 1141.6975953252108 40.17955423745779 0.2993948622641356 -1.4871360615023972e-05
14 20 1141.6975953252108 40.17955423745779 0.2993948622641356 -1.4871360615023972e-05
14 21 1141.6975953252108 40.17955423745779 0.2993948622641356 -1.4871360615023972e-05
14 22 1141.6975953252108 40.17955423745779 0.2993948622641356 -1.4871360615023972e-05
14 23 1141.6975953252108 40.17955423745779 0.2993948622641356 -1.4871360615023972e-05
14 24 1141.6975953252108 40.17955423745779 0.2993948622641356 -1.4871360615023972e-05
14 25 1138.6111855760264 36.897843232820776 0.4615691405379492 -9.260271731993693e-06
14 26 1138.6111855760264 36.897843232820776 0.4615691405379492 -9.260271731993693e-06
14 27 1138.6111855760264 36.897843232820776 0.4615691405379492 -9.260271731993693e-06
14 28 1138.6111855760264 36.897843232820776 0.4615691405379492 -9.260271731993693e-06
14 29 1138.6111855760264 36.897843232820776 0.4615691405379492 -9.260271731993693e-06
14 30 1138.5881793741319 36.89791001653225 0.4456279923362303 -1.153350301211748e-05
14 31 1138.5881793741319 36.89791001653225 0.4456279923362303 -1.153350301211748e-05
14 32 1138.5881793741319 36.89791001653225 0.4456279923362303 -1.153350301211748e-05
14 33 1138.5881793741319 36.89791001653225 0.4456279923362303 -1.153350301211748e-05
14 34 1474.0795319450156 80.10098296738786 0.11207623821949755 0.00018686056136995975
14 35 1474.0795319450156 80.10098296738786 0.11207623821949755 0.00018686056136995975
14 36 1474.0795319450156 80.10098296738786 0.11207623821949755 0.00018686056136995975
14 37 1474.0795319450156 80.10098296738786 0.11207623821949755 0.00018686056136995975
14 38 1474.0795319450156 80.10098296738786 0.11207623821949755 0.00018686056136995975
14 39 1474.0795319450156 80.10098296738786 0.11207623821949755 0.00018686056136995975
14 40 1491.9800002782454 72.34883227639158 0.025114002887036385 0.00014036939846066182
14 41 1491.9800002782454 72.34883227639158 0.025114002887036385 0.00014036939846066182
14 42 1491.9800002782454 72.34883227639158 0.025114002887036385 0.00014036939846066182
14 43 1491.9800002782454 72.34883227639158 0.025114002887036385 0.00014036939846066182
14 44 1491.9800002782454 72.34883227639158 0.025114002887036385 0.00014036939846066182
14 45 1491.9800002782454 72.34883227639158 0.025114002887036385 0.00014036939846066182
14 46 1144.4819103408427 34.91589611678963 0.382100712082461 1.4364719641884424e-05
14 47 1144.4819103408427 34.91589611678963 0.382100712082461 1.4364719641884424e-05
14 48 1144.4819103408427 34.91589611678963 0.382100712082461 1.4364719641884424e-05
14 49 1144.4819103408427 34.91589611678963 0.382100712082461 1.4364719641884424e-05
14 50 1144.4819103408427 34.91589611678963 0.382100712082461 1.4364719641884424e-05
14 51 1144.4819103408427 34.91589611678963 0.382100712082461 1.4364719641884424e-05
14 52 1144.4819103408427 34.91589611678963 0.382100712082461 1.4364719641884424e-05
14 53 1144.4819103408427 34.91589611678963 0.382100712082461 1.4364719641884424e-05
14 54 1141.1943813657376 36.71371755369752 0.09701590992189843 0.0002810359000414435
14 55 1141.1943813657376 36.71371755369752 0.09701590992189843 0.0002810359000414435
15 0 1074.1301188506761 26.694481276683213 0.45577953850001357 7.432699204214005e-05
15 1 1074.1301188506761 26.694481276683213 0.45577953850001357 7.432699204214005e-05
15 2 1072.3262063531108 30.73278329114563 0.3636069484499517 7.361172017877568e-05
15 3 1072.3262063531108 30.73278329114563 0.3636069484499517 7.361172017877568e-05
15 4 1072.3262063531108 30.73278329114563 0.3636069484499517 7.361172017877568e-05
15 5 1072.3262063531108 30.73278329114563 0.3636069484499517 7.361172017877568e-05
15 6 1072.3262063531108 30.73278329114563 0.3636069484499517 7.361172017877568e-05
15 7 1072.3262063531108 30.73278329114563 0.3636069484499517 7.361172017877568e-05
15 8 985.297542171799 29.563058497358735 0.6796987236699981 0.00024658445026761876
15 9 985.297542171799 29.563058497358735 0.6796987236699981 0.00024658445026761876
15 10 985.297542171799 29.563058497358735 0.6796987236699981 0.00024658445026761876
15 11 985.297542171799 29.563058497358735 0.6796987236699981 0.00024658445026761876
15 12 985.297542171799 29.563058497358735 0.6796987236699981 0.00024658445026761876
15 13 985.297542171799 29.563058497358735 0.6796987236699981 0.00024658445026761876
15 14 982.4064663273219 33.320687122293634 1.2633121420648432 0.00019282101290249467
15 15 982.4064663273219 33.320687122293634 1.2633121420648432 0.00019282101290249467
15 16 982.4064663273219 33.320687122293634 1.2633121420648432 0.00019282101290249467
15 17 982.4064663273219 33.320687122293634 1.2633121420648432 0.00019282101290249467
15 18 982.4064663273219 33.320687122293634 1.2633121420648432 0.00019282101290249467
15 19 1029.9823152145916 30.70377555456332 0.4132753699857747 0.00021367872279273004
15 20 1029.9823152145916 30.70377555456332 0.4132753699857747 0.00021367872279273004
15 21 1029.9823152145916 30.70377555456332 0.4132753699857747 0.00021367872279273004
15 22 1029.9823152145916 30.70377555456332 0.4132753699857747 0.00021367872279273004
15 23 1029.9823152145916 30.70377555456332 0.4132753699857747 0.00021367872279273004
15 24 1029.9823152145916 30.70377555456332 0.4132753699857747 0.00021367872279273004
15 25 1031.7815691651458 29.25082569895767 -0.24443067209031039 4.357099433520569e-05
15 26 1031.7815691651458 29.25082569895767 -0.24443067209031039 4.357099433520569e-05
15 27 1031.7815691651458 29.25082569895767 -0.24443067209031039 4.357099433520569e-05
15 28 1031.7815691651458 29.25082569895767 -0.24443067209031039 4.357099433520569e-05
15 29 1031.7815691651458 29.25082569895767 -0.24443067209031039 4.357099433520569e-05
15 30 1016.7273552594389 33.659739355721555 0.39857086764791994 0.00013941604137246774
15 31 1016.7273552594389 33.659739355721555 0.39857086764791994 0.00013941604137246774
15 32 1016.7273552594389 33.659739355721555 0.39857086764791994 0.00013941604137246774
15 33 1016.7273552594389 33.659739355721555 0.39857086764791994 0.00013941604137246774
15 34 999.2539337743435 28.98225787533337 0.32799013171992863 6.765063577243923e-05
15 35 999.2539337743435 28.98225787533337 0.32799013171992863 6.765063577243923e-05
15 36 999.2539337743435 28.98225787533337 0.32799013171992863 6.765063577243923e-05
15 37 999.2539337743435 28.98225787533337 0.32799013171992863 6.765063577243923e-05
15 38 999.2539337743435 28.98225787533337 0.32799013171992863 6.765063577243923e-05
15 39 999.2539337743435 28.98225787533337 0.32799013171992863 6.765063577243923e-05
15 40 1041.7938737628028 30.00002167501006 0.25094335873934026 9.232756557369328e-05
15 41 1041.7938737628028 30.00002167501006 0.25094335873934026 9.232756557369328e-05
15 42 1041.7938737628028 30.00002167501006 0.25094335873934026 9.232756557369328e-05
15 43 1041.7938737628028 30.00002167501006 0.25094335873934026 9.232756557369328e-05
15 44 1041.7938737628028 30.00002167501006 0.25094335873934026 9.232756557369328e-05
15 45 1041.7938737628028 30.00002167501006 0.25094335873934026 9.232756557369328e-05
15 46 1010.9695802233305 24.465285952107372 -2.0304972977102214 0.0003178715680091745
15 47 1010.9695802233305 24.465285952107372 -2.0304972977102214 0.0003178715680091745
15 48 1010.9695802233305 24.465285952107372 -2.0304972977102214 0.0003178715680091745
15 49 1010.9695802233305 24.465285952107372 -2.0304972977102214 0.0003178715680091745
15 50 1010.9695802233305 24.465285952107372 -2.0304972977102214 0.0003178715680091745
15 51 1010.9695802233305 24.465285952107372 -2.0304972977102214 0.0003178715680091745
15 52 1010.9695802233305 24.465285952107372 -2.0304972977102214 0.0003178715680091745
15 53 1010.9695802233305 24.465285952107372 -2.0304972977102214 0.0003178715680091745
15 54 1053.7729096040139 30.732818041869265 0.0555232694891002 0.00012743927411679483
15 55 1053.7729096040139 30.732818041869265 0.0555232694891002 0.00012743927411679483
16 0 2571.641622119727 40.69888732370617 0.009393119374200891 0.000866241850607108
16 1 2571.641622119727 40.69888732370617 0.009393119374200891 0.000866241850607108
16 2 2547.7068090211774 41.4388423332711 0.4529827663946058 0.00022000070491732507
16 3 2547.7068090211774 41.4388423332711 0.4529827663946058 0.00022000070491732507
16 4 2547.7068090211774 41.4388423332711 0.4529827663946058 0.00022000070491732507
16 5 2547.7068090211774 41.4388423332711 0.4529827663946058 0.00022000070491732507
16 6 2547.7068090211774 41.4388423332711 0.4529827663946058 0.00022000070491732507
16 7 2547.7068090211774 41.4388423332711 0.4529827663946058 0.00022000070491732507
16 8 3029.299369520567 86.47424280882926 0.7222060962903061 -0.00023433561616139823
16 9 3029.299369520567 86.47424280882926 0.7222060962903061 -0.00023433561616139823
16 10 3029.299369520567 86.47424280882926 0.7222060962903061 -0.00023433561616139823
16 11 3029.299369520567 86.47424280882926 0.7222060962903061 -0.00023433561616139823
16 12 3029.299369520567 86.47424280882926 0.7222060962903061 -0.00023433561616139823
16 13 3029.299369520567 86.47424280882926 0.7222060962903061 -0.00023433561616139823
16 14 2889.605758037977 51.058593185268535 -0.3316046488518357 -0.0005781948036887117
16 15 2889.605758037977 51.058593185268535 -0.3316046488518357 -0.0005781948036887117
16 16 2889.605758037977 51.058593185268535 -0.3316046488518357 -0.0005781948036887117
16 17 2889.605758037977 51.058593185268535 -0.3316046488518357 -0.0005781948036887117
16 18 2889.605758037977 51.058593185268535 -0.3316046488518357 -0.0005781948036887117
16 19 3545.600751344509 167.97129384510063 -1.7297231121908505 0.0001966430435010363
16 20 3545.600751344509 167.97129384510063 -1.7297231121908505 0.0001966430435010363
16 21 3545.600751344509 167.97129384510063 -1.7297231121908505 0.0001966430435010363
16 22 3545.600751344509 167.97129384510063 -1.7297231121908505 0.0001966430435010363
16 23 3545.600751344509 167.97129384510063 -1.7297231121908505 0.0001966430435010363
16 24 3545.600751344509 167.97129384510063 -1.7297231121908505 0.0001966430435010363
16 25 3059.7631884206376 30.339177255558347 1.262636827058063 0.00033694446746202335
16 26 3059.7631884206376 30.339177255558347 1.262636827058063 0.00033694446746202335
16 27 3059.7631884206376 30.339177255558347 1.262636827058063 0.00033694446746202335
16 28 3059.7631884206376 30.339177255558347 1.262636827058063 0.00033694446746202335
16 29 3059.7631884206376 30.339177255558347 1.262636827058063 0.00033694446746202335
16 30 2596.5863791880874 42.8151243889464 0.7312263912771941 0.00039309262848276247
16 31 2596.5863791880874 42.8151243889464 0.7312263912771941 0.00039309262848276247
16 32 2596.5863791880874 42.8151243889464 0.7312263912771941 0.00039309262848276247
16 33 2596.5863791880874 42.8151243889464 0.7312263912771941 0.00039309262848276247
16 34 3082.2840250359545 22.441734134608577 -0.39354072861607736 0.0005217194484724256
16 35 3082.2840250359545 22.441734134608577 -0.39354072861607736 0.0005217194484724256
16 36 3082.2840250359545 22.441734134608577 -0.39354072861607736 0.0005217194484724256
16 37 3082.2840250359545 22.441734134608577 -0.39354072861607736 0.0005217194484724256
16 38 3082.2840250359545 22.441734134608577 -0.39354072861607736 0.0005217194484724256
16 39 3082.2840250359545 22.441734134608577 -0.39354072861607736 0.0005217194484724256
16 40 3724.5419537812686 15.13199200125987 -0.36645935570566524 0.0002487295770962258
16 41 3724.5419537812686 15.13199200125987 -0.36645935570566524 0.0002487295770962258
16 42 3724.5419537812686 15.13199200125987 -0.36645935570566524 0.0002487295770962258
16 43 3724.5419537812686 15.13199200125987 -0.36645935570566524 0.0002487295770962258
16 44 3724.5419537812686 15.13199200125987 -0.36645935570566524 0.0002487295770962258
16 45 3724.5419537812686 15.13199200125987 -0.36645935570566524 0.0002487295770962258
16 46 2734.754680667102 64.37826127628179 2.1035791389581275 0.00024288887867003137
16 47 2734.754680667102 64.37826127628179 2.1035791389581275 0.00024288887867003137
16 48 2734.754680667102 64.37826127628179 2.1035791389581275 0.00024288887867003137
16 49 2734.754680667102 64.37826127628179 2.1035791389581275 0.00024288887867003137
16 50 2734.754680667102 64.37826127628179 2.1035791389581275 0.00024288887867003137
16 51 2734.754680667102 64.37826127628179 2.1035791389581275 0.00024288887867003137
16 52 2734.754680667102 64.37826127628179 2.1035791389581275 0.00024288887867003137
16 53 2734.754680667102 64.37826127628179 2.1035791389581275 0.00024288887867003137
16 54 2545.648590807926 62.158287065641986 1.9823855517827078 0.00032526246182427445
16 55 2545.648590807926 62.158287065641986 1.9823855517827078 0.00032526246182427445
17 0 5782.896076626648 28.727676830454087 0.22650445789855428 3.451108895938533e-05
17 1 5782.896076626648 28.727676830454087 0.22650445789855428 3.451108895938533e-05
17 2 5423.246589984124 25.805517509578195 -5.6590645898276675 -0.00033059716468171983
17 3 5423.246589984124 25.805517509578195 -5.6590645898276675 -0.00033059716468171983
17 4 5423.246589984124 25.805517509578195 -5.6590645898276675 -0.00033059716468171983
17 5 5423.246589984124 25.805517509578195 -5.6590645898276675 -0.00033059716468171983
17 6 5423.246589984124 25.805517509578195 -5.6590645898276675 -0.00033059716468171983
17 7 5423.246589984124 25.805517509578195 -5.6590645898276675 -0.00033059716468171983
17 8 5316.083183725486 29.69706948127189 -0.2516539337195062 0.0002680420873254065
17 9 5316.083183725486 29.69706948127189 -0.2516539337195062 0.0002680420873254065
17 10 5316.083183725486 29.69706948127189 -0.2516539337195062 0.0002680420873254065
17 11 5316.083183725486 29.69706948127189 -0.2516539337195062 0.0002680420873254065
17 12 5316.083183725486 29.69706948127189 -0.2516539337195062 0.0002680420873254065
17 13 5316.083183725486 29.69706948127189 -0.2516539337195062 0.0002680420873254065
17 14 6115.697571464598 42.90475920408266 0.21099104050684825 7.206202300141405e-05
17 15 6115.697571464598 42.90475920408266 0.21099104050684825 7.206202300141405e-05
17 16 6115.697571464598 42.90475920408266 0.21099104050684825 7.206202300141405e-05
17 17 6115.697571464598 42.90475920408266 0.21099104050684825 7.206202300141405e-05
17 18 6115.697571464598 42.90475920408266 0.21099104050684825 7.206202300141405e-05
17 19 6122.395955842676 42.99309401850974 0.330557099096686 7.385015487729624e-05
17 20 6122.395955842676 42.99309401850974 0.330557099096686 7.385015487729624e-05
17 21 6122.395955842676 42.99309401850974 0.330557099096686 7.385015487729624e-05
17 22 6122.395955842676 42.99309401850974 0.330557099096686 7.385015487729624e-05
17 23 6122.395955842676 42.99309401850974 0.330557099096686 7.385015487729624e-05
17 24 6122.395955842676 42.99309401850974 0.330557099096686 7.385015487729624e-05
17 25 5789.195103997951 31.63851261059836 0.23729889198142146 0.00012683669883689698
17 26 5789.195103997951 31.63851261059836 0.23729889198142146 0.00012683669883689698
17 27 5789.195103997951 31.63851261059836 0.23729889198142146 0.00012683669883689698
17 28 5789.195103997951 31.63851261059836 0.23729889198142146 0.00012683669883689698
17 29 5789.195103997951 31.63851261059836 0.23729889198142146 0.00012683669883689698
17 30 5710.043556311524 30.446857964821763 -0.871142869798812 1.2576580047391862e-05
17 31 5710.043556311524 30.446857964821763 -0.871142869798812 1.2576580047391862e-05
17 32 5710.043556311524 30.446857964821763 -0.871142869798812 1.2576580047391862e-05
17 33 5710.043556311524 30.446857964821763 -0.871142869798812 1.2576580047391862e-05
17 34 5759.880467688061 33.94308436250288 0.3185278002671672 4.8816279428229404e-05
17 35 5759.880467688061 33.94308436250288 0.3185278002671672 4.8816279428229404e-05
17 36 5759.880467688061 33.94308436250288 0.3185278002671672 4.8816279428229404e-05
17 37 5759.880467688061 33.94308436250288 0.3185278002671672 4.8816279428229404e-05
17 38 5759.880467688061 33.94308436250288 0.3185278002671672 4.8816279428229404e-05
17 39 5759.880467688061 33.94308436250288 0.3185278002671672 4.8816279428229404e-05
17 40 5776.731370397365 32.410525047009585 0.30082609071240396 8.040666556879847e-05
17 41 5776.731370397365 32.410525047009585 0.30082609071240396 8.040666556879847e-05
17 42 5776.731370397365 32.410525047009585 0.30082609071240396 8.040666556879847e-05
17 43 5776.731370397365 32.410525047009585 0.30082609071240396 8.040666556879847e-05
17 44 5776.731370397365 32.410525047009585 0.30082609071240396 8.040666556879847e-05
17 45 5776.731370397365 32.410525047009585 0.30082609071240396 8.040666556879847e-05
17 46 5711.7433703143615 33.95939637210975 0.009539448844669198 -5.972266676399819e-08
17 47 5711.7433703143615 33.95939637210975 0.009539448844669198 -5.972266676399819e-08
17 48 5711.7433703143615 33.95939637210975 0.009539448844669198 -5.972266676399819e-08
17 49 5711.7433703143615 33.95939637210975 0.009539448844669198 -5.972266676399819e-08
17 50 5711.7433703143615 33.95939637210975 0.009539448844669198 -5.972266676399819e-08
17 51 5711.7433703143615 33.95939637210975 0.009539448844669198 -5.972266676399819e-08
17 52 5711.7433703143615 33.95939637210975 0.009539448844669198 -5.972266676399819e-08
17 53 5711.7433703143615 33.95939637210975 0.009539448844669198 -5.972266676399819e-08
17 54 5794.756345894339 33.165935139800894 0.31608933192809785 0.00012284517524473377
17 55 5794.756345894339 33.165935139800894 0.31608933192809785 0.00012284517524473377
18 0 3031.035318592349 36.64730569436263 0.3523094532951335 8.577108349305096e-05
18 1 3031.035318592349 36.64730569436263 0.3523094532951335 8.577108349305096e-05
18 2 3039.1340315917346 35.593710057553906 0.18331126111061208 0.000152647494899628
18 3 3039.1340315917346 35.593710057553906 0.18331126111061208 0.000152647494899628
18 4 3039.1340315917346 35.593710057553906 0.18331126111061208 0.000152647494899628
18 5 3039.1340315917346 35.593710057553906 0.18331126111061208 0.000152647494899628
18 6 3039.1340315917346 35.593710057553906 0.18331126111061208 0.000152647494899628
18 7 3039.1340315917346 35.593710057553906 0.18331126111061208 0.000152647494899628
18 8 2862.278969439707 36.814876606293396 0.7395127145123569 0.00016421079647649606
18 9 2862.278969439707 36.814876606293396 0.7395127145123569 0.00016421079647649606
18 10 2862.278969439707 36.814876606293396 0.7395127145123569 0.00016421079647649606
18 11 2862.278969439707 36.814876606293396 0.7395127145123569 0.00016421079647649606
18 12 2862.278969439707 36.814876606293396 0.7395127145123569 0.00016421079647649606
18 13 2862.278969439707 36.814876606293396 0.7395127145123569 0.00016421079647649606
18 14 2853.36162778465 38.457363802029974 0.9340182366221113 0.0001387000086842371
18 15 2853.36162778465 38.457363802029974 0.9340182366221113 0.0001387000086842371
18 16 2853.36162778465 38.457363802029974 0.9340182366221113 0.0001387000086842371
18 17 2853.36162778465 38.457363802029974 0.9340182366221113 0.0001387000086842371
18 18 2853.36162778465 38.457363802029974 0.9340182366221113 0.0001387000086842371
18 19 2859.601043776413 37.35208812292595 0.7757819156754144 0.00019234418859787316
18 20 2859.601043776413 37.35208812292595 0.7757819156754144 0.00019234418859787316
18 21 2859.601043776413 37.35208812292595 0.7757819156754144 0.00019234418859787316
18 22 2859.601043776413 37.35208812292595 0.7757819156754144 0.00019234418859787316
18 23 2859.601043776413 37.35208812292595 0.7757819156754144 0.00019234418859787316
18 24 2859.601043776413 37.35208812292595 0.7757819156754144 0.00019234418859787316
18 25 2925.829498268149 33.41452851627143 -0.12756002402364697 1.0430752905278552e-05
18 26 2925.829498268149 33.41452851627143 -0.12756002402364697 1.0430752905278552e-05
18 27 2925.829498268149 33.41452851627143 -0.12756002402364697 1.0430752905278552e-05
18 28 2925.829498268149 33.41452851627143 -0.12756002402364697 1.0430752905278552e-05
18 29 2925.829498268149 33.41452851627143 -0.12756002402364697 1.0430752905278552e-05
18 30 3400.487827751126 31.336744943423483 0.053531254887727586 6.061792316232892e-05
18 31 3400.487827751126 31.336744943423483 0.053531254887727586 6.061792316232892e-05
18 32 3400.487827751126 31.336744943423483 0.053531254887727586 6.061792316232892e-05
18 33 3400.487827751126 31.336744943423483 0.053531254887727586 6.061792316232892e-05
18 34 2882.12341497319 35.12397271222361 0.4584364585545456 -4.2229887678245286e-05
18 35 2882.12341497319 35.12397271222361 0.4584364585545456 -4.2229887678245286e-05
18 36 2882.12341497319 35.12397271222361 0.4584364585545456 -4.2229887678245286e-05
18 37 2882.12341497319 35.12397271222361 0.4584364585545456 -4.2229887678245286e-05
18 38 2882.12341497319 35.12397271222361 0.4584364585545456 -4.2229887678245286e-05
18 39 2882.12341497319 35.12397271222361 0.4584364585545456 -4.2229887678245286e-05
18 40 2880.036799193902 35.12424730618894 0.437343071525432 0.00015627263292340859
18 41 2880.036799193902 35.12424730618894 0.437343071525432 0.00015627263292340859
18 42 2880.036799193902 35.12424730618894 0.437343071525432 0.00015627263292340859
18 43 2880.036799193902 35.12424730618894 0.437343071525432 0.00015627263292340859
18 44 2880.036799193902 35.12424730618894 0.437343071525432 0.00015627263292340859
18 45 2880.036799193902 35.12424730618894 0.437343071525432 0.00015627263292340859
18 46 2912.810905086794 32.75770571436024 -0.179171131296037 0.00023943189932296171
18 47 2912.810905086794 32.75770571436024 -0.179171131296037 0.00023943189932296171
18 48 2912.810905086794 32.75770571436024 -0.179171131296037 0.00023943189932296171
18 49 2912.810905086794 32.75770571436024 -0.179171131296037 0.00023943189932296171
18 50 2912.810905086794 32.75770571436024 -0.179171131296037 0.00023943189932296171
18 51 2912.810905086794 32.75770571436024 -0.179171131296037 0.00023943189932296171
18 52 2912.810905086794 32.75770571436024 -0.179171131296037 0.00023943189932296171
18 53 2912.810905086794 32.75770571436024 -0.179171131296037 0.00023943189932296171
18 54 3107.55112697242 36.56491947617023 0.5739323267528809 6.014108687214033e-05
18 55 3107.55112697242 36.56491947617023 0.5739323267528809 6.014108687214033e-05
19 0 5752.286977504766 31.53486946022634 0.3308652893143331 -9.328126999469978e-06
19 1 5752.286977504766 31.53486946022634 0.3308652893143331 -9.328126999469978e-06
19 2 5777.6778681212245 28.51564812771677 -0.2807024166622975 0.00012248751336719327
19 3 5777.6778681212245 28.51564812771677 -0.2807024166622975 0.00012248751336719327
19 4 5777.6778681212245 28.51564812771677 -0.2807024166622975 0.00012248751336719327
19 5 5777.6778681212245 28.51564812771677 -0.2807024166622975 0.00012248751336719327
19 6 5777.6778681212245 28.51564812771677 -0.2807024166622975 0.00012248751336719327
19 7 5777.6778681212245 28.51564812771677 -0.2807024166622975 0.00012248751336719327
19 8 5861.579953878318 28.676573336028447 0.06402215703221219 1.2516929451977497e-06
19 9 5861.579953878318 28.676573336028447 0.06402215703221219 1.2516929451977497e-06
19 10 5861.579953878318 28.676573336028447 0.06402215703221219 1.2516929451977497e-06
19 11 5861.579953878318 28.676573336028447 0.06402215703221219 1.2516929451977497e-06
19 12 5861.579953878318 28.676573336028447 0.06402215703221219 1.2516929451977497e-06
19 13 5861.579953878318 28.676573336028447 0.06402215703221219 1.2516929451977497e-06
19 14 6072.702248324493 30.15142115987028 0.3603317586459177 0.00013500452047763542
19 15 6072.702248324493 30.15142115987028 0.3603317586459177 0.00013500452047763542
19 16 6072.702248324493 30.15142115987028 0.3603317586459177 0.00013500452047763542
19 17 6072.702248324493 30.15142115987028 0.3603317586459177 0.00013500452047763542
19 18 6072.702248324493 30.15142115987028 0.3603317586459177 0.00013500452047763542
19 19 6105.102836201892 29.969567801283485 0.38938202916623604 8.565187452056772e-05
19 20 6105.102836201892 29.969567801283485 0.38938202916623604 8.565187452056772e-05
19 21 6105.102836201892 29.969567801283485 0.38938202916623604 8.565187452056772e-05
19 22 6105.102836201892 29.969567801283485 0.38938202916623604 8.565187452056772e-05
19 23 6105.102836201892 29.969567801283485 0.38938202916623604 8.565187452056772e-05
19 24 6105.102836201892 29.969567801283485 0.38938202916623604 8.565187452056772e-05
19 25 6138.5848736187645 29.242058894742012 0.2537701078710282 0.00010591745385660393
19 26 6138.5848736187645 29.242058894742012 0.2537701078710282 0.00010591745385660393
19 27 6138.5848736187645 29.242058894742012 0.2537701078710282 0.00010591745385660393
19 28 6138.5848736187645 29.242058894742012 0.2537701078710282 0.00010591745385660393
19 29 6138.5848736187645 29.242058894742012 0.2537701078710282 0.00010591745385660393
19 30 5740.017051262527 35.93962604851434 1.4176498260540606 8.124110905510318e-05
19 31 5740.017051262527 35.93962604851434 1.4176498260540606 8.124110905510318e-05
19 32 5740.017051262527 35.93962604851434 1.4176498260540606 8.124110905510318e-05
19 33 5740.017051262527 35.93962604851434 1.4176498260540606 8.124110905510318e-05
19 34 6180.227917704429 29.34034021098968 0.43452933958842294 -4.02338476544633e-06
19 35 6180.227917704429 29.34034021098968 0.43452933958842294 -4.02338476544633e-06
19 36 6180.227917704429 29.34034021098968 0.43452933958842294 -4.02338476544633e-06
19 37 6180.227917704429 29.34034021098968 0.43452933958842294 -4.02338476544633e-06
19 38 6180.227917704429 29.34034021098968 0.43452933958842294 -4.02338476544633e-06
19 39 6180.227917704429 29.34034021098968 0.43452933958842294 -4.02338476544633e-06
19 40 6102.222587612518 29.891268083721762 0.2871991844632331 0.0001117587087130632
19 41 6102.222587612518 29.891268083721762 0.2871991844632331 0.0001117587087130632
19 42 6102.222587612518 29.891268083721762 0.2871991844632331 0.0001117587087130632
19 43 6102.222587612518 29.891268083721762 0.2871991844632331 0.0001117587087130632
19 44 6102.222587612518 29.891268083721762 0.2871991844632331 0.0001117587087130632
19 45 6102.222587612518 29.891268083721762 0.2871991844632331 0.0001117587087130632
19 46 5702.844277549906 29.998158189975946 0.3000724033095169 0.0002138018583878749
19 47 5702.844277549906 29.998158189975946 0.3000724033095169 0.0002138018583878749
19 48 5702.844277549906 29.998158189975946 0.3000724033095169 0.0002138018583878749
19 49 5702.844277549906 29.998158189975946 0.3000724033095169 0.0002138018583878749
19 50 5702.844277549906 29.998158189975946 0.3000724033095169 0.0002138018583878749
19 51 5702.844277549906 29.998158189975946 0.3000724033095169 0.0002138018583878749
19 52 5702.844277549906 29.998158189975946 0.3000724033095169 0.0002138018583878749
19 53 5702.844277549906 29.998158189975946 0.3000724033095169 0.0002138018583878749
19 54 6084.2174765368445 29.333141177124 0.30389873026565095 0.00010722875579214729
19 55 6084.2174765368445 29.333141177124 0.30389873026565095 0.00010722875579214729
