order obs chisq vsini limbdark rv
0 0 24316.71636578728 48.632474465137356 0.13994277794822096 0.00014072656687533414
0 1 24316.71636578728 48.632474465137356 0.13994277794822096 0.00014072656687533414
0 2 31056.360736067545 19.221212200284157 0.4095875005716647 0.00011104345279276726
0 3 31056.360736067545 19.221212200284157 0.4095875005716647 0.00011104345279276726
0 4 31056.360736067545 19.221212200284157 0.4095875005716647 0.00011104345279276726
0 5 31056.360736067545 19.221212200284157 0.4095875005716647 0.00011104345279276726
0 6 31056.360736067545 19.221212200284157 0.4095875005716647 0.00011104345279276726
0 7 31056.360736067545 19.221212200284157 0.4095875005716647 0.00011104345279276726
0 8 28214.821079229114 32.468857011960495 0.17914892625670467 0.00013917684554096393
0 9 28214.821079229114 32.468857011960495 0.17914892625670467 0.00013917684554096393
0 10 28214.821079229114 32.468857011960495 0.17914892625670467 0.00013917684554096393
0 11 28214.821079229114 32.468857011960495 0.17914892625670467 0.00013917684554096393
0 12 28214.821079229114 32.468857011960495 0.17914892625670467 0.00013917684554096393
0 13 28214.821079229114 32.468857011960495 0.17914892625670467 0.00013917684554096393
0 14 24293.2548090803 49.54189245120847 0.4676392975236272 0.00010878685232583124
0 15 24293.2548090803 49.54189245120847 0.4676392975236272 0.00010878685232583124
0 16 24293.2548090803 49.54189245120847 0.4676392975236272 0.00010878685232583124
0 17 24293.2548090803 49.54189245120847 0.4676392975236272 0.00010878685232583124
0 18 24293.2548090803 49.54189245120847 0.4676392975236272 0.00010878685232583124
0 19 25179.69551488189 44.27420557259191 0.1530575016812708 7.849931719810583e-05
0 20 25179.69551488189 44.27420557259191 0.1530575016812708 7.849931719810583e-05
0 21 25179.69551488189 44.27420557259191 0.1530575016812708 7.849931719810583e-05
0 22 25179.69551488189 44.27420557259191 0.1530575016812708 7.849931719810583e-05
0 23 25179.69551488189 44.27420557259191 0.1530575016812708 7.849931719810583e-05
0 24 25179.69551488189 44.27420557259191 0.1530575016812708 7.849931719810583e-05
0 25 26991.3238411652 38.988367600655266 0.27280029329566857 0.00010722875595336903
0 26 26991.3238411652 38.988367600655266 0.27280029329566857 0.00010722875595336903
0 27 26991.3238411652 38.988367600655266 0.27280029329566857 0.00010722875595336903
0 28 26991.3238411652 38.988367600655266 0.27280029329566857 0.00010722875595336903
0 29 26991.3238411652 38.988367600655266 0.27280029329566857 0.00010722875595336903
0 30 24945.387557717047 44.48961642286952 0.07665641359872188 0.00011140108160625416
0 31 24945.387557717047 44.48961642286952 0.07665641359872188 0.00011140108160625416
0 32 24945.387557717047 44.48961642286952 0.07665641359872188 0.00011140108160625416
0 33 24945.387557717047 44.48961642286952 0.07665641359872188 0.00011140108160625416
0 34 24250.006383716805 42.37095010042822 -0.6850181831379609 8.721708800616765e-05
0 35 24250.006383716805 42.37095010042822 -0.6850181831379609 8.721708800616765e-05
0 36 24250.006383716805 42.37095010042822 -0.6850181831379609 8.721708800616765e-05
0 37 24250.006383716805 42.37095010042822 -0.6850181831379609 8.721708800616765e-05
0 38 24250.006383716805 42.37095010042822 -0.6850181831379609 8.721708800616765e-05
0 39 24250.006383716805 42.37095010042822 -0.6850181831379609 8.721708800616765e-05
0 40 24937.807300434186 52.63897023523113 1.0455916826196447 9.033487869085504e-05
0 41 24937.807300434186 52.63897023523113 1.0455916826196447 9.033487869085504e-05
0 42 24937.807300434186 52.63897023523113 1.0455916826196447 9.033487869085504e-05
0 43 24937.807300434186 52.63897023523113 1.0455916826196447 9.033487869085504e-05
0 44 24937.807300434186 52.63897023523113 1.0455916826196447 9.033487869085504e-05
0 45 24937.807300434186 52.63897023523113 1.0455916826196447 9.033487869085504e-05
0 46 30090.82312380067 23.788443736170642 0.38433563042505964 9.20891761783339e-05
0 47 30090.82312380067 23.788443736170642 0.38433563042505964 9.20891761783339e-05
0 48 30090.82312380067 23.788443736170642 0.38433563042505964 9.20891761783339e-05
0 49 30090.82312380067 23.788443736170642 0.38433563042505964 9.20891761783339e-05
0 50 30090.82312380067 23.788443736170642 0.38433563042505964 9.20891761783339e-05
0 51 30090.82312380067 23.788443736170642 0.38433563042505964 9.20891761783339e-05
0 52 30090.82312380067 23.788443736170642 0.38433563042505964 9.20891761783339e-05
0 53 30090.82312380067 23.788443736170642 0.38433563042505964 9.20891761783339e-05
0 54 29111.474956381204 25.386946768312555 0.3722851748510285 9.87648963913287e-05
0 55 29111.474956381204 25.386946768312555 0.3722851748510285 9.87648963913287e-05
1 0 2607.2937045988006 35.73771499514915 0.7909982944787617 6.139278423215428e-06
1 1 2607.2937045988006 35.73771499514915 0.7909982944787617 6.139278423215428e-06
1 2 2917.6993696207405 33.04343337457598 0.2764049927438903 8.994340895317185e-05
1 3 2917.6993696207405 33.04343337457598 0.2764049927438903 8.994340895317185e-05
1 4 2917.6993696207405 33.04343337457598 0.2764049927438903 8.994340895317185e-05
1 5 2917.6993696207405 33.04343337457598 0.2764049927438903 8.994340895317185e-05
1 6 2917.6993696207405 33.04343337457598 0.2764049927438903 8.994340895317185e-05
1 7 2917.6993696207405 33.04343337457598 0.2764049927438903 8.994340895317185e-05
1 8 2818.6458647558866 31.270363350656794 0.8575371060103423 2.3616288356333073e-05
1 9 2818.6458647558866 31.270363350656794 0.8575371060103423 2.3616288356333073e-05
1 10 2818.6458647558866 31.270363350656794 0.8575371060103423 2.3616288356333073e-05
1 11 2818.6458647558866 31.270363350656794 0.8575371060103423 2.3616288356333073e-05
1 12 2818.6458647558866 31.270363350656794 0.8575371060103423 2.3616288356333073e-05
1 13 2818.6458647558866 31.270363350656794 0.8575371060103423 2.3616288356333073e-05
1 14 2650.730833046612 30.578400804783286 -0.19568994056156275 0.0003625751787962408
1 15 2650.730833046612 30.578400804783286 -0.19568994056156275 0.0003625751787962408
1 16 2650.730833046612 30.578400804783286 -0.19568994056156275 0.0003625751787962408
1 17 2650.730833046612 30.578400804783286 -0.19568994056156275 0.0003625751787962408
1 18 2650.730833046612 30.578400804783286 -0.19568994056156275 0.0003625751787962408
1 19 3666.888151956615 29.3963561472319 0.41993411099585276 7.122755072486445e-05
1 20 3666.888151956615 29.3963561472319 0.41993411099585276 7.122755072486445e-05
1 21 3666.888151956615 29.3963561472319 0.41993411099585276 7.122755072486445e-05
1 22 3666.888151956615 29.3963561472319 0.41993411099585276 7.122755072486445e-05
1 23 3666.888151956615 29.3963561472319 0.41993411099585276 7.122755072486445e-05
1 24 3666.888151956615 29.3963561472319 0.41993411099585276 7.122755072486445e-05
1 25 2789.397701887465 35.41899437468474 0.49482048065552164 3.474950790316473e-05
1 26 2789.397701887465 35.41899437468474 0.49482048065552164 3.474950790316473e-05
1 27 2789.397701887465 35.41899437468474 0.49482048065552164 3.474950790316473e-05
1 28 2789.397701887465 35.41899437468474 0.49482048065552164 3.474950790316473e-05
1 29 2789.397701887465 35.41899437468474 0.49482048065552164 3.474950790316473e-05
1 30 2895.4868797928375 33.100190301037884 0.17223979497621394 7.587671276306702e-05
1 31 2895.4868797928375 33.100190301037884 0.17223979497621394 7.587671276306702e-05
1 32 2895.4868797928375 33.100190301037884 0.17223979497621394 7.587671276306702e-05
1 33 2895.4868797928375 33.100190301037884 0.17223979497621394 7.587671276306702e-05
1 34 2565.5813731007474 38.59279836003255 1.3433854869397266 -2.054294316102231e-06
1 35 2565.5813731007474 38.59279836003255 1.3433854869397266 -2.054294316102231e-06
1 36 2565.5813731007474 38.59279836003255 1.3433854869397266 -2.054294316102231e-06
1 37 2565.5813731007474 38.59279836003255 1.3433854869397266 -2.054294316102231e-06
1 38 2565.5813731007474 38.59279836003255 1.3433854869397266 -2.054294316102231e-06
1 39 2565.5813731007474 38.59279836003255 1.3433854869397266 -2.054294316102231e-06
1 40 3443.85005130528 29.516742022674705 0.24436322295984947 8.112381715978345e-05
1 41 3443.85005130528 29.516742022674705 0.24436322295984947 8.112381715978345e-05
1 42 3443.85005130528 29.516742022674705 0.24436322295984947 8.112381715978345e-05
1 43 3443.85005130528 29.516742022674705 0.24436322295984947 8.112381715978345e-05
1 44 3443.85005130528 29.516742022674705 0.24436322295984947 8.112381715978345e-05
1 45 3443.85005130528 29.516742022674705 0.24436322295984947 8.112381715978345e-05
1 46 3205.7127715266047 32.04582078033819 0.0634310195376534 5.584955208843466e-05
1 47 3205.7127715266047 32.04582078033819 0.0634310195376534 5.584955208843466e-05
1 48 3205.7127715266047 32.04582078033819 0.0634310195376534 5.584955208843466e-05
1 49 3205.7127715266047 32.04582078033819 0.0634310195376534 5.584955208843466e-05
1 50 3205.7127715266047 32.04582078033819 0.0634310195376534 5.584955208843466e-05
1 51 3205.7127715266047 32.04582078033819 0.0634310195376534 5.584955208843466e-05
1 52 3205.7127715266047 32.04582078033819 0.0634310195376534 5.584955208843466e-05
1 53 3205.7127715266047 32.04582078033819 0.0634310195376534 5.584955208843466e-05
1 54 3459.9194216382366 29.61399121340338 0.11799352903720448 7.694959480080858e-05
1 55 3459.9194216382366 29.61399121340338 0.11799352903720448 7.694959480080858e-05
2 0 1811.7806117330488 31.65292408902643 0.3390590627011937 7.134676013454556e-05
2 1 1811.7806117330488 31.65292408902643 0.3390590627011937 7.134676013454556e-05
2 2 1789.602486887138 32.376451390070045 0.47204388637521744 9.79304310689192e-05
2 3 1789.602486887138 32.376451390070045 0.47204388637521744 9.79304310689192e-05
2 4 1789.602486887138 32.376451390070045 0.47204388637521744 9.79304310689192e-05
2 5 1789.602486887138 32.376451390070045 0.47204388637521744 9.79304310689192e-05
2 6 1789.602486887138 32.376451390070045 0.47204388637521744 9.79304310689192e-05
2 7 1789.602486887138 32.376451390070045 0.47204388637521744 9.79304310689192e-05
2 8 1840.4593922232295 31.661833959622044 0.38690086883754615 5.9068199249232074e-05
2 9 1840.4593922232295 31.661833959622044 0.38690086883754615 5.9068199249232074e-05
2 10 1840.4593922232295 31.661833959622044 0.38690086883754615 5.9068199249232074e-05
2 11 1840.4593922232295 31.661833959622044 0.38690086883754615 5.9068199249232074e-05
2 12 1840.4593922232295 31.661833959622044 0.38690086883754615 5.9068199249232074e-05
2 13 1840.4593922232295 31.661833959622044 0.38690086883754615 5.9068199249232074e-05
2 14 1779.8676079083316 33.27951232266575 0.643610311215161 8.875131606809266e-05
2 15 1779.8676079083316 33.27951232266575 0.643610311215161 8.875131606809266e-05
2 16 1779.8676079083316 33.27951232266575 0.643610311215161 8.875131606809266e-05
2 17 1779.8676079083316 33.27951232266575 0.643610311215161 8.875131606809266e-05
2 18 1779.8676079083316 33.27951232266575 0.643610311215161 8.875131606809266e-05
2 19 1810.9753912195256 33.226296560345666 0.6163221761737459 7.194280662454945e-05
2 20 1810.9753912195256 33.226296560345666 0.6163221761737459 7.194280662454945e-05
2 21 1810.9753912195256 33.226296560345666 0.6163221761737459 7.194280662454945e-05
2 22 1810.9753912195256 33.226296560345666 0.6163221761737459 7.194280662454945e-05
2 23 1810.9753912195256 33.226296560345666 0.6163221761737459 7.194280662454945e-05
2 24 1810.9753912195256 33.226296560345666 0.6163221761737459 7.194280662454945e-05
2 25 1822.3723409501958 33.15631520808295 0.5888081415853271 6.335973523185736e-05
2 26 1822.3723409501958 33.15631520808295 0.5888081415853271 6.335973523185736e-05
2 27 1822.3723409501958 33.15631520808295 0.5888081415853271 6.335973523185736e-05
2 28 1822.3723409501958 33.15631520808295 0.5888081415853271 6.335973523185736e-05
2 29 1822.3723409501958 33.15631520808295 0.5888081415853271 6.335973523185736e-05
2 30 1835.5338310322065 31.689100133165795 0.346086296019321 5.84721570996489e-05
2 31 1835.5338310322065 31.689100133165795 0.346086296019321 5.84721570996489e-05
2 32 1835.5338310322065 31.689100133165795 0.346086296019321 5.84721570996489e-05
2 33 1835.5338310322065 31.689100133165795 0.346086296019321 5.84721570996489e-05
2 34 1827.8243827328888 30.747008651766706 0.4558318455705426 7.623434075904171e-05
2 35 1827.8243827328888 30.747008651766706 0.4558318455705426 7.623434075904171e-05
2 36 1827.8243827328888 30.747008651766706 0.4558318455705426 7.623434075904171e-05
2 37 1827.8243827328888 30.747008651766706 0.4558318455705426 7.623434075904171e-05
2 38 1827.8243827328888 30.747008651766706 0.4558318455705426 7.623434075904171e-05
2 39 1827.8243827328888 30.747008651766706 0.4558318455705426 7.623434075904171e-05
2 40 1849.4895510255656 30.60546134094521 0.41153351063211685 4.5478344525350266e-05
2 41 1849.4895510255656 30.60546134094521 0.41153351063211685 4.5478344525350266e-05
2 42 1849.4895510255656 30.60546134094521 0.41153351063211685 4.5478344525350266e-05
2 43 1849.4895510255656 30.60546134094521 0.41153351063211685 4.5478344525350266e-05
2 44 1849.4895510255656 30.60546134094521 0.41153351063211685 4.5478344525350266e-05
2 45 1849.4895510255656 30.60546134094521 0.41153351063211685 4.5478344525350266e-05
2 46 1781.409211773865 32.435103009182434 0.5968194852266737 0.00011211633673560522
2 47 1781.409211773865 32.435103009182434 0.5968194852266737 0.00011211633673560522
2 48 1781.409211773865 32.435103009182434 0.5968194852266737 0.00011211633673560522
2 49 1781.409211773865 32.435103009182434 0.5968194852266737 0.00011211633673560522
2 50 1781.409211773865 32.435103009182434 0.5968194852266737 0.00011211633673560522
2 51 1781.409211773865 32.435103009182434 0.5968194852266737 0.00011211633673560522
2 52 1781.409211773865 32.435103009182434 0.5968194852266737 0.00011211633673560522
2 53 1781.409211773865 32.435103009182434 0.5968194852266737 0.00011211633673560522
2 54 1851.1301357625368 30.63705554902084 0.22968723834338484 0.000131309032370195
2 55 1851.1301357625368 30.63705554902084 0.22968723834338484 0.000131309032370195
3 0 804.543029923499 28.134455112139925 0.2637986152147718 0.00011080503465393825
3 1 804.543029923499 28.134455112139925 0.2637986152147718 0.00011080503465393825
3 2 798.9537061847197 27.965596996701105 0.26757110395663664 0.00011187791824354453
3 3 798.9537061847197 27.965596996701105 0.26757110395663664 0.00011187791824354453
3 4 798.9537061847197 27.965596996701105 0.26757110395663664 0.00011187791824354453
3 5 798.9537061847197 27.965596996701105 0.26757110395663664 0.00011187791824354453
3 6 798.9537061847197 27.965596996701105 0.26757110395663664 0.00011187791824354453
3 7 798.9537061847197 27.965596996701105 0.26757110395663664 0.00011187791824354453
3 8 798.0675612373695 27.97708243325695 0.24587362284655606 0.00012177228931270433
3 9 798.0675612373695 27.97708243325695 0.24587362284655606 0.00012177228931270433
3 10 798.0675612373695 27.97708243325695 0.24587362284655606 0.00012177228931270433
3 11 798.0675612373695 27.97708243325695 0.24587362284655606 0.00012177228931270433
3 12 798.0675612373695 27.97708243325695 0.24587362284655606 0.00012177228931270433
3 13 798.0675612373695 27.97708243325695 0.24587362284655606 0.00012177228931270433
3 14 796.3906941083378 27.908051978037783 0.30736143907516467 0.00010365247741930956
3 15 796.3906941083378 27.908051978037783 0.30736143907516467 0.00010365247741930956
3 16 796.3906941083378 27.908051978037783 0.30736143907516467 0.00010365247741930956
3 17 796.3906941083378 27.908051978037783 0.30736143907516467 0.00010365247741930956
3 18 796.3906941083378 27.908051978037783 0.30736143907516467 0.00010365247741930956
3 19 793.4891921456428 28.415466292327068 0.4060646289388404 0.00010799975543795552
3 20 793.4891921456428 28.415466292327068 0.4060646289388404 0.00010799975543795552
3 21 793.4891921456428 28.415466292327068 0.4060646289388404 0.00010799975543795552
3 22 793.4891921456428 28.415466292327068 0.4060646289388404 0.00010799975543795552
3 23 793.4891921456428 28.415466292327068 0.4060646289388404 0.00010799975543795552
3 24 793.4891921456428 28.415466292327068 0.4060646289388404 0.00010799975543795552
3 25 799.4685787403732 27.56935375010297 0.10823926227451602 7.429964447945556e-05
3 26 799.4685787403732 27.56935375010297 0.10823926227451602 7.429964447945556e-05
3 27 799.4685787403732 27.56935375010297 0.10823926227451602 7.429964447945556e-05
3 28 799.4685787403732 27.56935375010297 0.10823926227451602 7.429964447945556e-05
3 29 799.4685787403732 27.56935375010297 0.10823926227451602 7.429964447945556e-05
3 30 796.2409391216713 28.54389578865751 0.39545398894258854 8.409348201656922e-05
3 31 796.2409391216713 28.54389578865751 0.39545398894258854 8.409348201656922e-05
3 32 796.2409391216713 28.54389578865751 0.39545398894258854 8.409348201656922e-05
3 33 796.2409391216713 28.54389578865751 0.39545398894258854 8.409348201656922e-05
3 34 803.3409746687237 28.150046228302507 0.3645636304894506 0.00010103053813735991
3 35 803.3409746687237 28.150046228302507 0.3645636304894506 0.00010103053813735991
3 36 803.3409746687237 28.150046228302507 0.3645636304894506 0.00010103053813735991
3 37 803.3409746687237 28.150046228302507 0.3645636304894506 0.00010103053813735991
3 38 803.3409746687237 28.150046228302507 0.3645636304894506 0.00010103053813735991
3 39 803.3409746687237 28.150046228302507 0.3645636304894506 0.00010103053813735991
3 40 797.8976002211436 28.456422017067165 0.4040747272685033 7.611513394800106e-05
3 41 797.8976002211436 28.456422017067165 0.4040747272685033 7.611513394800106e-05
3 42 797.8976002211436 28.456422017067165 0.4040747272685033 7.611513394800106e-05
3 43 797.8976002211436 28.456422017067165 0.4040747272685033 7.611513394800106e-05
3 44 797.8976002211436 28.456422017067165 0.4040747272685033 7.611513394800106e-05
3 45 797.8976002211436 28.456422017067165 0.4040747272685033 7.611513394800106e-05
3 46 796.131230421567 28.38197383717312 0.3677490415358755 8.279084278837895e-05
3 47 796.131230421567 28.38197383717312 0.3677490415358755 8.279084278837895e-05
3 48 796.131230421567 28.38197383717312 0.3677490415358755 8.279084278837895e-05
3 49 796.131230421567 28.38197383717312 0.3677490415358755 8.279084278837895e-05
3 50 796.131230421567 28.38197383717312 0.3677490415358755 8.279084278837895e-05
3 51 796.131230421567 28.38197383717312 0.3677490415358755 8.279084278837895e-05
3 52 796.131230421567 28.38197383717312 0.3677490415358755 8.279084278837895e-05
3 53 796.131230421567 28.38197383717312 0.3677490415358755 8.279084278837895e-05
3 54 799.7035660680101 28.47860793010981 0.3866915115345136 7.182359707189767e-05
3 55 799.7035660680101 28.47860793010981 0.3866915115345136 7.182359707189767e-05
4 0 576.1262248697037 24.3500849278417 0.20787107206781813 8.946657143197101e-05
4 1 576.1262248697037 24.3500849278417 0.20787107206781813 8.946657143197101e-05
4 2 599.0049752770628 25.583032154538785 0.23974185790548397 9.769201280014739e-05
4 3 599.0049752770628 25.583032154538785 0.23974185790548397 9.769201280014739e-05
4 4 599.0049752770628 25.583032154538785 0.23974185790548397 9.769201280014739e-05
4 5 599.0049752770628 25.583032154538785 0.23974185790548397 9.769201280014739e-05
4 6 599.0049752770628 25.583032154538785 0.23974185790548397 9.769201280014739e-05
4 7 599.0049752770628 25.583032154538785 0.23974185790548397 9.769201280014739e-05
4 8 591.514558791629 25.27414029655114 0.25216624013686806 9.959936145001768e-05
4 9 591.514558791629 25.27414029655114 0.25216624013686806 9.959936145001768e-05
4 10 591.514558791629 25.27414029655114 0.25216624013686806 9.959936145001768e-05
4 11 591.514558791629 25.27414029655114 0.25216624013686806 9.959936145001768e-05
4 12 591.514558791629 25.27414029655114 0.25216624013686806 9.959936145001768e-05
4 13 591.514558791629 25.27414029655114 0.25216624013686806 9.959936145001768e-05
4 14 575.4723542359243 25.071750185154666 0.45083298620781564 9.355787371746979e-05
4 15 575.4723542359243 25.071750185154666 0.45083298620781564 9.355787371746979e-05
4 16 575.4723542359243 25.071750185154666 0.45083298620781564 9.355787371746979e-05
4 17 575.4723542359243 25.071750185154666 0.45083298620781564 9.355787371746979e-05
4 18 575.4723542359243 25.071750185154666 0.45083298620781564 9.355787371746979e-05
4 19 581.7440703246522 24.68525292516871 0.3354888731020536 0.00011664628964400501
4 20 581.7440703246522 24.68525292516871 0.3354888731020536 0.00011664628964400501
4 21 581.7440703246522 24.68525292516871 0.3354888731020536 0.00011664628964400501
4 22 581.7440703246522 24.68525292516871 0.3354888731020536 0.00011664628964400501
4 23 581.7440703246522 24.68525292516871 0.3354888731020536 0.00011664628964400501
4 24 581.7440703246522 24.68525292516871 0.3354888731020536 0.00011664628964400501
4 25 583.7523938274562 24.67188433859159 0.3165537509141175 0.00011516156187424841
4 26 583.7523938274562 24.67188433859159 0.3165537509141175 0.00011516156187424841
4 27 583.7523938274562 24.67188433859159 0.3165537509141175 0.00011516156187424841
4 28 583.7523938274562 24.67188433859159 0.3165537509141175 0.00011516156187424841
4 29 583.7523938274562 24.67188433859159 0.3165537509141175 0.00011516156187424841
4 30 604.9395073879401 25.179171522595897 0.2725859497296078 9.3638897715644e-05
4 31 604.9395073879401 25.179171522595897 0.2725859497296078 9.3638897715644e-05
4 32 604.9395073879401 25.179171522595897 0.2725859497296078 9.3638897715644e-05
4 33 604.9395073879401 25.179171522595897 0.2725859497296078 9.3638897715644e-05
4 34 616.8086009177889 24.680334815368212 0.2992758283862943 9.59038706194353e-05
4 35 616.8086009177889 24.680334815368212 0.2992758283862943 9.59038706194353e-05
4 36 616.8086009177889 24.680334815368212 0.2992758283862943 9.59038706194353e-05
4 37 616.8086009177889 24.680334815368212 0.2992758283862943 9.59038706194353e-05
4 38 616.8086009177889 24.680334815368212 0.2992758283862943 9.59038706194353e-05
4 39 616.8086009177889 24.680334815368212 0.2992758283862943 9.59038706194353e-05
4 40 607.441549934208 25.530428390025374 0.39798602982026765 8.863210663172584e-05
4 41 607.441549934208 25.530428390025374 0.39798602982026765 8.863210663172584e-05
4 42 607.441549934208 25.530428390025374 0.39798602982026765 8.863210663172584e-05
4 43 607.441549934208 25.530428390025374 0.39798602982026765 8.863210663172584e-05
4 44 607.441549934208 25.530428390025374 0.39798602982026765 8.863210663172584e-05
4 45 607.441549934208 25.530428390025374 0.39798602982026765 8.863210663172584e-05
4 46 585.8606013093482 24.934120566305538 0.43295482758647585 9.226889102068199e-05
4 47 585.8606013093482 24.934120566305538 0.43295482758647585 9.226889102068199e-05
4 48 585.8606013093482 24.934120566305538 0.43295482758647585 9.226889102068199e-05
4 49 585.8606013093482 24.934120566305538 0.43295482758647585 9.226889102068199e-05
4 50 585.8606013093482 24.934120566305538 0.43295482758647585 9.226889102068199e-05
4 51 585.8606013093482 24.934120566305538 0.43295482758647585 9.226889102068199e-05
4 52 585.8606013093482 24.934120566305538 0.43295482758647585 9.226889102068199e-05
4 53 585.8606013093482 24.934120566305538 0.43295482758647585 9.226889102068199e-05
4 54 586.2174886370782 24.946409398604835 0.3283166933689079 8.841089702774865e-05
4 55 586.2174886370782 24.946409398604835 0.3283166933689079 8.841089702774865e-05
5 0 660.0719405956684 20.916615845533762 0.31962442428451643 9.310077993495843e-05
5 1 660.0719405956684 20.916615845533762 0.31962442428451643 9.310077993495843e-05
5 2 659.6935208365285 20.744150698751724 0.30502273281641945 9.816859917752137e-05
5 3 659.6935208365285 20.744150698751724 0.30502273281641945 9.816859917752137e-05
5 4 659.6935208365285 20.744150698751724 0.30502273281641945 9.816859917752137e-05
5 5 659.6935208365285 20.744150698751724 0.30502273281641945 9.816859917752137e-05
5 6 659.6935208365285 20.744150698751724 0.30502273281641945 9.816859917752137e-05
5 7 659.6935208365285 20.744150698751724 0.30502273281641945 9.816859917752137e-05
5 8 658.7611283816113 20.277251780218165 0.2816428834190084 0.00010281804184795543
5 9 658.7611283816113 20.277251780218165 0.2816428834190084 0.00010281804184795543
5 10 658.7611283816113 20.277251780218165 0.2816428834190084 0.00010281804184795543
5 11 658.7611283816113 20.277251780218165 0.2816428834190084 0.00010281804184795543
5 12 658.7611283816113 20.277251780218165 0.2816428834190084 0.00010281804184795543
5 13 658.7611283816113 20.277251780218165 0.2816428834190084 0.00010281804184795543
5 14 660.4740115446225 21.44705431981378 0.3209726892965317 9.113550253668558e-05
5 15 660.4740115446225 21.44705431981378 0.3209726892965317 9.113550253668558e-05
5 16 660.4740115446225 21.44705431981378 0.3209726892965317 9.113550253668558e-05
5 17 660.4740115446225 21.44705431981378 0.3209726892965317 9.113550253668558e-05
5 18 660.4740115446225 21.44705431981378 0.3209726892965317 9.113550253668558e-05
5 19 660.3555371479458 21.451368634803302 0.3014507451047192 9.673833873998172e-05
5 20 660.3555371479458 21.451368634803302 0.3014507451047192 9.673833873998172e-05
5 21 660.3555371479458 21.451368634803302 0.3014507451047192 9.673833873998172e-05
5 22 660.3555371479458 21.451368634803302 0.3014507451047192 9.673833873998172e-05
5 23 660.3555371479458 21.451368634803302 0.3014507451047192 9.673833873998172e-05
5 24 660.3555371479458 21.451368634803302 0.3014507451047192 9.673833873998172e-05
5 25 658.9916809841834 20.25675095358654 0.31047919412811975 9.554797551604976e-05
5 26 658.9916809841834 20.25675095358654 0.31047919412811975 9.554797551604976e-05
5 27 658.9916809841834 20.25675095358654 0.31047919412811975 9.554797551604976e-05
5 28 658.9916809841834 20.25675095358654 0.31047919412811975 9.554797551604976e-05
5 29 658.9916809841834 20.25675095358654 0.31047919412811975 9.554797551604976e-05
5 30 659.3402833136574 20.71916426619204 0.297012052044234 9.185075102848564e-05
5 31 659.3402833136574 20.71916426619204 0.297012052044234 9.185075102848564e-05
5 32 659.3402833136574 20.71916426619204 0.297012052044234 9.185075102848564e-05
5 33 659.3402833136574 20.71916426619204 0.297012052044234 9.185075102848564e-05
5 34 659.2416013740328 20.610529423551974 0.2983673670363013 9.184639321434967e-05
5 35 659.2416013740328 20.610529423551974 0.2983673670363013 9.184639321434967e-05
5 36 659.2416013740328 20.610529423551974 0.2983673670363013 9.184639321434967e-05
5 37 659.2416013740328 20.610529423551974 0.2983673670363013 9.184639321434967e-05
5 38 659.2416013740328 20.610529423551974 0.2983673670363013 9.184639321434967e-05
5 39 659.2416013740328 20.610529423551974 0.2983673670363013 9.184639321434967e-05
5 40 659.3643198527893 20.545009784396836 0.30619595977810327 9.173154834831945e-05
5 41 659.3643198527893 20.545009784396836 0.30619595977810327 9.173154834831945e-05
5 42 659.3643198527893 20.545009784396836 0.30619595977810327 9.173154834831945e-05
5 43 659.3643198527893 20.545009784396836 0.30619595977810327 9.173154834831945e-05
5 44 659.3643198527893 20.545009784396836 0.30619595977810327 9.173154834831945e-05
5 45 659.3643198527893 20.545009784396836 0.30619595977810327 9.173154834831945e-05
5 46 659.4370111252944 20.622430219916957 0.31116321239706446 9.174563738410242e-05
5 47 659.4370111252944 20.622430219916957 0.31116321239706446 9.174563738410242e-05
5 48 659.4370111252944 20.622430219916957 0.31116321239706446 9.174563738410242e-05
5 49 659.4370111252944 20.622430219916957 0.31116321239706446 9.174563738410242e-05
5 50 659.4370111252944 20.622430219916957 0.31116321239706446 9.174563738410242e-05
5 51 659.4370111252944 20.622430219916957 0.31116321239706446 9.174563738410242e-05
5 52 659.4370111252944 20.622430219916957 0.31116321239706446 9.174563738410242e-05
5 53 659.4370111252944 20.622430219916957 0.31116321239706446 9.174563738410242e-05
5 54 658.7467044232133 20.50156597592912 0.2511330606534471 9.399652438113111e-05
5 55 658.7467044232133 20.50156597592912 0.2511330606534471 9.399652438113111e-05
6 0 393.7078792226755 20.920617248105238 0.3034856445999625 0.00010591745263764234
6 1 393.7078792226755 20.920617248105238 0.3034856445999625 0.00010591745263764234
6 2 393.3073714051495 21.713435973658832 0.28246295507055386 9.840726890694454e-05
6 3 393.3073714051495 21.713435973658832 0.28246295507055386 9.840726890694454e-05
6 4 393.3073714051495 21.713435973658832 0.28246295507055386 9.840726890694454e-05
6 5 393.3073714051495 21.713435973658832 0.28246295507055386 9.840726890694454e-05
6 6 393.3073714051495 21.713435973658832 0.28246295507055386 9.840726890694454e-05
6 7 393.3073714051495 21.713435973658832 0.28246295507055386 9.840726890694454e-05
6 8 397.5871438685727 19.225922519995905 0.3305494232547756 0.00010946164287123877
6 9 397.5871438685727 19.225922519995905 0.3305494232547756 0.00010946164287123877
6 10 397.5871438685727 19.225922519995905 0.3305494232547756 0.00010946164287123877
6 11 397.5871438685727 19.225922519995905 0.3305494232547756 0.00010946164287123877
6 12 397.5871438685727 19.225922519995905 0.3305494232547756 0.00010946164287123877
6 13 397.5871438685727 19.225922519995905 0.3305494232547756 0.00010946164287123877
6 14 392.6267104195486 22.115349565384946 0.2855150092659481 0.00010675191865005168
6 15 392.6267104195486 22.115349565384946 0.2855150092659481 0.00010675191865005168
6 16 392.6267104195486 22.115349565384946 0.2855150092659481 0.00010675191865005168
6 17 392.6267104195486 22.115349565384946 0.2855150092659481 0.00010675191865005168
6 18 392.6267104195486 22.115349565384946 0.2855150092659481 0.00010675191865005168
6 19 392.16462548264354 21.890570958136827 0.3258569885761594 0.00013273954139181955
6 20 392.16462548264354 21.890570958136827 0.3258569885761594 0.00013273954139181955
6 21 392.16462548264354 21.890570958136827 0.3258569885761594 0.00013273954139181955
6 22 392.16462548264354 21.890570958136827 0.3258569885761594 0.00013273954139181955
6 23 392.16462548264354 21.890570958136827 0.3258569885761594 0.00013273954139181955
6 24 392.16462548264354 21.890570958136827 0.3258569885761594 0.00013273954139181955
6 25 393.40576255886936 21.23935774049488 0.2840293017375879 0.00010222196475064436
6 26 393.40576255886936 21.23935774049488 0.2840293017375879 0.00010222196475064436
6 27 393.40576255886936 21.23935774049488 0.2840293017375879 0.00010222196475064436
6 28 393.40576255886936 21.23935774049488 0.2840293017375879 0.00010222196475064436
6 29 393.40576255886936 21.23935774049488 0.2840293017375879 0.00010222196475064436
6 30 393.72876322818075 22.21354271894775 0.30993484335101457 8.529424646322316e-05
6 31 393.72876322818075 22.21354271894775 0.30993484335101457 8.529424646322316e-05
6 32 393.72876322818075 22.21354271894775 0.30993484335101457 8.529424646322316e-05
6 33 393.72876322818075 22.21354271894775 0.30993484335101457 8.529424646322316e-05
6 34 392.75904650333143 22.540502132014446 0.35189087110318784 9.840726862267554e-05
6 35 392.75904650333143 22.540502132014446 0.35189087110318784 9.840726862267554e-05
6 36 392.75904650333143 22.540502132014446 0.35189087110318784 9.840726862267554e-05
6 37 392.75904650333143 22.540502132014446 0.35189087110318784 9.840726862267554e-05
6 38 392.75904650333143 22.540502132014446 0.35189087110318784 9.840726862267554e-05
6 39 392.75904650333143 22.540502132014446 0.35189087110318784 9.840726862267554e-05
6 40 394.00471305339477 20.917958070021776 0.311104428876275 8.398297934133895e-05
6 41 394.00471305339477 20.917958070021776 0.311104428876275 8.398297934133895e-05
6 42 394.00471305339477 20.917958070021776 0.311104428876275 8.398297934133895e-05
6 43 394.00471305339477 20.917958070021776 0.311104428876275 8.398297934133895e-05
6 44 394.00471305339477 20.917958070021776 0.311104428876275 8.398297934133895e-05
6 45 394.00471305339477 20.917958070021776 0.311104428876275 8.398297934133895e-05
6 46 394.1379817426234 20.92415080474622 0.3125401441652047 8.040666598964526e-05
6 47 394.1379817426234 20.92415080474622 0.3125401441652047 8.040666598964526e-05
6 48 394.1379817426234 20.92415080474622 0.3125401441652047 8.040666598964526e-05
6 49 394.1379817426234 20.92415080474622 0.3125401441652047 8.040666598964526e-05
6 50 394.1379817426234 20.92415080474622 0.3125401441652047 8.040666598964526e-05
6 51 394.1379817426234 20.92415080474622 0.3125401441652047 8.040666598964526e-05
6 52 394.1379817426234 20.92415080474622 0.3125401441652047 8.040666598964526e-05
6 53 394.1379817426234 20.92415080474622 0.3125401441652047 8.040666598964526e-05
6 54 392.9812790163036 22.358197017031607 0.3464530191748938 8.400855398559047e-05
6 55 392.9812790163036 22.358197017031607 0.3464530191748938 8.400855398559047e-05
7 0 450.1931739471539 24.371331021531773 0.2544163010989786 5.966588431490539e-05
7 1 450.1931739471539 24.371331021531773 0.2544163010989786 5.966588431490539e-05
7 2 465.9963419667188 26.63629784669586 0.2754917376013005 0.00010031457093902428
7 3 465.9963419667188 26.63629784669586 0.2754917376013005 0.00010031457093902428
7 4 465.9963419667188 26.63629784669586 0.2754917376013005 0.00010031457093902428
7 5 465.9963419667188 26.63629784669586 0.2754917376013005 0.00010031457093902428
7 6 465.9963419667188 26.63629784669586 0.2754917376013005 0.00010031457093902428
7 7 465.9963419667188 26.63629784669586 0.2754917376013005 0.00010031457093902428
7 8 466.84562600764764 24.860534569829078 0.20619784892537923 8.154093351768474e-05
7 9 466.84562600764764 24.860534569829078 0.20619784892537923 8.154093351768474e-05
7 10 466.84562600764764 24.860534569829078 0.20619784892537923 8.154093351768474e-05
7 11 466.84562600764764 24.860534569829078 0.20619784892537923 8.154093351768474e-05
7 12 466.84562600764764 24.860534569829078 0.20619784892537923 8.154093351768474e-05
7 13 466.84562600764764 24.860534569829078 0.20619784892537923 8.154093351768474e-05
7 14 455.02899587560063 23.1682024118331 0.5871691434255589 0.00011271295105909723
7 15 455.02899587560063 23.1682024118331 0.5871691434255589 0.00011271295105909723
7 16 455.02899587560063 23.1682024118331 0.5871691434255589 0.00011271295105909723
7 17 455.02899587560063 23.1682024118331 0.5871691434255589 0.00011271295105909723
7 18 455.02899587560063 23.1682024118331 0.5871691434255589 0.00011271295105909723
7 19 451.1255350273241 25.69774361326342 0.1386353348792287 0.00011414289402903343
7 20 451.1255350273241 25.69774361326342 0.1386353348792287 0.00011414289402903343
7 21 451.1255350273241 25.69774361326342 0.1386353348792287 0.00011414289402903343
7 22 451.1255350273241 25.69774361326342 0.1386353348792287 0.00011414289402903343
7 23 451.1255350273241 25.69774361326342 0.1386353348792287 0.00011414289402903343
7 24 451.1255350273241 25.69774361326342 0.1386353348792287 0.00011414289402903343
7 25 469.5468742264665 23.30377912779735 0.24556423933374344 0.00011485813999904631
7 26 469.5468742264665 23.30377912779735 0.24556423933374344 0.00011485813999904631
7 27 469.5468742264665 23.30377912779735 0.24556423933374344 0.00011485813999904631
7 28 469.5468742264665 23.30377912779735 0.24556423933374344 0.00011485813999904631
7 29 469.5468742264665 23.30377912779735 0.24556423933374344 0.00011485813999904631
7 30 452.11718233160667 29.299853808049228 0.8534766197604959 8.339923130916486e-05
7 31 452.11718233160667 29.299853808049228 0.8534766197604959 8.339923130916486e-05
7 32 452.11718233160667 29.299853808049228 0.8534766197604959 8.339923130916486e-05
7 33 452.11718233160667 29.299853808049228 0.8534766197604959 8.339923130916486e-05
7 34 465.6637021734731 25.748395601326347 0.21188407223010097 9.864557654916614e-05
7 35 465.6637021734731 25.748395601326347 0.21188407223010097 9.864557654916614e-05
7 36 465.6637021734731 25.748395601326347 0.21188407223010097 9.864557654916614e-05
7 37 465.6637021734731 25.748395601326347 0.21188407223010097 9.864557654916614e-05
7 38 465.6637021734731 25.748395601326347 0.21188407223010097 9.864557654916614e-05
7 39 465.6637021734731 25.748395601326347 0.21188407223010097 9.864557654916614e-05
7 40 454.30842701177215 24.842071755097592 -0.053193183571211104 0.00013965364883376124
7 41 454.30842701177215 24.842071755097592 -0.053193183571211104 0.00013965364883376124
7 42 454.30842701177215 24.842071755097592 -0.053193183571211104 0.00013965364883376124
7 43 454.30842701177215 24.842071755097592 -0.053193183571211104 0.00013965364883376124
7 44 454.30842701177215 24.842071755097592 -0.053193183571211104 0.00013965364883376124
7 45 454.30842701177215 24.842071755097592 -0.053193183571211104 0.00013965364883376124
7 46 450.35407596587015 23.81223130035731 -0.032528063322394954 0.00011068582531710749
7 47 450.35407596587015 23.81223130035731 -0.032528063322394954 0.00011068582531710749
7 48 450.35407596587015 23.81223130035731 -0.032528063322394954 0.00011068582531710749
7 49 450.35407596587015 23.81223130035731 -0.032528063322394954 0.00011068582531710749
7 50 450.35407596587015 23.81223130035731 -0.032528063322394954 0.00011068582531710749
7 51 450.35407596587015 23.81223130035731 -0.032528063322394954 0.00011068582531710749
7 52 450.35407596587015 23.81223130035731 -0.032528063322394954 0.00011068582531710749
7 53 450.35407596587015 23.81223130035731 -0.032528063322394954 0.00011068582531710749
7 54 450.10198577453417 23.972672967606496 0.13580669957105243 9.058032622506767e-05
7 55 450.10198577453417 23.972672967606496 0.13580669957105243 9.058032622506767e-05
8 0 378.1682157272155 21.559280097420427 0.305607793539611 9.04202781880322e-05
8 1 378.1682157272155 21.559280097420427 0.305607793539611 9.04202781880322e-05
8 2 377.61786860102285 21.896851393888554 0.3151424999866793 9.04202474599267e-05
8 3 377.61786860102285 21.896851393888554 0.3151424999866793 9.04202474599267e-05
8 4 377.61786860102285 21.896851393888554 0.3151424999866793 9.04202474599267e-05
8 5 377.61786860102285 21.896851393888554 0.3151424999866793 9.04202474599267e-05
8 6 377.61786860102285 21.896851393888554 0.3151424999866793 9.04202474599267e-05
8 7 377.61786860102285 21.896851393888554 0.3151424999866793 9.04202474599267e-05
8 8 377.9388767372447 21.870638149171292 0.3025619516686092 9.006262255268729e-05
8 9 377.9388767372447 21.870638149171292 0.3025619516686092 9.006262255268729e-05
8 10 377.9388767372447 21.870638149171292 0.3025619516686092 9.006262255268729e-05
8 11 377.9388767372447 21.870638149171292 0.3025619516686092 9.006262255268729e-05
8 12 377.9388767372447 21.870638149171292 0.3025619516686092 9.006262255268729e-05
8 13 377.9388767372447 21.870638149171292 0.3025619516686092 9.006262255268729e-05
8 14 376.3736421304867 23.296117173954983 0.20943587760381321 8.554603634823132e-05
8 15 376.3736421304867 23.296117173954983 0.20943587760381321 8.554603634823132e-05
8 16 376.3736421304867 23.296117173954983 0.20943587760381321 8.554603634823132e-05
8 17 376.3736421304867 23.296117173954983 0.20943587760381321 8.554603634823132e-05
8 18 376.3736421304867 23.296117173954983 0.20943587760381321 8.554603634823132e-05
8 19 378.22668637322136 21.475931082149877 0.30159539530007684 9.006456746024336e-05
8 20 378.22668637322136 21.475931082149877 0.30159539530007684 9.006456746024336e-05
8 21 378.22668637322136 21.475931082149877 0.30159539530007684 9.006456746024336e-05
8 22 378.22668637322136 21.475931082149877 0.30159539530007684 9.006456746024336e-05
8 23 378.22668637322136 21.475931082149877 0.30159539530007684 9.006456746024336e-05
8 24 378.22668637322136 21.475931082149877 0.30159539530007684 9.006456746024336e-05
8 25 378.2264834848558 21.476322193113393 0.3015582741844304 9.006261923389275e-05
8 26 378.2264834848558 21.476322193113393 0.3015582741844304 9.006261923389275e-05
8 27 378.2264834848558 21.476322193113393 0.3015582741844304 9.006261923389275e-05
8 28 378.2264834848558 21.476322193113393 0.3015582741844304 9.006261923389275e-05
8 29 378.2264834848558 21.476322193113393 0.3015582741844304 9.006261923389275e-05
8 30 378.03223845312766 21.52562803317977 0.2899640765020482 9.018182916089371e-05
8 31 378.03223845312766 21.52562803317977 0.2899640765020482 9.018182916089371e-05
8 32 378.03223845312766 21.52562803317977 0.2899640765020482 9.018182916089371e-05
8 33 378.03223845312766 21.52562803317977 0.2899640765020482 9.018182916089371e-05
8 34 377.45665656445993 23.681494155061653 0.22425632333608803 9.038182059919881e-05
8 35 377.45665656445993 23.681494155061653 0.22425632333608803 9.038182059919881e-05
8 36 377.45665656445993 23.681494155061653 0.22425632333608803 9.038182059919881e-05
8 37 377.45665656445993 23.681494155061653 0.22425632333608803 9.038182059919881e-05
8 38 377.45665656445993 23.681494155061653 0.22425632333608803 9.038182059919881e-05
8 39 377.45665656445993 23.681494155061653 0.22425632333608803 9.038182059919881e-05
8 40 377.1151735250812 23.70591628014285 0.23229466713246216 8.791685357974919e-05
8 41 377.1151735250812 23.70591628014285 0.23229466713246216 8.791685357974919e-05
8 42 377.1151735250812 23.70591628014285 0.23229466713246216 8.791685357974919e-05
8 43 377.1151735250812 23.70591628014285 0.23229466713246216 8.791685357974919e-05
8 44 377.1151735250812 23.70591628014285 0.23229466713246216 8.791685357974919e-05
8 45 377.1151735250812 23.70591628014285 0.23229466713246216 8.791685357974919e-05
8 46 377.7419806491514 21.948504999939715 0.2889297848325232 9.018182880667606e-05
8 47 377.7419806491514 21.948504999939715 0.2889297848325232 9.018182880667606e-05
8 48 377.7419806491514 21.948504999939715 0.2889297848325232 9.018182880667606e-05
8 49 377.7419806491514 21.948504999939715 0.2889297848325232 9.018182880667606e-05
8 50 377.7419806491514 21.948504999939715 0.2889297848325232 9.018182880667606e-05
8 51 377.7419806491514 21.948504999939715 0.2889297848325232 9.018182880667606e-05
8 52 377.7419806491514 21.948504999939715 0.2889297848325232 9.018182880667606e-05
8 53 377.7419806491514 21.948504999939715 0.2889297848325232 9.018182880667606e-05
8 54 377.8400562772717 22.51604877465259 0.277746734227329 9.018182894636318e-05
8 55 377.8400562772717 22.51604877465259 0.277746734227329 9.018182894636318e-05
9 0 398.61546114073633 21.422987684863788 0.13659782720403343 0.0001394191402899851
9 1 398.61546114073633 21.422987684863788 0.13659782720403343 0.0001394191402899851
9 2 409.3790819254093 21.39829494164446 0.306004259408322 9.089237282732288e-05
9 3 409.3790819254093 21.39829494164446 0.306004259408322 9.089237282732288e-05
9 4 409.3790819254093 21.39829494164446 0.306004259408322 9.089237282732288e-05
9 5 409.3790819254093 21.39829494164446 0.306004259408322 9.089237282732288e-05
9 6 409.3790819254093 21.39829494164446 0.306004259408322 9.089237282732288e-05
9 7 409.3790819254093 21.39829494164446 0.306004259408322 9.089237282732288e-05
9 8 391.19095479088037 23.710940170014567 0.3148455111264708 0.00011736154550585158
9 9 391.19095479088037 23.710940170014567 0.3148455111264708 0.00011736154550585158
9 10 391.19095479088037 23.710940170014567 0.3148455111264708 0.00011736154550585158
9 11 391.19095479088037 23.710940170014567 0.3148455111264708 0.00011736154550585158
9 12 391.19095479088037 23.710940170014567 0.3148455111264708 0.00011736154550585158
9 13 391.19095479088037 23.710940170014567 0.3148455111264708 0.00011736154550585158
9 14 391.08951382531654 25.148222805908283 0.6698876575610575 6.32405136193183e-05
9 15 391.08951382531654 25.148222805908283 0.6698876575610575 6.32405136193183e-05
9 16 391.08951382531654 25.148222805908283 0.6698876575610575 6.32405136193183e-05
9 17 391.08951382531654 25.148222805908283 0.6698876575610575 6.32405136193183e-05
9 18 391.08951382531654 25.148222805908283 0.6698876575610575 6.32405136193183e-05
9 19 390.3254275056693 22.633579573530298 0.36574117743397994 0.00019113528247920598
9 20 390.3254275056693 22.633579573530298 0.36574117743397994 0.00019113528247920598
9 21 390.3254275056693 22.633579573530298 0.36574117743397994 0.00019113528247920598
9 22 390.3254275056693 22.633579573530298 0.36574117743397994 0.00019113528247920598
9 23 390.3254275056693 22.633579573530298 0.36574117743397994 0.00019113528247920598
9 24 390.3254275056693 22.633579573530298 0.36574117743397994 0.00019113528247920598
9 25 408.437737201834 21.24550847968485 0.285437213931925 9.042024809622572e-05
9 26 408.437737201834 21.24550847968485 0.285437213931925 9.042024809622572e-05
9 27 408.437737201834 21.24550847968485 0.285437213931925 9.042024809622572e-05
9 28 408.437737201834 21.24550847968485 0.285437213931925 9.042024809622572e-05
9 29 408.437737201834 21.24550847968485 0.285437213931925 9.042024809622572e-05
9 30 405.07704051590594 21.139749017858904 0.30900365983973616 9.185078322872902e-05
9 31 405.07704051590594 21.139749017858904 0.30900365983973616 9.185078322872902e-05
9 32 405.07704051590594 21.139749017858904 0.30900365983973616 9.185078322872902e-05
9 33 405.07704051590594 21.139749017858904 0.30900365983973616 9.185078322872902e-05
9 34 390.7481806502006 24.627367029582373 0.38500827986087965 9.399652817906355e-05
9 35 390.7481806502006 24.627367029582373 0.38500827986087965 9.399652817906355e-05
9 36 390.7481806502006 24.627367029582373 0.38500827986087965 9.399652817906355e-05
9 37 390.7481806502006 24.627367029582373 0.38500827986087965 9.399652817906355e-05
9 38 390.7481806502006 24.627367029582373 0.38500827986087965 9.399652817906355e-05
9 39 390.7481806502006 24.627367029582373 0.38500827986087965 9.399652817906355e-05
9 40 391.11703974319187 26.219606166974323 0.3239018340754455 9.411573369863237e-05
9 41 391.11703974319187 26.219606166974323 0.3239018340754455 9.411573369863237e-05
9 42 391.11703974319187 26.219606166974323 0.3239018340754455 9.411573369863237e-05
9 43 391.11703974319187 26.219606166974323 0.3239018340754455 9.411573369863237e-05
9 44 391.11703974319187 26.219606166974323 0.3239018340754455 9.411573369863237e-05
9 45 391.11703974319187 26.219606166974323 0.3239018340754455 9.411573369863237e-05
9 46 390.5119540785604 23.697416361310687 0.338810710630412 9.888410566586545e-05
9 47 390.5119540785604 23.697416361310687 0.338810710630412 9.888410566586545e-05
9 48 390.5119540785604 23.697416361310687 0.338810710630412 9.888410566586545e-05
9 49 390.5119540785604 23.697416361310687 0.338810710630412 9.888410566586545e-05
9 50 390.5119540785604 23.697416361310687 0.338810710630412 9.888410566586545e-05
9 51 390.5119540785604 23.697416361310687 0.338810710630412 9.888410566586545e-05
9 52 390.5119540785604 23.697416361310687 0.338810710630412 9.888410566586545e-05
9 53 390.5119540785604 23.697416361310687 0.338810710630412 9.888410566586545e-05
9 54 391.1038415664917 27.09949561366903 -0.07451331028170916 0.00015681971584728812
9 55 391.1038415664917 27.09949561366903 -0.07451331028170916 0.00015681971584728812
10 0 372.34186981535504 10.748163858860583 0.295292391159188 0.00011688470870330779
10 1 372.34186981535504 10.748163858860583 0.295292391159188 0.00011688470870330779
10 2 359.41206510186805 23.718206131759466 0.2325615184322719 0.00014368641141730834
10 3 359.41206510186805 23.718206131759466 0.2325615184322719 0.00014368641141730834
10 4 359.41206510186805 23.718206131759466 0.2325615184322719 0.00014368641141730834
10 5 359.41206510186805 23.718206131759466 0.2325615184322719 0.00014368641141730834
10 6 359.41206510186805 23.718206131759466 0.2325615184322719 0.00014368641141730834
10 7 359.41206510186805 23.718206131759466 0.2325615184322719 0.00014368641141730834
10 8 356.62035877822063 15.968054332906405 0.24543441087507645 0.0001373887062195622
10 9 356.62035877822063 15.968054332906405 0.24543441087507645 0.0001373887062195622
10 10 356.62035877822063 15.968054332906405 0.24543441087507645 0.0001373887062195622
10 11 356.62035877822063 15.968054332906405 0.24543441087507645 0.0001373887062195622
10 12 356.62035877822063 15.968054332906405 0.24543441087507645 0.0001373887062195622
10 13 356.62035877822063 15.968054332906405 0.24543441087507645 0.0001373887062195622
10 14 357.73819799865555 15.788638726289108 0.21693879525669052 0.00011020898706508012
10 15 357.73819799865555 15.788638726289108 0.21693879525669052 0.00011020898706508012
10 16 357.73819799865555 15.788638726289108 0.21693879525669052 0.00011020898706508012
10 17 357.73819799865555 15.788638726289108 0.21693879525669052 0.00011020898706508012
10 18 357.73819799865555 15.788638726289108 0.21693879525669052 0.00011020898706508012
10 19 356.6602154139404 18.607766096175027 0.29745546020191127 9.101639441079826e-05
10 20 356.6602154139404 18.607766096175027 0.29745546020191127 9.101639441079826e-05
10 21 356.6602154139404 18.607766096175027 0.29745546020191127 9.101639441079826e-05
10 22 356.6602154139404 18.607766096175027 0.29745546020191127 9.101639441079826e-05
10 23 356.6602154139404 18.607766096175027 0.29745546020191127 9.101639441079826e-05
10 24 356.6602154139404 18.607766096175027 0.29745546020191127 9.101639441079826e-05
10 25 360.7265059941918 25.060304458527938 0.2632451678438533 9.089707922014682e-05
10 26 360.7265059941918 25.060304458527938 0.2632451678438533 9.089707922014682e-05
10 27 360.7265059941918 25.060304458527938 0.2632451678438533 9.089707922014682e-05
10 28 360.7265059941918 25.060304458527938 0.2632451678438533 9.089707922014682e-05
10 29 360.7265059941918 25.060304458527938 0.2632451678438533 9.089707922014682e-05
10 30 397.55850209587334 8.542967133572063 0.3023946192538221 0.00012964010175231622
10 31 397.55850209587334 8.542967133572063 0.3023946192538221 0.00012964010175231622
10 32 397.55850209587334 8.542967133572063 0.3023946192538221 0.00012964010175231622
10 33 397.55850209587334 8.542967133572063 0.3023946192538221 0.00012964010175231622
10 34 356.5872842066707 15.283679896000955 0.26234492770460227 0.00015312433219304372
10 35 356.5872842066707 15.283679896000955 0.26234492770460227 0.00015312433219304372
10 36 356.5872842066707 15.283679896000955 0.26234492770460227 0.00015312433219304372
10 37 356.5872842066707 15.283679896000955 0.26234492770460227 0.00015312433219304372
10 38 356.5872842066707 15.283679896000955 0.26234492770460227 0.00015312433219304372
10 39 356.5872842066707 15.283679896000955 0.26234492770460227 0.00015312433219304372
10 40 355.7734431410942 17.533961996920723 0.3259158386945 0.00012236833612861174
10 41 355.7734431410942 17.533961996920723 0.3259158386945 0.00012236833612861174
10 42 355.7734431410942 17.533961996920723 0.3259158386945 0.00012236833612861174
10 43 355.7734431410942 17.533961996920723 0.3259158386945 0.00012236833612861174
10 44 355.7734431410942 17.533961996920723 0.3259158386945 0.00012236833612861174
10 45 355.7734431410942 17.533961996920723 0.3259158386945 0.00012236833612861174
10 46 356.824956943901 18.339502614267218 0.2969106091714903 7.93615441087065e-05
10 47 356.824956943901 18.339502614267218 0.2969106091714903 7.93615441087065e-05
10 48 356.824956943901 18.339502614267218 0.2969106091714903 7.93615441087065e-05
10 49 356.824956943901 18.339502614267218 0.2969106091714903 7.93615441087065e-05
10 50 356.824956943901 18.339502614267218 0.2969106091714903 7.93615441087065e-05
10 51 356.824956943901 18.339502614267218 0.2969106091714903 7.93615441087065e-05
10 52 356.824956943901 18.339502614267218 0.2969106091714903 7.93615441087065e-05
10 53 356.824956943901 18.339502614267218 0.2969106091714903 7.93615441087065e-05
10 54 356.082835029109 17.613972198077924 0.2837479781509923 0.00012558698692397778
10 55 356.082835029109 17.613972198077924 0.2837479781509923 0.00012558698692397778
11 0 329.55857682220284 27.154622358467964 0.0882700104928493 9.065866399230584e-05
11 1 329.55857682220284 27.154622358467964 0.0882700104928493 9.065866399230584e-05
11 2 330.85761916583476 24.197415723793398 0.25889913479844906 7.718745073323588e-05
11 3 330.85761916583476 24.197415723793398 0.25889913479844906 7.718745073323588e-05
11 4 330.85761916583476 24.197415723793398 0.25889913479844906 7.718745073323588e-05
11 5 330.85761916583476 24.197415723793398 0.25889913479844906 7.718745073323588e-05
11 6 330.85761916583476 24.197415723793398 0.25889913479844906 7.718745073323588e-05
11 7 330.85761916583476 24.197415723793398 0.25889913479844906 7.718745073323588e-05
11 8 329.76295893229593 20.170073796931298 0.3313843759607491 4.1665659230299074e-05
11 9 329.76295893229593 20.170073796931298 0.3313843759607491 4.1665659230299074e-05
11 10 329.76295893229593 20.170073796931298 0.3313843759607491 4.1665659230299074e-05
11 11 329.76295893229593 20.170073796931298 0.3313843759607491 4.1665659230299074e-05
11 12 329.76295893229593 20.170073796931298 0.3313843759607491 4.1665659230299074e-05
11 13 329.76295893229593 20.170073796931298 0.3313843759607491 4.1665659230299074e-05
11 14 329.64798729321575 28.112572215042608 0.2444976677682701 9.573996690344448e-05
11 15 329.64798729321575 28.112572215042608 0.2444976677682701 9.573996690344448e-05
11 16 329.64798729321575 28.112572215042608 0.2444976677682701 9.573996690344448e-05
11 17 329.64798729321575 28.112572215042608 0.2444976677682701 9.573996690344448e-05
11 18 329.64798729321575 28.112572215042608 0.2444976677682701 9.573996690344448e-05
11 19 335.6233997813292 21.825619605029445 0.27439279527189986 9.399652559802441e-05
11 20 335.6233997813292 21.825619605029445 0.27439279527189986 9.399652559802441e-05
11 21 335.6233997813292 21.825619605029445 0.27439279527189986 9.399652559802441e-05
11 22 335.6233997813292 21.825619605029445 0.27439279527189986 9.399652559802441e-05
11 23 335.6233997813292 21.825619605029445 0.27439279527189986 9.399652559802441e-05
11 24 335.6233997813292 21.825619605029445 0.27439279527189986 9.399652559802441e-05
11 25 331.69608685300534 18.482851948340077 0.3432270306210431 8.219455981643475e-05
11 26 331.69608685300534 18.482851948340077 0.3432270306210431 8.219455981643475e-05
11 27 331.69608685300534 18.482851948340077 0.3432270306210431 8.219455981643475e-05
11 28 331.69608685300534 18.482851948340077 0.3432270306210431 8.219455981643475e-05
11 29 331.69608685300534 18.482851948340077 0.3432270306210431 8.219455981643475e-05
11 30 329.50671637947687 18.12326109972606 0.3848304195298511 6.95586212903965e-05
11 31 329.50671637947687 18.12326109972606 0.3848304195298511 6.95586212903965e-05
11 32 329.50671637947687 18.12326109972606 0.3848304195298511 6.95586212903965e-05
11 33 329.50671637947687 18.12326109972606 0.3848304195298511 6.95586212903965e-05
11 34 329.5307052842398 19.00399020998355 0.2696094363384581 6.526706018328516e-05
11 35 329.5307052842398 19.00399020998355 0.2696094363384581 6.526706018328516e-05
11 36 329.5307052842398 19.00399020998355 0.2696094363384581 6.526706018328516e-05
11 37 329.5307052842398 19.00399020998355 0.2696094363384581 6.526706018328516e-05
11 38 329.5307052842398 19.00399020998355 0.2696094363384581 6.526706018328516e-05
11 39 329.5307052842398 19.00399020998355 0.2696094363384581 6.526706018328516e-05
11 40 335.2319713439406 22.604506863514587 0.29521765451842774 9.149315155628532e-05
11 41 335.2319713439406 22.604506863514587 0.29521765451842774 9.149315155628532e-05
11 42 335.2319713439406 22.604506863514587 0.29521765451842774 9.149315155628532e-05
11 43 335.2319713439406 22.604506863514587 0.29521765451842774 9.149315155628532e-05
11 44 335.2319713439406 22.604506863514587 0.29521765451842774 9.149315155628532e-05
11 45 335.2319713439406 22.604506863514587 0.29521765451842774 9.149315155628532e-05
11 46 335.76791939614225 22.196343616545313 0.2912336775940839 9.161233610504629e-05
11 47 335.76791939614225 22.196343616545313 0.2912336775940839 9.161233610504629e-05
11 48 335.76791939614225 22.196343616545313 0.2912336775940839 9.161233610504629e-05
11 49 335.76791939614225 22.196343616545313 0.2912336775940839 9.161233610504629e-05
11 50 335.76791939614225 22.196343616545313 0.2912336775940839 9.161233610504629e-05
11 51 335.76791939614225 22.196343616545313 0.2912336775940839 9.161233610504629e-05
11 52 335.76791939614225 22.196343616545313 0.2912336775940839 9.161233610504629e-05
11 53 335.76791939614225 22.196343616545313 0.2912336775940839 9.161233610504629e-05
11 54 329.42136873490034 26.296575051219108 0.21819512977057245 8.944054709442034e-05
11 55 329.42136873490034 26.296575051219108 0.21819512977057245 8.944054709442034e-05
12 0 431.4284901071394 22.920928065420554 0.28949942326299516 0.00010806389031673445
12 1 431.4284901071394 22.920928065420554 0.28949942326299516 0.00010806389031673445
12 2 425.74171905287767 25.714692504505543 0.27525747839895154 9.065866627541582e-05
12 3 425.74171905287767 25.714692504505543 0.27525747839895154 9.065866627541582e-05
12 4 425.74171905287767 25.714692504505543 0.27525747839895154 9.065866627541582e-05
12 5 425.74171905287767 25.714692504505543 0.27525747839895154 9.065866627541582e-05
12 6 425.74171905287767 25.714692504505543 0.27525747839895154 9.065866627541582e-05
12 7 425.74171905287767 25.714692504505543 0.27525747839895154 9.065866627541582e-05
12 8 431.99711424675195 24.163735770056956 0.28651679947492076 8.827449162597396e-05
12 9 431.99711424675195 24.163735770056956 0.28651679947492076 8.827449162597396e-05
12 10 431.99711424675195 24.163735770056956 0.28651679947492076 8.827449162597396e-05
12 11 431.99711424675195 24.163735770056956 0.28651679947492076 8.827449162597396e-05
12 12 431.99711424675195 24.163735770056956 0.28651679947492076 8.827449162597396e-05
12 13 431.99711424675195 24.163735770056956 0.28651679947492076 8.827449162597396e-05
12 14 425.6203486294222 22.479444671451827 0.3687880720983314 8.362534974265346e-05
12 15 425.6203486294222 22.479444671451827 0.3687880720983314 8.362534974265346e-05
12 16 425.6203486294222 22.479444671451827 0.3687880720983314 8.362534974265346e-05
12 17 425.6203486294222 22.479444671451827 0.3687880720983314 8.362534974265346e-05
12 18 425.6203486294222 22.479444671451827 0.3687880720983314 8.362534974265346e-05
12 19 397.254977366419 61.229427702969886 0.5725113129703595 2.1755703746861205e-05
12 20 397.254977366419 61.229427702969886 0.5725113129703595 2.1755703746861205e-05
12 21 397.254977366419 61.229427702969886 0.5725113129703595 2.1755703746861205e-05
12 22 397.254977366419 61.229427702969886 0.5725113129703595 2.1755703746861205e-05
12 23 397.254977366419 61.229427702969886 0.5725113129703595 2.1755703746861205e-05
12 24 397.254977366419 61.229427702969886 0.5725113129703595 2.1755703746861205e-05
12 25 432.34672953699885 21.617876283541285 0.312053257446149 8.720159295446772e-05
12 26 432.34672953699885 21.617876283541285 0.312053257446149 8.720159295446772e-05
12 27 432.34672953699885 21.617876283541285 0.312053257446149 8.720159295446772e-05
12 28 432.34672953699885 21.617876283541285 0.312053257446149 8.720159295446772e-05
12 29 432.34672953699885 21.617876283541285 0.312053257446149 8.720159295446772e-05
12 30 432.86074713871534 22.908871006360354 0.30728906089227226 8.812898550104742e-05
12 31 432.86074713871534 22.908871006360354 0.30728906089227226 8.812898550104742e-05
12 32 432.86074713871534 22.908871006360354 0.30728906089227226 8.812898550104742e-05
12 33 432.86074713871534 22.908871006360354 0.30728906089227226 8.812898550104742e-05
12 34 423.6955443696384 25.34762782350083 0.3268782899513131 8.231401329256483e-05
12 35 423.6955443696384 25.34762782350083 0.3268782899513131 8.231401329256483e-05
12 36 423.6955443696384 25.34762782350083 0.3268782899513131 8.231401329256483e-05
12 37 423.6955443696384 25.34762782350083 0.3268782899513131 8.231401329256483e-05
12 38 423.6955443696384 25.34762782350083 0.3268782899513131 8.231401329256483e-05
12 39 423.6955443696384 25.34762782350083 0.3268782899513131 8.231401329256483e-05
12 40 423.5737502238169 12.193852332329357 0.4405170849264197 8.768578597873369e-05
12 41 423.5737502238169 12.193852332329357 0.4405170849264197 8.768578597873369e-05
12 42 423.5737502238169 12.193852332329357 0.4405170849264197 8.768578597873369e-05
12 43 423.5737502238169 12.193852332329357 0.4405170849264197 8.768578597873369e-05
12 44 423.5737502238169 12.193852332329357 0.4405170849264197 8.768578597873369e-05
12 45 423.5737502238169 12.193852332329357 0.4405170849264197 8.768578597873369e-05
12 46 432.60057629486346 20.41311743021246 0.3371205600348698 9.227937778232052e-05
12 47 432.60057629486346 20.41311743021246 0.3371205600348698 9.227937778232052e-05
12 48 432.60057629486346 20.41311743021246 0.3371205600348698 9.227937778232052e-05
12 49 432.60057629486346 20.41311743021246 0.3371205600348698 9.227937778232052e-05
12 50 432.60057629486346 20.41311743021246 0.3371205600348698 9.227937778232052e-05
12 51 432.60057629486346 20.41311743021246 0.3371205600348698 9.227937778232052e-05
12 52 432.60057629486346 20.41311743021246 0.3371205600348698 9.227937778232052e-05
12 53 432.60057629486346 20.41311743021246 0.3371205600348698 9.227937778232052e-05
12 54 430.8063042121865 21.69531232846068 0.29915524404140104 9.053944745297445e-05
12 55 430.8063042121865 21.69531232846068 0.29915524404140104 9.053944745297445e-05
13 0 655.0897330809717 12.550585530257235 0.28722041803772663 0.00014060735267362864
13 1 655.0897330809717 12.550585530257235 0.28722041803772663 0.00014060735267362864
13 2 651.354873540497 10.754211546283901 0.2287537695128012 0.0001865710235989684
13 3 651.354873540497 10.754211546283901 0.2287537695128012 0.0001865710235989684
13 4 651.354873540497 10.754211546283901 0.2287537695128012 0.0001865710235989684
13 5 651.354873540497 10.754211546283901 0.2287537695128012 0.0001865710235989684
13 6 651.354873540497 10.754211546283901 0.2287537695128012 0.0001865710235989684
13 7 651.354873540497 10.754211546283901 0.2287537695128012 0.0001865710235989684
13 8 652.4210818240396 8.855259631421296 0.2690288830754466 0.00020068493177056085
13 9 652.4210818240396 8.855259631421296 0.2690288830754466 0.00020068493177056085
13 10 652.4210818240396 8.855259631421296 0.2690288830754466 0.00020068493177056085
13 11 652.4210818240396 8.855259631421296 0.2690288830754466 0.00020068493177056085
13 12 652.4210818240396 8.855259631421296 0.2690288830754466 0.00020068493177056085
13 13 652.4210818240396 8.855259631421296 0.2690288830754466 0.00020068493177056085
13 14 646.8326242388289 13.952281143204177 0.27603763737143433 0.00013440846457711775
13 15 646.8326242388289 13.952281143204177 0.27603763737143433 0.00013440846457711775
13 16 646.8326242388289 13.952281143204177 0.27603763737143433 0.00013440846457711775
13 17 646.8326242388289 13.952281143204177 0.27603763737143433 0.00013440846457711775
13 18 646.8326242388289 13.952281143204177 0.27603763737143433 0.00013440846457711775
13 19 645.8590592790196 8.61476124922575 0.4483110942801447 0.000147164374831628
13 20 645.8590592790196 8.61476124922575 0.4483110942801447 0.000147164374831628
13 21 645.8590592790196 8.61476124922575 0.4483110942801447 0.000147164374831628
13 22 645.8590592790196 8.61476124922575 0.4483110942801447 0.000147164374831628
13 23 645.8590592790196 8.61476124922575 0.4483110942801447 0.000147164374831628
13 24 645.8590592790196 8.61476124922575 0.4483110942801447 0.000147164374831628
13 25 648.2956466460417 8.752931214172587 0.3991492555526801 0.00011926901746713286
13 26 648.2956466460417 8.752931214172587 0.3991492555526801 0.00011926901746713286
13 27 648.2956466460417 8.752931214172587 0.3991492555526801 0.00011926901746713286
13 28 648.2956466460417 8.752931214172587 0.3991492555526801 0.00011926901746713286
13 29 648.2956466460417 8.752931214172587 0.3991492555526801 0.00011926901746713286
13 30 645.1467560069165 8.761527814242001 0.6085850379278213 0.00015062095189890385
13 31 645.1467560069165 8.761527814242001 0.6085850379278213 0.00015062095189890385
13 32 645.1467560069165 8.761527814242001 0.6085850379278213 0.00015062095189890385
13 33 645.1467560069165 8.761527814242001 0.6085850379278213 0.00015062095189890385
13 34 665.8418788246132 20.852804276307655 0.30191414677853334 9.220838262365963e-05
13 35 665.8418788246132 20.852804276307655 0.30191414677853334 9.220838262365963e-05
13 36 665.8418788246132 20.852804276307655 0.30191414677853334 9.220838262365963e-05
13 37 665.8418788246132 20.852804276307655 0.30191414677853334 9.220838262365963e-05
13 38 665.8418788246132 20.852804276307655 0.30191414677853334 9.220838262365963e-05
13 39 665.8418788246132 20.852804276307655 0.30191414677853334 9.220838262365963e-05
13 40 645.9216430744548 8.680825038568187 0.4714735212140406 0.0001294016793477093
13 41 645.9216430744548 8.680825038568187 0.4714735212140406 0.0001294016793477093
13 42 645.9216430744548 8.680825038568187 0.4714735212140406 0.0001294016793477093
13 43 645.9216430744548 8.680825038568187 0.4714735212140406 0.0001294016793477093
13 44 645.9216430744548 8.680825038568187 0.4714735212140406 0.0001294016793477093
13 45 645.9216430744548 8.680825038568187 0.4714735212140406 0.0001294016793477093
13 46 658.689571435787 9.636337128840665 0.4568025970090881 9.673833846579377e-05
13 47 658.689571435787 9.636337128840665 0.4568025970090881 9.673833846579377e-05
13 48 658.689571435787 9.636337128840665 0.4568025970090881 9.673833846579377e-05
13 49 658.689571435787 9.636337128840665 0.4568025970090881 9.673833846579377e-05
13 50 658.689571435787 9.636337128840665 0.4568025970090881 9.673833846579377e-05
13 51 658.689571435787 9.636337128840665 0.4568025970090881 9.673833846579377e-05
13 52 658.689571435787 9.636337128840665 0.4568025970090881 9.673833846579377e-05
13 53 658.689571435787 9.636337128840665 0.4568025970090881 9.673833846579377e-05
13 54 659.1803889640101 9.657382445863673 0.22508011501369465 0.00014072657043629153
13 55 659.1803889640101 9.657382445863673 0.22508011501369465 0.00014072657043629153
14 0 800.004232857644 74.21731872943758 -0.42009329040973 0.0002655392327621746
14 1 800.004232857644 74.21731872943758 -0.42009329040973 0.0002655392327621746
14 2 795.4008058715172 38.463495259886784 0.1771922107632359 0.00041288148329935445
14 3 795.4008058715172 38.463495259886784 0.1771922107632359 0.00041288148329935445
14 4 795.4008058715172 38.463495259886784 0.1771922107632359 0.00041288148329935445
14 5 795.4008058715172 38.463495259886784 0.1771922107632359 0.00041288148329935445
14 6 795.4008058715172 38.463495259886784 0.1771922107632359 0.00041288148329935445
14 7 795.4008058715172 38.463495259886784 0.1771922107632359 0.00041288148329935445
14 8 782.1561710873531 40.95089710526146 0.43923912632832796 0.0007168646484559075
14 9 782.1561710873531 40.95089710526146 0.43923912632832796 0.0007168646484559075
14 10 782.1561710873531 40.95089710526146 0.43923912632832796 0.0007168646484559075
14 11 782.1561710873531 40.95089710526146 0.43923912632832796 0.0007168646484559075
14 12 782.1561710873531 40.95089710526146 0.43923912632832796 0.0007168646484559075
14 13 782.1561710873531 40.95089710526146 0.43923912632832796 0.0007168646484559075
14 14 757.3302542972738 59.44621168437949 0.4269032878391611 0.00025469065145273373
14 15 757.3302542972738 59.44621168437949 0.4269032878391611 0.00025469065145273373
14 16 757.3302542972738 59.44621168437949 0.4269032878391611 0.00025469065145273373
14 17 757.3302542972738 59.44621168437949 0.4269032878391611 0.00025469065145273373
14 18 757.3302542972738 59.44621168437949 0.4269032878391611 0.00025469065145273373
14 19 793.1489711401388 61.36301909995662 0.35432523819560313 0.00045245886149710736
14 20 793.1489711401388 61.36301909995662 0.35432523819560313 0.00045245886149710736
14 21 793.1489711401388 61.36301909995662 0.35432523819560313 0.00045245886149710736
14 22 793.1489711401388 61.36301909995662 0.35432523819560313 0.00045245886149710736
14 23 793.1489711401388 61.36301909995662 0.35432523819560313 0.00045245886149710736
14 24 793.1489711401388 61.36301909995662 0.35432523819560313 0.00045245886149710736
14 25 800.9472422535023 30.136268612589852 0.2789126563009311 0.0003033274171779698
14 26 800.9472422535023 30.136268612589852 0.2789126563009311 0.0003033274171779698
14 27 800.9472422535023 30.136268612589852 0.2789126563009311 0.0003033274171779698
14 28 800.9472422535023 30.136268612589852 0.2789126563009311 0.0003033274171779698
14 29 800.9472422535023 30.136268612589852 0.2789126563009311 0.0003033274171779698
14 30 774.2960912978049 10.619842458579843 -0.2889193695968617 0.00024086075032737838
14 31 774.2960912978049 10.619842458579843 -0.2889193695968617 0.00024086075032737838
14 32 774.2960912978049 10.619842458579843 -0.2889193695968617 0.00024086075032737838
14 33 774.2960912978049 10.619842458579843 -0.2889193695968617 0.00024086075032737838
14 34 764.1961761470868 16.64304228613988 0.3333009940257609 0.0004765392273010461
14 35 764.1961761470868 16.64304228613988 0.3333009940257609 0.0004765392273010461
14 36 764.1961761470868 16.64304228613988 0.3333009940257609 0.0004765392273010461
14 37 764.1961761470868 16.64304228613988 0.3333009940257609 0.0004765392273010461
14 38 764.1961761470868 16.64304228613988 0.3333009940257609 0.0004765392273010461
14 39 764.1961761470868 16.64304228613988 0.3333009940257609 0.0004765392273010461
14 40 899.5444341238742 8.774362033268037 0.18082979152374454 7.134675946836491e-05
14 41 899.5444341238742 8.774362033268037 0.18082979152374454 7.134675946836491e-05
14 42 899.5444341238742 8.774362033268037 0.18082979152374454 7.134675946836491e-05
14 43 899.5444341238742 8.774362033268037 0.18082979152374454 7.134675946836491e-05
14 44 899.5444341238742 8.774362033268037 0.18082979152374454 7.134675946836491e-05
14 45 899.5444341238742 8.774362033268037 0.18082979152374454 7.134675946836491e-05
14 46 780.0137888241157 50.0651816171869 0.34560058855919035 6.098713500382128e-05
14 47 780.0137888241157 50.0651816171869 0.34560058855919035 6.098713500382128e-05
14 48 780.0137888241157 50.0651816171869 0.34560058855919035 6.098713500382128e-05
14 49 780.0137888241157 50.0651816171869 0.34560058855919035 6.098713500382128e-05
14 50 780.0137888241157 50.0651816171869 0.34560058855919035 6.098713500382128e-05
14 51 780.0137888241157 50.0651816171869 0.34560058855919035 6.098713500382128e-05
14 52 780.0137888241157 50.0651816171869 0.34560058855919035 6.098713500382128e-05
14 53 780.0137888241157 50.0651816171869 0.34560058855919035 6.098713500382128e-05
14 54 788.7192955232495 49.12057883633226 -0.1953094029486686 5.900826987472913e-06
14 55 788.7192955232495 49.12057883633226 -0.1953094029486686 5.900826987472913e-06
15 0 1086.564126163481 5.469250624271442 0.6170061165654501 8.970499087670376e-05
15 1 1086.564126163481 5.469250624271442 0.6170061165654501 8.970499087670376e-05
15 2 1178.5008583817175 38.108194278398955 0.4389426760759588 8.879541777963998e-05
15 3 1178.5008583817175 38.108194278398955 0.4389426760759588 8.879541777963998e-05
15 4 1178.5008583817175 38.108194278398955 0.4389426760759588 8.879541777963998e-05
15 5 1178.5008583817175 38.108194278398955 0.4389426760759588 8.879541777963998e-05
15 6 1178.5008583817175 38.108194278398955 0.4389426760759588 8.879541777963998e-05
15 7 1178.5008583817175 38.108194278398955 0.4389426760759588 8.879541777963998e-05
15 8 1184.7056831218738 28.500713573881136 0.7086787467685063 9.093004987437514e-05
15 9 1184.7056831218738 28.500713573881136 0.7086787467685063 9.093004987437514e-05
15 10 1184.7056831218738 28.500713573881136 0.7086787467685063 9.093004987437514e-05
15 11 1184.7056831218738 28.500713573881136 0.7086787467685063 9.093004987437514e-05
15 12 1184.7056831218738 28.500713573881136 0.7086787467685063 9.093004987437514e-05
15 13 1184.7056831218738 28.500713573881136 0.7086787467685063 9.093004987437514e-05
15 14 1175.2589406320812 23.81758799873549 0.27585145229797947 0.00019115201454985512
15 15 1175.2589406320812 23.81758799873549 0.27585145229797947 0.00019115201454985512
15 16 1175.2589406320812 23.81758799873549 0.27585145229797947 0.00019115201454985512
15 17 1175.2589406320812 23.81758799873549 0.27585145229797947 0.00019115201454985512
15 18 1175.2589406320812 23.81758799873549 0.27585145229797947 0.00019115201454985512
15 19 1325.4715890572916 17.143925858367062 0.2952664636212997 9.351966478417703e-05
15 20 1325.4715890572916 17.143925858367062 0.2952664636212997 9.351966478417703e-05
15 21 1325.4715890572916 17.143925858367062 0.2952664636212997 9.351966478417703e-05
15 22 1325.4715890572916 17.143925858367062 0.2952664636212997 9.351966478417703e-05
15 23 1325.4715890572916 17.143925858367062 0.2952664636212997 9.351966478417703e-05
15 24 1325.4715890572916 17.143925858367062 0.2952664636212997 9.351966478417703e-05
15 25 1190.0206880699147 55.41275199274422 1.148951753909242 -2.309679973224835e-05
15 26 1190.0206880699147 55.41275199274422 1.148951753909242 -2.309679973224835e-05
15 27 1190.0206880699147 55.41275199274422 1.148951753909242 -2.309679973224835e-05
15 28 1190.0206880699147 55.41275199274422 1.148951753909242 -2.309679973224835e-05
15 29 1190.0206880699147 55.41275199274422 1.148951753909242 -2.309679973224835e-05
15 30 1184.011904213753 8.574278922631581 0.8206048885278575 2.6404858971709787e-05
15 31 1184.011904213753 8.574278922631581 0.8206048885278575 2.6404858971709787e-05
15 32 1184.011904213753 8.574278922631581 0.8206048885278575 2.6404858971709787e-05
15 33 1184.011904213753 8.574278922631581 0.8206048885278575 2.6404858971709787e-05
15 34 1269.6265917872788 2.956854707582523 0.5436164371263279 0.0001273751215283587
15 35 1269.6265917872788 2.956854707582523 0.5436164371263279 0.0001273751215283587
15 36 1269.6265917872788 2.956854707582523 0.5436164371263279 0.0001273751215283587
15 37 1269.6265917872788 2.956854707582523 0.5436164371263279 0.0001273751215283587
15 38 1269.6265917872788 2.956854707582523 0.5436164371263279 0.0001273751215283587
15 39 1269.6265917872788 2.956854707582523 0.5436164371263279 0.0001273751215283587
15 40 1266.8156660643244 3.005260450702741 0.2730967317285741 7.482256791691666e-05
15 41 1266.8156660643244 3.005260450702741 0.2730967317285741 7.482256791691666e-05
15 42 1266.8156660643244 3.005260450702741 0.2730967317285741 7.482256791691666e-05
15 43 1266.8156660643244 3.005260450702741 0.2730967317285741 7.482256791691666e-05
15 44 1266.8156660643244 3.005260450702741 0.2730967317285741 7.482256791691666e-05
15 45 1266.8156660643244 3.005260450702741 0.2730967317285741 7.482256791691666e-05
15 46 1164.2648107390169 2.5694378389464587 0.9812778588702493 7.873773675852413e-05
15 47 1164.2648107390169 2.5694378389464587 0.9812778588702493 7.873773675852413e-05
15 48 1164.2648107390169 2.5694378389464587 0.9812778588702493 7.873773675852413e-05
15 49 1164.2648107390169 2.5694378389464587 0.9812778588702493 7.873773675852413e-05
15 50 1164.2648107390169 2.5694378389464587 0.9812778588702493 7.873773675852413e-05
15 51 1164.2648107390169 2.5694378389464587 0.9812778588702493 7.873773675852413e-05
15 52 1164.2648107390169 2.5694378389464587 0.9812778588702493 7.873773675852413e-05
15 53 1164.2648107390169 2.5694378389464587 0.9812778588702493 7.873773675852413e-05
15 54 1331.3208404335041 20.7819928006369 0.26412070057061654 9.220838598076003e-05
15 55 1331.3208404335041 20.7819928006369 0.26412070057061654 9.220838598076003e-05
16 0 722.8998488717018 40.352587440332634 0.5006129510141808 5.405863650407688e-05
16 1 722.8998488717018 40.352587440332634 0.5006129510141808 5.405863650407688e-05
16 2 826.7031223171086 23.305900624958568 0.44322749865272293 6.967783340015561e-05
16 3 826.7031223171086 23.305900624958568 0.44322749865272293 6.967783340015561e-05
16 4 826.7031223171086 23.305900624958568 0.44322749865272293 6.967783340015561e-05
16 5 826.7031223171086 23.305900624958568 0.44322749865272293 6.967783340015561e-05
16 6 826.7031223171086 23.305900624958568 0.44322749865272293 6.967783340015561e-05
16 7 826.7031223171086 23.305900624958568 0.44322749865272293 6.967783340015561e-05
16 8 849.4894548092415 17.81727160643002 0.3918342914644668 9.649997684758872e-05
16 9 849.4894548092415 17.81727160643002 0.3918342914644668 9.649997684758872e-05
16 10 849.4894548092415 17.81727160643002 0.3918342914644668 9.649997684758872e-05
16 11 849.4894548092415 17.81727160643002 0.3918342914644668 9.649997684758872e-05
16 12 849.4894548092415 17.81727160643002 0.3918342914644668 9.649997684758872e-05
16 13 849.4894548092415 17.81727160643002 0.3918342914644668 9.649997684758872e-05
16 14 792.7124375091853 31.70557944196235 0.2653713560289861 0.0002655382242789483
16 15 792.7124375091853 31.70557944196235 0.2653713560289861 0.0002655382242789483
16 16 792.7124375091853 31.70557944196235 0.2653713560289861 0.0002655382242789483
16 17 792.7124375091853 31.70557944196235 0.2653713560289861 0.0002655382242789483
16 18 792.7124375091853 31.70557944196235 0.2653713560289861 0.0002655382242789483
16 19 827.1336217171634 27.876313619069055 0.30522262007187284 8.093527032127166e-05
16 20 827.1336217171634 27.876313619069055 0.30522262007187284 8.093527032127166e-05
16 21 827.1336217171634 27.876313619069055 0.30522262007187284 8.093527032127166e-05
16 22 827.1336217171634 27.876313619069055 0.30522262007187284 8.093527032127166e-05
16 23 827.1336217171634 27.876313619069055 0.30522262007187284 8.093527032127166e-05
16 24 827.1336217171634 27.876313619069055 0.30522262007187284 8.093527032127166e-05
16 25 932.8922239943572 29.67901459292632 0.19031966296894548 0.0002580320790108372
16 26 932.8922239943572 29.67901459292632 0.19031966296894548 0.0002580320790108372
16 27 932.8922239943572 29.67901459292632 0.19031966296894548 0.0002580320790108372
16 28 932.8922239943572 29.67901459292632 0.19031966296894548 0.0002580320790108372
16 29 932.8922239943572 29.67901459292632 0.19031966296894548 0.0002580320790108372
16 30 926.3143569906306 31.20717522379247 0.1302382933310839 0.00031476087136385767
16 31 926.3143569906306 31.20717522379247 0.1302382933310839 0.00031476087136385767
16 32 926.3143569906306 31.20717522379247 0.1302382933310839 0.00031476087136385767
16 33 926.3143569906306 31.20717522379247 0.1302382933310839 0.00031476087136385767
16 34 793.2767086922448 33.619642584807096 0.10411276721589323 0.00017827741385253255
16 35 793.2767086922448 33.619642584807096 0.10411276721589323 0.00017827741385253255
16 36 793.2767086922448 33.619642584807096 0.10411276721589323 0.00017827741385253255
16 37 793.2767086922448 33.619642584807096 0.10411276721589323 0.00017827741385253255
16 38 793.2767086922448 33.619642584807096 0.10411276721589323 0.00017827741385253255
16 39 793.2767086922448 33.619642584807096 0.10411276721589323 0.00017827741385253255
16 40 790.8016003242731 28.18931468614838 0.36924308400116623 5.7769578979719333e-05
16 41 790.8016003242731 28.18931468614838 0.36924308400116623 5.7769578979719333e-05
16 42 790.8016003242731 28.18931468614838 0.36924308400116623 5.7769578979719333e-05
16 43 790.8016003242731 28.18931468614838 0.36924308400116623 5.7769578979719333e-05
16 44 790.8016003242731 28.18931468614838 0.36924308400116623 5.7769578979719333e-05
16 45 790.8016003242731 28.18931468614838 0.36924308400116623 5.7769578979719333e-05
16 46 790.8762100365977 26.785179809987593 0.03027640258110505 0.000298322390311516
16 47 790.8762100365977 26.785179809987593 0.03027640258110505 0.000298322390311516
16 48 790.8762100365977 26.785179809987593 0.03027640258110505 0.000298322390311516
16 49 790.8762100365977 26.785179809987593 0.03027640258110505 0.000298322390311516
16 50 790.8762100365977 26.785179809987593 0.03027640258110505 0.000298322390311516
16 51 790.8762100365977 26.785179809987593 0.03027640258110505 0.000298322390311516
16 52 790.8762100365977 26.785179809987593 0.03027640258110505 0.000298322390311516
16 53 790.8762100365977 26.785179809987593 0.03027640258110505 0.000298322390311516
16 54 790.2279874839654 29.6705869675817 -0.08882606194491383 0.0003065424079621435
16 55 790.2279874839654 29.6705869675817 -0.08882606194491383 0.0003065424079621435
17 0 955.7062031820658 14.817559423043853 0.6300198300073565 -1.862647342840646e-05
17 1 955.7062031820658 14.817559423043853 0.6300198300073565 -1.862647342840646e-05
17 2 839.1822011668901 18.791357474845398 0.6619581672623117 7.647231766440166e-05
17 3 839.1822011668901 18.791357474845398 0.6619581672623117 7.647231766440166e-05
17 4 839.1822011668901 18.791357474845398 0.6619581672623117 7.647231766440166e-05
17 5 839.1822011668901 18.791357474845398 0.6619581672623117 7.647231766440166e-05
17 6 839.1822011668901 18.791357474845398 0.6619581672623117 7.647231766440166e-05
17 7 839.1822011668901 18.791357474845398 0.6619581672623117 7.647231766440166e-05
17 8 853.1707803226165 21.831553098066827 1.2572491863535793 3.129245599006574e-05
17 9 853.1707803226165 21.831553098066827 1.2572491863535793 3.129245599006574e-05
17 10 853.1707803226165 21.831553098066827 1.2572491863535793 3.129245599006574e-05
17 11 853.1707803226165 21.831553098066827 1.2572491863535793 3.129245599006574e-05
17 12 853.1707803226165 21.831553098066827 1.2572491863535793 3.129245599006574e-05
17 13 853.1707803226165 21.831553098066827 1.2572491863535793 3.129245599006574e-05
17 14 838.2006307301932 20.134103689102076 0.9030779328072716 0.00017172123465707812
17 15 838.2006307301932 20.134103689102076 0.9030779328072716 0.00017172123465707812
17 16 838.2006307301932 20.134103689102076 0.9030779328072716 0.00017172123465707812
17 17 838.2006307301932 20.134103689102076 0.9030779328072716 0.00017172123465707812
17 18 838.2006307301932 20.134103689102076 0.9030779328072716 0.00017172123465707812
17 19 924.0101339421956 17.822046283672364 0.5718769505255366 -4.318356511895279e-05
17 20 924.0101339421956 17.822046283672364 0.5718769505255366 -4.318356511895279e-05
17 21 924.0101339421956 17.822046283672364 0.5718769505255366 -4.318356511895279e-05
17 22 924.0101339421956 17.822046283672364 0.5718769505255366 -4.318356511895279e-05
17 23 924.0101339421956 17.822046283672364 0.5718769505255366 -4.318356511895279e-05
17 24 924.0101339421956 17.822046283672364 0.5718769505255366 -4.318356511895279e-05
17 25 885.6607268849609 20.34468381944329 1.2174869052490929 3.9994708849905345e-05
17 26 885.6607268849609 20.34468381944329 1.2174869052490929 3.9994708849905345e-05
17 27 885.6607268849609 20.34468381944329 1.2174869052490929 3.9994708849905345e-05
17 28 885.6607268849609 20.34468381944329 1.2174869052490929 3.9994708849905345e-05
17 29 885.6607268849609 20.34468381944329 1.2174869052490929 3.9994708849905345e-05
17 30 992.8648823088477 15.05081692771855 0.43831408960612717 -1.0639428603740943e-05
17 31 992.8648823088477 15.05081692771855 0.43831408960612717 -1.0639428603740943e-05
17 32 992.8648823088477 15.05081692771855 0.43831408960612717 -1.0639428603740943e-05
17 33 992.8648823088477 15.05081692771855 0.43831408960612717 -1.0639428603740943e-05
17 34 843.5571779292337 19.90748136256495 1.1099245873560495 0.00012034177780168213
17 35 843.5571779292337 19.90748136256495 1.1099245873560495 0.00012034177780168213
17 36 843.5571779292337 19.90748136256495 1.1099245873560495 0.00012034177780168213
17 37 843.5571779292337 19.90748136256495 1.1099245873560495 0.00012034177780168213
17 38 843.5571779292337 19.90748136256495 1.1099245873560495 0.00012034177780168213
17 39 843.5571779292337 19.90748136256495 1.1099245873560495 0.00012034177780168213
17 40 864.341329460349 46.77347703774686 2.370953145395243 5.16772267268552e-05
17 41 864.341329460349 46.77347703774686 2.370953145395243 5.16772267268552e-05
17 42 864.341329460349 46.77347703774686 2.370953145395243 5.16772267268552e-05
17 43 864.341329460349 46.77347703774686 2.370953145395243 5.16772267268552e-05
17 44 864.341329460349 46.77347703774686 2.370953145395243 5.16772267268552e-05
17 45 864.341329460349 46.77347703774686 2.370953145395243 5.16772267268552e-05
17 46 919.0892333125271 11.810272936526097 0.2827059047538707 -8.732080508807368e-06
17 47 919.0892333125271 11.810272936526097 0.2827059047538707 -8.732080508807368e-06
17 48 919.0892333125271 11.810272936526097 0.2827059047538707 -8.732080508807368e-06
17 49 919.0892333125271 11.810272936526097 0.2827059047538707 -8.732080508807368e-06
17 50 919.0892333125271 11.810272936526097 0.2827059047538707 -8.732080508807368e-06
17 51 919.0892333125271 11.810272936526097 0.2827059047538707 -8.732080508807368e-06
17 52 919.0892333125271 11.810272936526097 0.2827059047538707 -8.732080508807368e-06
17 53 919.0892333125271 11.810272936526097 0.2827059047538707 -8.732080508807368e-06
17 54 911.3721427545073 17.077785418182977 1.2496334738748756 0.0002514248372481357
17 55 911.3721427545073 17.077785418182977 1.2496334738748756 0.0002514248372481357
18 0 859.4881850123221 23.302500006555135 0.31356981638305126 9.542703628517122e-05
18 1 859.4881850123221 23.302500006555135 0.31356981638305126 9.542703628517122e-05
18 2 859.6476128811269 22.83132953623134 0.2999039879748748 9.971845910871513e-05
18 3 859.6476128811269 22.83132953623134 0.2999039879748748 9.971845910871513e-05
18 4 859.6476128811269 22.83132953623134 0.2999039879748748 9.971845910871513e-05
18 5 859.6476128811269 22.83132953623134 0.2999039879748748 9.971845910871513e-05
18 6 859.6476128811269 22.83132953623134 0.2999039879748748 9.971845910871513e-05
18 7 859.6476128811269 22.83132953623134 0.2999039879748748 9.971845910871513e-05
18 8 846.4634445007068 23.4454834561215 0.47889648668915996 9.148387441302626e-05
18 9 846.4634445007068 23.4454834561215 0.47889648668915996 9.148387441302626e-05
18 10 846.4634445007068 23.4454834561215 0.47889648668915996 9.148387441302626e-05
18 11 846.4634445007068 23.4454834561215 0.47889648668915996 9.148387441302626e-05
18 12 846.4634445007068 23.4454834561215 0.47889648668915996 9.148387441302626e-05
18 13 846.4634445007068 23.4454834561215 0.47889648668915996 9.148387441302626e-05
18 14 856.4231004972119 23.44362319091136 0.2580738518500788 9.614235534140855e-05
18 15 856.4231004972119 23.44362319091136 0.2580738518500788 9.614235534140855e-05
18 16 856.4231004972119 23.44362319091136 0.2580738518500788 9.614235534140855e-05
18 17 856.4231004972119 23.44362319091136 0.2580738518500788 9.614235534140855e-05
18 18 856.4231004972119 23.44362319091136 0.2580738518500788 9.614235534140855e-05
18 19 860.8155688976306 22.759444749698275 0.2949479990653001 9.423493496178096e-05
18 20 860.8155688976306 22.759444749698275 0.2949479990653001 9.423493496178096e-05
18 21 860.8155688976306 22.759444749698275 0.2949479990653001 9.423493496178096e-05
18 22 860.8155688976306 22.759444749698275 0.2949479990653001 9.423493496178096e-05
18 23 860.8155688976306 22.759444749698275 0.2949479990653001 9.423493496178096e-05
18 24 860.8155688976306 22.759444749698275 0.2949479990653001 9.423493496178096e-05
18 25 856.3724066813642 24.397350344529478 0.3311638908421013 9.936095513589493e-05
18 26 856.3724066813642 24.397350344529478 0.3311638908421013 9.936095513589493e-05
18 27 856.3724066813642 24.397350344529478 0.3311638908421013 9.936095513589493e-05
18 28 856.3724066813642 24.397350344529478 0.3311638908421013 9.936095513589493e-05
18 29 856.3724066813642 24.397350344529478 0.3311638908421013 9.936095513589493e-05
18 30 859.427397374281 23.44548482932956 0.301143529817761 8.941197969092081e-05
18 31 859.427397374281 23.44548482932956 0.301143529817761 8.941197969092081e-05
18 32 859.427397374281 23.44548482932956 0.301143529817761 8.941197969092081e-05
18 33 859.427397374281 23.44548482932956 0.301143529817761 8.941197969092081e-05
18 34 858.9579498312733 23.440417921374987 0.3152776528918666 8.779764910474058e-05
18 35 858.9579498312733 23.440417921374987 0.3152776528918666 8.779764910474058e-05
18 36 858.9579498312733 23.440417921374987 0.3152776528918666 8.779764910474058e-05
18 37 858.9579498312733 23.440417921374987 0.3152776528918666 8.779764910474058e-05
18 38 858.9579498312733 23.440417921374987 0.3152776528918666 8.779764910474058e-05
18 39 858.9579498312733 23.440417921374987 0.3152776528918666 8.779764910474058e-05
18 40 856.4927307654668 24.422381459566008 0.30954441634836094 8.733674478422208e-05
18 41 856.4927307654668 24.422381459566008 0.30954441634836094 8.733674478422208e-05
18 42 856.4927307654668 24.422381459566008 0.30954441634836094 8.733674478422208e-05
18 43 856.4927307654668 24.422381459566008 0.30954441634836094 8.733674478422208e-05
18 44 856.4927307654668 24.422381459566008 0.30954441634836094 8.733674478422208e-05
18 45 856.4927307654668 24.422381459566008 0.30954441634836094 8.733674478422208e-05
18 46 860.3623338604436 23.445326398278084 0.3010498759595278 9.047466534296445e-05
18 47 860.3623338604436 23.445326398278084 0.3010498759595278 9.047466534296445e-05
18 48 860.3623338604436 23.445326398278084 0.3010498759595278 9.047466534296445e-05
18 49 860.3623338604436 23.445326398278084 0.3010498759595278 9.047466534296445e-05
18 50 860.3623338604436 23.445326398278084 0.3010498759595278 9.047466534296445e-05
18 51 860.3623338604436 23.445326398278084 0.3010498759595278 9.047466534296445e-05
18 52 860.3623338604436 23.445326398278084 0.3010498759595278 9.047466534296445e-05
18 53 860.3623338604436 23.445326398278084 0.3010498759595278 9.047466534296445e-05
18 54 834.9514183279177 23.445473867847735 0.08676019644946796 0.00010622406898325223
18 55 834.9514183279177 23.445473867847735 0.08676019644946796 0.00010622406898325223
19 0 969.8910403529387 20.24008947518817 0.3085516644661245 9.11355018493548e-05
19 1 969.8910403529387 20.24008947518817 0.3085516644661245 9.11355018493548e-05
19 2 979.2606381857539 20.16877893117597 0.3293388001302694 8.958579797299182e-05
19 3 979.2606381857539 20.16877893117597 0.3293388001302694 8.958579797299182e-05
19 4 979.2606381857539 20.16877893117597 0.3293388001302694 8.958579797299182e-05
19 5 979.2606381857539 20.16877893117597 0.3293388001302694 8.958579797299182e-05
19 6 979.2606381857539 20.16877893117597 0.3293388001302694 8.958579797299182e-05
19 7 979.2606381857539 20.16877893117597 0.3293388001302694 8.958579797299182e-05
19 8 959.7455861339686 20.05011610766018 0.47273875385918895 9.411573393510424e-05
19 9 959.7455861339686 20.05011610766018 0.47273875385918895 9.411573393510424e-05
19 10 959.7455861339686 20.05011610766018 0.47273875385918895 9.411573393510424e-05
19 11 959.7455861339686 20.05011610766018 0.47273875385918895 9.411573393510424e-05
19 12 959.7455861339686 20.05011610766018 0.47273875385918895 9.411573393510424e-05
19 13 959.7455861339686 20.05011610766018 0.47273875385918895 9.411573393510424e-05
19 14 913.5051206177202 22.467269806274217 0.7666600195864066 9.673833838347881e-05
19 15 913.5051206177202 22.467269806274217 0.7666600195864066 9.673833838347881e-05
19 16 913.5051206177202 22.467269806274217 0.7666600195864066 9.673833838347881e-05
19 17 913.5051206177202 22.467269806274217 0.7666600195864066 9.673833838347881e-05
19 18 913.5051206177202 22.467269806274217 0.7666600195864066 9.673833838347881e-05
19 19 938.2257600241369 20.835530636780398 0.36252737245332056 6.169082763492412e-05
19 20 938.2257600241369 20.835530636780398 0.36252737245332056 6.169082763492412e-05
19 21 938.2257600241369 20.835530636780398 0.36252737245332056 6.169082763492412e-05
19 22 938.2257600241369 20.835530636780398 0.36252737245332056 6.169082763492412e-05
19 23 938.2257600241369 20.835530636780398 0.36252737245332056 6.169082763492412e-05
19 24 938.2257600241369 20.835530636780398 0.36252737245332056 6.169082763492412e-05
19 25 928.7332739288929 22.13085341356513 0.7126333674075424 8.422136286679582e-05
19 26 928.7332739288929 22.13085341356513 0.7126333674075424 8.422136286679582e-05
19 27 928.7332739288929 22.13085341356513 0.7126333674075424 8.422136286679582e-05
19 28 928.7332739288929 22.13085341356513 0.7126333674075424 8.422136286679582e-05
19 29 928.7332739288929 22.13085341356513 0.7126333674075424 8.422136286679582e-05
19 30 909.8950930379539 20.851153189851694 0.28420320803752963 9.423494416067216e-05
19 31 909.8950930379539 20.851153189851694 0.28420320803752963 9.423494416067216e-05
19 32 909.8950930379539 20.851153189851694 0.28420320803752963 9.423494416067216e-05
19 33 909.8950930379539 20.851153189851694 0.28420320803752963 9.423494416067216e-05
19 34 980.3956766889219 20.74765816500397 0.31178102746921826 9.912252538014194e-05
19 35 980.3956766889219 20.74765816500397 0.31178102746921826 9.912252538014194e-05
19 36 980.3956766889219 20.74765816500397 0.31178102746921826 9.912252538014194e-05
19 37 980.3956766889219 20.74765816500397 0.31178102746921826 9.912252538014194e-05
19 38 980.3956766889219 20.74765816500397 0.31178102746921826 9.912252538014194e-05
19 39 980.3956766889219 20.74765816500397 0.31178102746921826 9.912252538014194e-05
19 40 977.8612823039902 21.697726402049263 0.3376297899012581 9.983778006088356e-05
19 41 977.8612823039902 21.697726402049263 0.3376297899012581 9.983778006088356e-05
19 42 977.8612823039902 21.697726402049263 0.3376297899012581 9.983778006088356e-05
19 43 977.8612823039902 21.697726402049263 0.3376297899012581 9.983778006088356e-05
19 44 977.8612823039902 21.697726402049263 0.3376297899012581 9.983778006088356e-05
19 45 977.8612823039902 21.697726402049263 0.3376297899012581 9.983778006088356e-05
19 46 922.7080876250579 21.75740518438365 0.6575223644124586 9.772009851094638e-05
19 47 922.7080876250579 21.75740518438365 0.6575223644124586 9.772009851094638e-05
19 48 922.7080876250579 21.75740518438365 0.6575223644124586 9.772009851094638e-05
19 49 922.7080876250579 21.75740518438365 0.6575223644124586 9.772009851094638e-05
19 50 922.7080876250579 21.75740518438365 0.6575223644124586 9.772009851094638e-05
19 51 922.7080876250579 21.75740518438365 0.6575223644124586 9.772009851094638e-05
19 52 922.7080876250579 21.75740518438365 0.6575223644124586 9.772009851094638e-05
19 53 922.7080876250579 21.75740518438365 0.6575223644124586 9.772009851094638e-05
19 54 927.6617398548715 25.025084973082095 0.9841621706200964 7.432693932202711e-05
19 55 927.6617398548715 25.025084973082095 0.9841621706200964 7.432693932202711e-05
