order obs chisq vsini limbdark rv
0 0 8343.043725507112 27.571432539490345 0.24162850466101593 0.0001478791240486506
0 1 8343.043725507112 27.571432539490345 0.24162850466101593 0.0001478791240486506
0 2 7597.815968357842 37.805912311340684 0.09317769991634485 0.0001036524770617971
0 3 7597.815968357842 37.805912311340684 0.09317769991634485 0.0001036524770617971
0 4 7597.815968357842 37.805912311340684 0.09317769991634485 0.0001036524770617971
0 5 7597.815968357842 37.805912311340684 0.09317769991634485 0.0001036524770617971
0 6 7597.815968357842 37.805912311340684 0.09317769991634485 0.0001036524770617971
0 7 7597.815968357842 37.805912311340684 0.09317769991634485 0.0001036524770617971
0 8 7722.100939971553 38.434329433313756 0.61267372158154 0.00010773200597046452
0 9 7722.100939971553 38.434329433313756 0.61267372158154 0.00010773200597046452
0 10 7722.100939971553 38.434329433313756 0.61267372158154 0.00010773200597046452
0 11 7722.100939971553 38.434329433313756 0.61267372158154 0.00010773200597046452
0 12 7722.100939971553 38.434329433313756 0.61267372158154 0.00010773200597046452
0 13 7722.100939971553 38.434329433313756 0.61267372158154 0.00010773200597046452
0 14 7909.321747941254 33.60896485819552 -0.1369313665929338 9.316205982779925e-05
0 15 7909.321747941254 33.60896485819552 -0.1369313665929338 9.316205982779925e-05
0 16 7909.321747941254 33.60896485819552 -0.1369313665929338 9.316205982779925e-05
0 17 7909.321747941254 33.60896485819552 -0.1369313665929338 9.316205982779925e-05
0 18 7909.321747941254 33.60896485819552 -0.1369313665929338 9.316205982779925e-05
0 19 7690.1119746311 36.12102919063528 0.3767424065701729 0.00010830163966506452
0 20 7690.1119746311 36.12102919063528 0.3767424065701729 0.00010830163966506452
0 21 7690.1119746311 36.12102919063528 0.3767424065701729 0.00010830163966506452
0 22 7690.1119746311 36.12102919063528 0.3767424065701729 0.00010830163966506452
0 23 7690.1119746311 36.12102919063528 0.3767424065701729 0.00010830163966506452
0 24 7690.1119746311 36.12102919063528 0.3767424065701729 0.00010830163966506452
0 25 8437.521978901059 29.877195311944064 0.16131973055335963 8.505582822669516e-05
0 26 8437.521978901059 29.877195311944064 0.16131973055335963 8.505582822669516e-05
0 27 8437.521978901059 29.877195311944064 0.16131973055335963 8.505582822669516e-05
0 28 8437.521978901059 29.877195311944064 0.16131973055335963 8.505582822669516e-05
0 29 8437.521978901059 29.877195311944064 0.16131973055335963 8.505582822669516e-05
0 30 7580.724384313008 36.46065181194309 0.32264534269012135 5.012750634062476e-05
0 31 7580.724384313008 36.46065181194309 0.32264534269012135 5.012750634062476e-05
0 32 7580.724384313008 36.46065181194309 0.32264534269012135 5.012750634062476e-05
0 33 7580.724384313008 36.46065181194309 0.32264534269012135 5.012750634062476e-05
0 34 8635.994029068033 25.860668102431962 0.4342118973969611 4.869699460863091e-05
0 35 8635.994029068033 25.860668102431962 0.4342118973969611 4.869699460863091e-05
0 36 8635.994029068033 25.860668102431962 0.4342118973969611 4.869699460863091e-05
0 37 8635.994029068033 25.860668102431962 0.4342118973969611 4.869699460863091e-05
0 38 8635.994029068033 25.860668102431962 0.4342118973969611 4.869699460863091e-05
0 39 8635.994029068033 25.860668102431962 0.4342118973969611 4.869699460863091e-05
0 40 7533.7846909397795 40.11828150693435 0.060445042081440525 2.1994115832416067e-05
0 41 7533.7846909397795 40.11828150693435 0.060445042081440525 2.1994115832416067e-05
0 42 7533.7846909397795 40.11828150693435 0.060445042081440525 2.1994115832416067e-05
0 43 7533.7846909397795 40.11828150693435 0.060445042081440525 2.1994115832416067e-05
0 44 7533.7846909397795 40.11828150693435 0.060445042081440525 2.1994115832416067e-05
0 45 7533.7846909397795 40.11828150693435 0.060445042081440525 2.1994115832416067e-05
0 46 7512.912467141054 44.60109397843338 0.2593435968733555 4.4047832473272235e-05
0 47 7512.912467141054 44.60109397843338 0.2593435968733555 4.4047832473272235e-05
0 48 7512.912467141054 44.60109397843338 0.2593435968733555 4.4047832473272235e-05
0 49 7512.912467141054 44.60109397843338 0.2593435968733555 4.4047832473272235e-05
0 50 7512.912467141054 44.60109397843338 0.2593435968733555 4.4047832473272235e-05
0 51 7512.912467141054 44.60109397843338 0.2593435968733555 4.4047832473272235e-05
0 52 7512.912467141054 44.60109397843338 0.2593435968733555 4.4047832473272235e-05
0 53 7512.912467141054 44.60109397843338 0.2593435968733555 4.4047832473272235e-05
0 54 7323.622847780876 41.51693080297278 0.4584217951710116 7.838011100654938e-05
0 55 7323.622847780876 41.51693080297278 0.4584217951710116 7.838011100654938e-05
1 0 3599.9528163086848 40.17931638447059 -0.007139189204556496 -5.098903752401802e-05
1 1 3599.9528163086848 40.17931638447059 -0.007139189204556496 -5.098903752401802e-05
1 2 3591.2423218414538 40.787254006802996 0.07740141816649043 3.0398273849658644e-06
1 3 3591.2423218414538 40.787254006802996 0.07740141816649043 3.0398273849658644e-06
1 4 3591.2423218414538 40.787254006802996 0.07740141816649043 3.0398273849658644e-06
1 5 3591.2423218414538 40.787254006802996 0.07740141816649043 3.0398273849658644e-06
1 6 3591.2423218414538 40.787254006802996 0.07740141816649043 3.0398273849658644e-06
1 7 3591.2423218414538 40.787254006802996 0.07740141816649043 3.0398273849658644e-06
1 8 3441.1564308414236 53.57026307898441 1.3244520587407296 6.778804244455602e-06
1 9 3441.1564308414236 53.57026307898441 1.3244520587407296 6.778804244455602e-06
1 10 3441.1564308414236 53.57026307898441 1.3244520587407296 6.778804244455602e-06
1 11 3441.1564308414236 53.57026307898441 1.3244520587407296 6.778804244455602e-06
1 12 3441.1564308414236 53.57026307898441 1.3244520587407296 6.778804244455602e-06
1 13 3441.1564308414236 53.57026307898441 1.3244520587407296 6.778804244455602e-06
1 14 3582.919758236656 41.4008251490996 0.1710812921976938 2.688169513929584e-05
1 15 3582.919758236656 41.4008251490996 0.1710812921976938 2.688169513929584e-05
1 16 3582.919758236656 41.4008251490996 0.1710812921976938 2.688169513929584e-05
1 17 3582.919758236656 41.4008251490996 0.1710812921976938 2.688169513929584e-05
1 18 3582.919758236656 41.4008251490996 0.1710812921976938 2.688169513929584e-05
1 19 3581.506467459215 41.41584287680133 0.19804241155059849 5.2511692668772165e-05
1 20 3581.506467459215 41.41584287680133 0.19804241155059849 5.2511692668772165e-05
1 21 3581.506467459215 41.41584287680133 0.19804241155059849 5.2511692668772165e-05
1 22 3581.506467459215 41.41584287680133 0.19804241155059849 5.2511692668772165e-05
1 23 3581.506467459215 41.41584287680133 0.19804241155059849 5.2511692668772165e-05
1 24 3581.506467459215 41.41584287680133 0.19804241155059849 5.2511692668772165e-05
1 25 3587.404157698238 43.25274850327594 0.453530293823705 7.337331667561127e-05
1 26 3587.404157698238 43.25274850327594 0.453530293823705 7.337331667561127e-05
1 27 3587.404157698238 43.25274850327594 0.453530293823705 7.337331667561127e-05
1 28 3587.404157698238 43.25274850327594 0.453530293823705 7.337331667561127e-05
1 29 3587.404157698238 43.25274850327594 0.453530293823705 7.337331667561127e-05
1 30 3487.6342168321366 52.338761366019256 1.267338637810263 0.00013178588148769172
1 31 3487.6342168321366 52.338761366019256 1.267338637810263 0.00013178588148769172
1 32 3487.6342168321366 52.338761366019256 1.267338637810263 0.00013178588148769172
1 33 3487.6342168321366 52.338761366019256 1.267338637810263 0.00013178588148769172
1 34 3436.1700356177344 52.33876301059561 1.3135764532904555 0.00011321439982485659
1 35 3436.1700356177344 52.33876301059561 1.3135764532904555 0.00011321439982485659
1 36 3436.1700356177344 52.33876301059561 1.3135764532904555 0.00011321439982485659
1 37 3436.1700356177344 52.33876301059561 1.3135764532904555 0.00011321439982485659
1 38 3436.1700356177344 52.33876301059561 1.3135764532904555 0.00011321439982485659
1 39 3436.1700356177344 52.33876301059561 1.3135764532904555 0.00011321439982485659
1 40 3347.4195253650482 57.264763110131675 1.3246360461042834 7.387673950552211e-05
1 41 3347.4195253650482 57.264763110131675 1.3246360461042834 7.387673950552211e-05
1 42 3347.4195253650482 57.264763110131675 1.3246360461042834 7.387673950552211e-05
1 43 3347.4195253650482 57.264763110131675 1.3246360461042834 7.387673950552211e-05
1 44 3347.4195253650482 57.264763110131675 1.3246360461042834 7.387673950552211e-05
1 45 3347.4195253650482 57.264763110131675 1.3246360461042834 7.387673950552211e-05
1 46 3586.6390033007783 41.39205230031153 0.1925572241812069 -1.4513728792308476e-05
1 47 3586.6390033007783 41.39205230031153 0.1925572241812069 -1.4513728792308476e-05
1 48 3586.6390033007783 41.39205230031153 0.1925572241812069 -1.4513728792308476e-05
1 49 3586.6390033007783 41.39205230031153 0.1925572241812069 -1.4513728792308476e-05
1 50 3586.6390033007783 41.39205230031153 0.1925572241812069 -1.4513728792308476e-05
1 51 3586.6390033007783 41.39205230031153 0.1925572241812069 -1.4513728792308476e-05
1 52 3586.6390033007783 41.39205230031153 0.1925572241812069 -1.4513728792308476e-05
1 53 3586.6390033007783 41.39205230031153 0.1925572241812069 -1.4513728792308476e-05
1 54 3569.596950690089 42.59956439113772 0.31222466791527853 -9.247633476488273e-05
1 55 3569.596950690089 42.59956439113772 0.31222466791527853 -9.247633476488273e-05
2 0 2014.1847784342576 33.18821492142294 0.19002112274948196 7.87377415180165e-05
2 1 2014.1847784342576 33.18821492142294 0.19002112274948196 7.87377415180165e-05
2 2 2041.8704923565974 32.47067375702938 0.3494541160316461 3.927946355211995e-05
2 3 2041.8704923565974 32.47067375702938 0.3494541160316461 3.927946355211995e-05
2 4 2041.8704923565974 32.47067375702938 0.3494541160316461 3.927946355211995e-05
2 5 2041.8704923565974 32.47067375702938 0.3494541160316461 3.927946355211995e-05
2 6 2041.8704923565974 32.47067375702938 0.3494541160316461 3.927946355211995e-05
2 7 2041.8704923565974 32.47067375702938 0.3494541160316461 3.927946355211995e-05
2 8 2016.327630408512 32.68453609443023 0.12039051412133212 0.0001693368167130889
2 9 2016.327630408512 32.68453609443023 0.12039051412133212 0.0001693368167130889
2 10 2016.327630408512 32.68453609443023 0.12039051412133212 0.0001693368167130889
2 11 2016.327630408512 32.68453609443023 0.12039051412133212 0.0001693368167130889
2 12 2016.327630408512 32.68453609443023 0.12039051412133212 0.0001693368167130889
2 13 2016.327630408512 32.68453609443023 0.12039051412133212 0.0001693368167130889
2 14 1998.5054086463813 33.8957771691137 0.3868844524603565 0.00011307001233733108
2 15 1998.5054086463813 33.8957771691137 0.3868844524603565 0.00011307001233733108
2 16 1998.5054086463813 33.8957771691137 0.3868844524603565 0.00011307001233733108
2 17 1998.5054086463813 33.8957771691137 0.3868844524603565 0.00011307001233733108
2 18 1998.5054086463813 33.8957771691137 0.3868844524603565 0.00011307001233733108
2 19 2026.095099194787 32.77048307820131 0.22465392420412134 3.939688902600313e-05
2 20 2026.095099194787 32.77048307820131 0.22465392420412134 3.939688902600313e-05
2 21 2026.095099194787 32.77048307820131 0.22465392420412134 3.939688902600313e-05
2 22 2026.095099194787 32.77048307820131 0.22465392420412134 3.939688902600313e-05
2 23 2026.095099194787 32.77048307820131 0.22465392420412134 3.939688902600313e-05
2 24 2026.095099194787 32.77048307820131 0.22465392420412134 3.939688902600313e-05
2 25 2000.4158261223747 33.88789784952989 0.35828040312157927 6.479024881691329e-05
2 26 2000.4158261223747 33.88789784952989 0.35828040312157927 6.479024881691329e-05
2 27 2000.4158261223747 33.88789784952989 0.35828040312157927 6.479024881691329e-05
2 28 2000.4158261223747 33.88789784952989 0.35828040312157927 6.479024881691329e-05
2 29 2000.4158261223747 33.88789784952989 0.35828040312157927 6.479024881691329e-05
2 30 2005.639068814009 33.32680047289166 0.2779911104444489 0.00011891126658945348
2 31 2005.639068814009 33.32680047289166 0.2779911104444489 0.00011891126658945348
2 32 2005.639068814009 33.32680047289166 0.2779911104444489 0.00011891126658945348
2 33 2005.639068814009 33.32680047289166 0.2779911104444489 0.00011891126658945348
2 34 1950.5448242618631 39.3165540150094 1.2217738804222706 9.591558618375086e-05
2 35 1950.5448242618631 39.3165540150094 1.2217738804222706 9.591558618375086e-05
2 36 1950.5448242618631 39.3165540150094 1.2217738804222706 9.591558618375086e-05
2 37 1950.5448242618631 39.3165540150094 1.2217738804222706 9.591558618375086e-05
2 38 1950.5448242618631 39.3165540150094 1.2217738804222706 9.591558618375086e-05
2 39 1950.5448242618631 39.3165540150094 1.2217738804222706 9.591558618375086e-05
2 40 2196.985390034274 30.13858519816799 0.36857720849079867 -2.655393078177679e-05
2 41 2196.985390034274 30.13858519816799 0.36857720849079867 -2.655393078177679e-05
2 42 2196.985390034274 30.13858519816799 0.36857720849079867 -2.655393078177679e-05
2 43 2196.985390034274 30.13858519816799 0.36857720849079867 -2.655393078177679e-05
2 44 2196.985390034274 30.13858519816799 0.36857720849079867 -2.655393078177679e-05
2 45 2196.985390034274 30.13858519816799 0.36857720849079867 -2.655393078177679e-05
2 46 1997.9216952906388 33.84878246380623 0.3782873047510766 8.64267354118973e-06
2 47 1997.9216952906388 33.84878246380623 0.3782873047510766 8.64267354118973e-06
2 48 1997.9216952906388 33.84878246380623 0.3782873047510766 8.64267354118973e-06
2 49 1997.9216952906388 33.84878246380623 0.3782873047510766 8.64267354118973e-06
2 50 1997.9216952906388 33.84878246380623 0.3782873047510766 8.64267354118973e-06
2 51 1997.9216952906388 33.84878246380623 0.3782873047510766 8.64267354118973e-06
2 52 1997.9216952906388 33.84878246380623 0.3782873047510766 8.64267354118973e-06
2 53 1997.9216952906388 33.84878246380623 0.3782873047510766 8.64267354118973e-06
2 54 2010.1903961981777 33.256406554596 0.3347078205617592 0.0002455115257031785
2 55 2010.1903961981777 33.256406554596 0.3347078205617592 0.0002455115257031785
3 0 1452.7997118168068 37.45665739034149 0.21160281875005754 -5.0365933086057e-06
3 1 1452.7997118168068 37.45665739034149 0.21160281875005754 -5.0365933086057e-06
3 2 1452.5643617257317 37.5098347531205 0.23982449994089775 4.047155533610849e-05
3 3 1452.5643617257317 37.5098347531205 0.23982449994089775 4.047155533610849e-05
3 4 1452.5643617257317 37.5098347531205 0.23982449994089775 4.047155533610849e-05
3 5 1452.5643617257317 37.5098347531205 0.23982449994089775 4.047155533610849e-05
3 6 1452.5643617257317 37.5098347531205 0.23982449994089775 4.047155533610849e-05
3 7 1452.5643617257317 37.5098347531205 0.23982449994089775 4.047155533610849e-05
3 8 1468.9622859047217 36.25171585562758 -0.04687653454170956 9.64999213847192e-05
3 9 1468.9622859047217 36.25171585562758 -0.04687653454170956 9.64999213847192e-05
3 10 1468.9622859047217 36.25171585562758 -0.04687653454170956 9.64999213847192e-05
3 11 1468.9622859047217 36.25171585562758 -0.04687653454170956 9.64999213847192e-05
3 12 1468.9622859047217 36.25171585562758 -0.04687653454170956 9.64999213847192e-05
3 13 1468.9622859047217 36.25171585562758 -0.04687653454170956 9.64999213847192e-05
3 14 1463.038415386542 36.828233208063494 0.03796211732454413 7.897615535716498e-05
3 15 1463.038415386542 36.828233208063494 0.03796211732454413 7.897615535716498e-05
3 16 1463.038415386542 36.828233208063494 0.03796211732454413 7.897615535716498e-05
3 17 1463.038415386542 36.828233208063494 0.03796211732454413 7.897615535716498e-05
3 18 1463.038415386542 36.828233208063494 0.03796211732454413 7.897615535716498e-05
3 19 1399.989107973885 45.531805029973 1.2515914973128168 -3.0096634379373418e-05
3 20 1399.989107973885 45.531805029973 1.2515914973128168 -3.0096634379373418e-05
3 21 1399.989107973885 45.531805029973 1.2515914973128168 -3.0096634379373418e-05
3 22 1399.989107973885 45.531805029973 1.2515914973128168 -3.0096634379373418e-05
3 23 1399.989107973885 45.531805029973 1.2515914973128168 -3.0096634379373418e-05
3 24 1399.989107973885 45.531805029973 1.2515914973128168 -3.0096634379373418e-05
3 25 1460.7953336651149 36.8979229940921 0.08494556861249561 -2.4884938599168352e-05
3 26 1460.7953336651149 36.8979229940921 0.08494556861249561 -2.4884938599168352e-05
3 27 1460.7953336651149 36.8979229940921 0.08494556861249561 -2.4884938599168352e-05
3 28 1460.7953336651149 36.8979229940921 0.08494556861249561 -2.4884938599168352e-05
3 29 1460.7953336651149 36.8979229940921 0.08494556861249561 -2.4884938599168352e-05
3 30 1450.841872256562 37.877158947322236 0.2607589699867508 -1.952052121929723e-05
3 31 1450.841872256562 37.877158947322236 0.2607589699867508 -1.952052121929723e-05
3 32 1450.841872256562 37.877158947322236 0.2607589699867508 -1.952052121929723e-05
3 33 1450.841872256562 37.877158947322236 0.2607589699867508 -1.952052121929723e-05
3 34 1459.7406072122094 37.45620305620368 0.11696903643879109 2.9265880118660865e-05
3 35 1459.7406072122094 37.45620305620368 0.11696903643879109 2.9265880118660865e-05
3 36 1459.7406072122094 37.45620305620368 0.11696903643879109 2.9265880118660865e-05
3 37 1459.7406072122094 37.45620305620368 0.11696903643879109 2.9265880118660865e-05
3 38 1459.7406072122094 37.45620305620368 0.11696903643879109 2.9265880118660865e-05
3 39 1459.7406072122094 37.45620305620368 0.11696903643879109 2.9265880118660865e-05
3 40 1449.156802719666 37.673986745761795 0.28934492869951256 6.014108656963477e-05
3 41 1449.156802719666 37.673986745761795 0.28934492869951256 6.014108656963477e-05
3 42 1449.156802719666 37.673986745761795 0.28934492869951256 6.014108656963477e-05
3 43 1449.156802719666 37.673986745761795 0.28934492869951256 6.014108656963477e-05
3 44 1449.156802719666 37.673986745761795 0.28934492869951256 6.014108656963477e-05
3 45 1449.156802719666 37.673986745761795 0.28934492869951256 6.014108656963477e-05
3 46 1450.035054041216 38.12527829274648 0.2712490309106938 1.8416274211828446e-05
3 47 1450.035054041216 38.12527829274648 0.2712490309106938 1.8416274211828446e-05
3 48 1450.035054041216 38.12527829274648 0.2712490309106938 1.8416274211828446e-05
3 49 1450.035054041216 38.12527829274648 0.2712490309106938 1.8416274211828446e-05
3 50 1450.035054041216 38.12527829274648 0.2712490309106938 1.8416274211828446e-05
3 51 1450.035054041216 38.12527829274648 0.2712490309106938 1.8416274211828446e-05
3 52 1450.035054041216 38.12527829274648 0.2712490309106938 1.8416274211828446e-05
3 53 1450.035054041216 38.12527829274648 0.2712490309106938 1.8416274211828446e-05
3 54 1414.096829644603 40.59547352551243 0.9878234956166387 -1.1295079802045305e-05
3 55 1414.096829644603 40.59547352551243 0.9878234956166387 -1.1295079802045305e-05
4 0 1038.2798079479944 42.58769404432364 0.7957818913401886 0.00019199222518133098
4 1 1038.2798079479944 42.58769404432364 0.7957818913401886 0.00019199222518133098
4 2 1104.7081752628192 38.01671113994116 -0.005258921649596399 0.0003541554912738282
4 3 1104.7081752628192 38.01671113994116 -0.005258921649596399 0.0003541554912738282
4 4 1104.7081752628192 38.01671113994116 -0.005258921649596399 0.0003541554912738282
4 5 1104.7081752628192 38.01671113994116 -0.005258921649596399 0.0003541554912738282
4 6 1104.7081752628192 38.01671113994116 -0.005258921649596399 0.0003541554912738282
4 7 1104.7081752628192 38.01671113994116 -0.005258921649596399 0.0003541554912738282
4 8 1290.3677732655206 30.926810786863 -5.386061176751914 -1.356005632187701e-05
4 9 1290.3677732655206 30.926810786863 -5.386061176751914 -1.356005632187701e-05
4 10 1290.3677732655206 30.926810786863 -5.386061176751914 -1.356005632187701e-05
4 11 1290.3677732655206 30.926810786863 -5.386061176751914 -1.356005632187701e-05
4 12 1290.3677732655206 30.926810786863 -5.386061176751914 -1.356005632187701e-05
4 13 1290.3677732655206 30.926810786863 -5.386061176751914 -1.356005632187701e-05
4 14 1199.0976705755047 33.51102292793156 -1.6807435827430566 6.0506312842411136e-05
4 15 1199.0976705755047 33.51102292793156 -1.6807435827430566 6.0506312842411136e-05
4 16 1199.0976705755047 33.51102292793156 -1.6807435827430566 6.0506312842411136e-05
4 17 1199.0976705755047 33.51102292793156 -1.6807435827430566 6.0506312842411136e-05
4 18 1199.0976705755047 33.51102292793156 -1.6807435827430566 6.0506312842411136e-05
4 19 1166.6151377190272 34.815537768474115 -0.9676176295889486 -2.7149915356648037e-05
4 20 1166.6151377190272 34.815537768474115 -0.9676176295889486 -2.7149915356648037e-05
4 21 1166.6151377190272 34.815537768474115 -0.9676176295889486 -2.7149915356648037e-05
4 22 1166.6151377190272 34.815537768474115 -0.9676176295889486 -2.7149915356648037e-05
4 23 1166.6151377190272 34.815537768474115 -0.9676176295889486 -2.7149915356648037e-05
4 24 1166.6151377190272 34.815537768474115 -0.9676176295889486 -2.7149915356648037e-05
4 25 1393.2346090671838 35.23810736608364 1.3643758590508097 9.27462242863604e-05
4 26 1393.2346090671838 35.23810736608364 1.3643758590508097 9.27462242863604e-05
4 27 1393.2346090671838 35.23810736608364 1.3643758590508097 9.27462242863604e-05
4 28 1393.2346090671838 35.23810736608364 1.3643758590508097 9.27462242863604e-05
4 29 1393.2346090671838 35.23810736608364 1.3643758590508097 9.27462242863604e-05
4 30 1211.5594162720004 44.47699149062787 0.6794884044781386 -0.00010630487308588147
4 31 1211.5594162720004 44.47699149062787 0.6794884044781386 -0.00010630487308588147
4 32 1211.5594162720004 44.47699149062787 0.6794884044781386 -0.00010630487308588147
4 33 1211.5594162720004 44.47699149062787 0.6794884044781386 -0.00010630487308588147
4 34 1355.0290587568315 40.486922485777484 0.5401679173915681 4.1306003711883686e-05
4 35 1355.0290587568315 40.486922485777484 0.5401679173915681 4.1306003711883686e-05
4 36 1355.0290587568315 40.486922485777484 0.5401679173915681 4.1306003711883686e-05
4 37 1355.0290587568315 40.486922485777484 0.5401679173915681 4.1306003711883686e-05
4 38 1355.0290587568315 40.486922485777484 0.5401679173915681 4.1306003711883686e-05
4 39 1355.0290587568315 40.486922485777484 0.5401679173915681 4.1306003711883686e-05
4 40 1175.420921918906 41.761212895850235 0.2634796086513038 8.684396752077912e-05
4 41 1175.420921918906 41.761212895850235 0.2634796086513038 8.684396752077912e-05
4 42 1175.420921918906 41.761212895850235 0.2634796086513038 8.684396752077912e-05
4 43 1175.420921918906 41.761212895850235 0.2634796086513038 8.684396752077912e-05
4 44 1175.420921918906 41.761212895850235 0.2634796086513038 8.684396752077912e-05
4 45 1175.420921918906 41.761212895850235 0.2634796086513038 8.684396752077912e-05
4 46 1033.5414645573032 43.209499720914486 0.8210051766382447 0.00010199012108774578
4 47 1033.5414645573032 43.209499720914486 0.8210051766382447 0.00010199012108774578
4 48 1033.5414645573032 43.209499720914486 0.8210051766382447 0.00010199012108774578
4 49 1033.5414645573032 43.209499720914486 0.8210051766382447 0.00010199012108774578
4 50 1033.5414645573032 43.209499720914486 0.8210051766382447 0.00010199012108774578
4 51 1033.5414645573032 43.209499720914486 0.8210051766382447 0.00010199012108774578
4 52 1033.5414645573032 43.209499720914486 0.8210051766382447 0.00010199012108774578
4 53 1033.5414645573032 43.209499720914486 0.8210051766382447 0.00010199012108774578
4 54 1059.1400238034219 40.711206870131676 0.4941276031352442 -1.5705803347705794e-05
4 55 1059.1400238034219 40.711206870131676 0.4941276031352442 -1.5705803347705794e-05
5 0 948.4905673989202 40.59448734972102 0.40670532770661283 -4.538973063402161e-05
5 1 948.4905673989202 40.59448734972102 0.40670532770661283 -4.538973063402161e-05
5 2 936.4534733379718 39.72319065833532 0.20330058899402914 -4.547600328756848e-05
5 3 936.4534733379718 39.72319065833532 0.20330058899402914 -4.547600328756848e-05
5 4 936.4534733379718 39.72319065833532 0.20330058899402914 -4.547600328756848e-05
5 5 936.4534733379718 39.72319065833532 0.20330058899402914 -4.547600328756848e-05
5 6 936.4534733379718 39.72319065833532 0.20330058899402914 -4.547600328756848e-05
5 7 936.4534733379718 39.72319065833532 0.20330058899402914 -4.547600328756848e-05
5 8 967.4623577484656 43.677451519801366 0.9310932059305912 -6.0945749212832026e-05
5 9 967.4623577484656 43.677451519801366 0.9310932059305912 -6.0945749212832026e-05
5 10 967.4623577484656 43.677451519801366 0.9310932059305912 -6.0945749212832026e-05
5 11 967.4623577484656 43.677451519801366 0.9310932059305912 -6.0945749212832026e-05
5 12 967.4623577484656 43.677451519801366 0.9310932059305912 -6.0945749212832026e-05
5 13 967.4623577484656 43.677451519801366 0.9310932059305912 -6.0945749212832026e-05
5 14 944.8397354321986 43.00552225045925 0.5175134327068787 -4.312396058230876e-05
5 15 944.8397354321986 43.00552225045925 0.5175134327068787 -4.312396058230876e-05
5 16 944.8397354321986 43.00552225045925 0.5175134327068787 -4.312396058230876e-05
5 17 944.8397354321986 43.00552225045925 0.5175134327068787 -4.312396058230876e-05
5 18 944.8397354321986 43.00552225045925 0.5175134327068787 -4.312396058230876e-05
5 19 948.9383725246803 39.88441034190252 0.270836870632535 4.440546035405673e-05
5 20 948.9383725246803 39.88441034190252 0.270836870632535 4.440546035405673e-05
5 21 948.9383725246803 39.88441034190252 0.270836870632535 4.440546035405673e-05
5 22 948.9383725246803 39.88441034190252 0.270836870632535 4.440546035405673e-05
5 23 948.9383725246803 39.88441034190252 0.270836870632535 4.440546035405673e-05
5 24 948.9383725246803 39.88441034190252 0.270836870632535 4.440546035405673e-05
5 25 963.1939815324929 39.18637840195386 0.14752527912035715 -1.4603131071512399e-06
5 26 963.1939815324929 39.18637840195386 0.14752527912035715 -1.4603131071512399e-06
5 27 963.1939815324929 39.18637840195386 0.14752527912035715 -1.4603131071512399e-06
5 28 963.1939815324929 39.18637840195386 0.14752527912035715 -1.4603131071512399e-06
5 29 963.1939815324929 39.18637840195386 0.14752527912035715 -1.4603131071512399e-06
5 30 949.1939306722459 41.00961434780578 0.4424116924942404 2.3186208417854255e-05
5 31 949.1939306722459 41.00961434780578 0.4424116924942404 2.3186208417854255e-05
5 32 949.1939306722459 41.00961434780578 0.4424116924942404 2.3186208417854255e-05
5 33 949.1939306722459 41.00961434780578 0.4424116924942404 2.3186208417854255e-05
5 34 942.8517103202967 40.48456780346956 0.404670862086823 -2.771615775319953e-06
5 35 942.8517103202967 40.48456780346956 0.404670862086823 -2.771615775319953e-06
5 36 942.8517103202967 40.48456780346956 0.404670862086823 -2.771615775319953e-06
5 37 942.8517103202967 40.48456780346956 0.404670862086823 -2.771615775319953e-06
5 38 942.8517103202967 40.48456780346956 0.404670862086823 -2.771615775319953e-06
5 39 942.8517103202967 40.48456780346956 0.404670862086823 -2.771615775319953e-06
5 40 936.4952527855339 40.970609758520766 0.43450641405086066 -8.520478898529641e-05
5 41 936.4952527855339 40.970609758520766 0.43450641405086066 -8.520478898529641e-05
5 42 936.4952527855339 40.970609758520766 0.43450641405086066 -8.520478898529641e-05
5 43 936.4952527855339 40.970609758520766 0.43450641405086066 -8.520478898529641e-05
5 44 936.4952527855339 40.970609758520766 0.43450641405086066 -8.520478898529641e-05
5 45 936.4952527855339 40.970609758520766 0.43450641405086066 -8.520478898529641e-05
5 46 966.324910886332 39.82418113772007 0.23162331855559098 0.00012761354465622615
5 47 966.324910886332 39.82418113772007 0.23162331855559098 0.00012761354465622615
5 48 966.324910886332 39.82418113772007 0.23162331855559098 0.00012761354465622615
5 49 966.324910886332 39.82418113772007 0.23162331855559098 0.00012761354465622615
5 50 966.324910886332 39.82418113772007 0.23162331855559098 0.00012761354465622615
5 51 966.324910886332 39.82418113772007 0.23162331855559098 0.00012761354465622615
5 52 966.324910886332 39.82418113772007 0.23162331855559098 0.00012761354465622615
5 53 966.324910886332 39.82418113772007 0.23162331855559098 0.00012761354465622615
5 54 950.106194256968 40.375350820483064 0.3333726874549478 6.300211005257382e-05
5 55 950.106194256968 40.375350820483064 0.3333726874549478 6.300211005257382e-05
6 0 577.3973803774195 33.86527200849359 0.1289560044772473 0.00010877847669988044
6 1 577.3973803774195 33.86527200849359 0.1289560044772473 0.00010877847669988044
6 2 468.276552281091 53.8979104747794 1.771434627852364 0.00010913256949103743
6 3 468.276552281091 53.8979104747794 1.771434627852364 0.00010913256949103743
6 4 468.276552281091 53.8979104747794 1.771434627852364 0.00010913256949103743
6 5 468.276552281091 53.8979104747794 1.771434627852364 0.00010913256949103743
6 6 468.276552281091 53.8979104747794 1.771434627852364 0.00010913256949103743
6 7 468.276552281091 53.8979104747794 1.771434627852364 0.00010913256949103743
6 8 437.5784493238563 30.355158495655555 -1.9091052016523793 3.1054023295128465e-05
6 9 437.5784493238563 30.355158495655555 -1.9091052016523793 3.1054023295128465e-05
6 10 437.5784493238563 30.355158495655555 -1.9091052016523793 3.1054023295128465e-05
6 11 437.5784493238563 30.355158495655555 -1.9091052016523793 3.1054023295128465e-05
6 12 437.5784493238563 30.355158495655555 -1.9091052016523793 3.1054023295128465e-05
6 13 437.5784493238563 30.355158495655555 -1.9091052016523793 3.1054023295128465e-05
6 14 454.1300520481277 30.63674756594616 -2.024257710695481 6.991624863283914e-05
6 15 454.1300520481277 30.63674756594616 -2.024257710695481 6.991624863283914e-05
6 16 454.1300520481277 30.63674756594616 -2.024257710695481 6.991624863283914e-05
6 17 454.1300520481277 30.63674756594616 -2.024257710695481 6.991624863283914e-05
6 18 454.1300520481277 30.63674756594616 -2.024257710695481 6.991624863283914e-05
6 19 429.7523856978285 32.97807526764398 -0.3972142192788327 0.0004457926452131043
6 20 429.7523856978285 32.97807526764398 -0.3972142192788327 0.0004457926452131043
6 21 429.7523856978285 32.97807526764398 -0.3972142192788327 0.0004457926452131043
6 22 429.7523856978285 32.97807526764398 -0.3972142192788327 0.0004457926452131043
6 23 429.7523856978285 32.97807526764398 -0.3972142192788327 0.0004457926452131043
6 24 429.7523856978285 32.97807526764398 -0.3972142192788327 0.0004457926452131043
6 25 575.3163919017256 38.43096516405518 0.2974962933379777 6.0141086396497696e-05
6 26 575.3163919017256 38.43096516405518 0.2974962933379777 6.0141086396497696e-05
6 27 575.3163919017256 38.43096516405518 0.2974962933379777 6.0141086396497696e-05
6 28 575.3163919017256 38.43096516405518 0.2974962933379777 6.0141086396497696e-05
6 29 575.3163919017256 38.43096516405518 0.2974962933379777 6.0141086396497696e-05
6 30 422.5740645908995 36.52935817702234 0.6440495624298834 8.064508437731725e-05
6 31 422.5740645908995 36.52935817702234 0.6440495624298834 8.064508437731725e-05
6 32 422.5740645908995 36.52935817702234 0.6440495624298834 8.064508437731725e-05
6 33 422.5740645908995 36.52935817702234 0.6440495624298834 8.064508437731725e-05
6 34 574.024553460503 36.619147492205215 0.6007148529565489 7.969141006471231e-05
6 35 574.024553460503 36.619147492205215 0.6007148529565489 7.969141006471231e-05
6 36 574.024553460503 36.619147492205215 0.6007148529565489 7.969141006471231e-05
6 37 574.024553460503 36.619147492205215 0.6007148529565489 7.969141006471231e-05
6 38 574.024553460503 36.619147492205215 0.6007148529565489 7.969141006471231e-05
6 39 574.024553460503 36.619147492205215 0.6007148529565489 7.969141006471231e-05
6 40 568.5078884575968 35.754791225746004 0.3724280015272228 8.875131604882709e-05
6 41 568.5078884575968 35.754791225746004 0.3724280015272228 8.875131604882709e-05
6 42 568.5078884575968 35.754791225746004 0.3724280015272228 8.875131604882709e-05
6 43 568.5078884575968 35.754791225746004 0.3724280015272228 8.875131604882709e-05
6 44 568.5078884575968 35.754791225746004 0.3724280015272228 8.875131604882709e-05
6 45 568.5078884575968 35.754791225746004 0.3724280015272228 8.875131604882709e-05
6 46 579.2421666602627 33.162201980073355 0.13949407135128167 0.00010854005818100232
6 47 579.2421666602627 33.162201980073355 0.13949407135128167 0.00010854005818100232
6 48 579.2421666602627 33.162201980073355 0.13949407135128167 0.00010854005818100232
6 49 579.2421666602627 33.162201980073355 0.13949407135128167 0.00010854005818100232
6 50 579.2421666602627 33.162201980073355 0.13949407135128167 0.00010854005818100232
6 51 579.2421666602627 33.162201980073355 0.13949407135128167 0.00010854005818100232
6 52 579.2421666602627 33.162201980073355 0.13949407135128167 0.00010854005818100232
6 53 579.2421666602627 33.162201980073355 0.13949407135128167 0.00010854005818100232
6 54 455.9600545789147 51.92612508589934 1.7213319322098206 6.728956476078984e-05
6 55 455.9600545789147 51.92612508589934 1.7213319322098206 6.728956476078984e-05
7 0 303.08638251138467 52.96832335718261 0.05452067697656608 1.329183527703177e-05
7 1 303.08638251138467 52.96832335718261 0.05452067697656608 1.329183527703177e-05
7 2 312.7328990647136 34.82483460893171 0.04838247943324108 6.408002160008244e-05
7 3 312.7328990647136 34.82483460893171 0.04838247943324108 6.408002160008244e-05
7 4 312.7328990647136 34.82483460893171 0.04838247943324108 6.408002160008244e-05
7 5 312.7328990647136 34.82483460893171 0.04838247943324108 6.408002160008244e-05
7 6 312.7328990647136 34.82483460893171 0.04838247943324108 6.408002160008244e-05
7 7 312.7328990647136 34.82483460893171 0.04838247943324108 6.408002160008244e-05
7 8 311.873741714459 35.69746250099354 0.1572062277170774 5.6207139377902244e-05
7 9 311.873741714459 35.69746250099354 0.1572062277170774 5.6207139377902244e-05
7 10 311.873741714459 35.69746250099354 0.1572062277170774 5.6207139377902244e-05
7 11 311.873741714459 35.69746250099354 0.1572062277170774 5.6207139377902244e-05
7 12 311.873741714459 35.69746250099354 0.1572062277170774 5.6207139377902244e-05
7 13 311.873741714459 35.69746250099354 0.1572062277170774 5.6207139377902244e-05
7 14 311.4074720977378 36.69781911993305 0.1980104387243719 5.0008297129872504e-05
7 15 311.4074720977378 36.69781911993305 0.1980104387243719 5.0008297129872504e-05
7 16 311.4074720977378 36.69781911993305 0.1980104387243719 5.0008297129872504e-05
7 17 311.4074720977378 36.69781911993305 0.1980104387243719 5.0008297129872504e-05
7 18 311.4074720977378 36.69781911993305 0.1980104387243719 5.0008297129872504e-05
7 19 313.92200892429236 34.1230489710301 -0.13005688187495296 7.230045230929047e-05
7 20 313.92200892429236 34.1230489710301 -0.13005688187495296 7.230045230929047e-05
7 21 313.92200892429236 34.1230489710301 -0.13005688187495296 7.230045230929047e-05
7 22 313.92200892429236 34.1230489710301 -0.13005688187495296 7.230045230929047e-05
7 23 313.92200892429236 34.1230489710301 -0.13005688187495296 7.230045230929047e-05
7 24 313.92200892429236 34.1230489710301 -0.13005688187495296 7.230045230929047e-05
7 25 312.7212148628108 36.07284601345754 0.02389359429404318 6.811955499712435e-05
7 26 312.7212148628108 36.07284601345754 0.02389359429404318 6.811955499712435e-05
7 27 312.7212148628108 36.07284601345754 0.02389359429404318 6.811955499712435e-05
7 28 312.7212148628108 36.07284601345754 0.02389359429404318 6.811955499712435e-05
7 29 312.7212148628108 36.07284601345754 0.02389359429404318 6.811955499712435e-05
7 30 312.7925015117609 35.44147497656692 0.014380647842575547 7.24196431726695e-05
7 31 312.7925015117609 35.44147497656692 0.014380647842575547 7.24196431726695e-05
7 32 312.7925015117609 35.44147497656692 0.014380647842575547 7.24196431726695e-05
7 33 312.7925015117609 35.44147497656692 0.014380647842575547 7.24196431726695e-05
7 34 312.2743169731962 35.53877647583946 0.09772395445263957 6.860494536240592e-05
7 35 312.2743169731962 35.53877647583946 0.09772395445263957 6.860494536240592e-05
7 36 312.2743169731962 35.53877647583946 0.09772395445263957 6.860494536240592e-05
7 37 312.2743169731962 35.53877647583946 0.09772395445263957 6.860494536240592e-05
7 38 312.2743169731962 35.53877647583946 0.09772395445263957 6.860494536240592e-05
7 39 312.2743169731962 35.53877647583946 0.09772395445263957 6.860494536240592e-05
7 40 307.4135127350979 37.43780208162035 0.8288383740335143 4.8339372840402485e-05
7 41 307.4135127350979 37.43780208162035 0.8288383740335143 4.8339372840402485e-05
7 42 307.4135127350979 37.43780208162035 0.8288383740335143 4.8339372840402485e-05
7 43 307.4135127350979 37.43780208162035 0.8288383740335143 4.8339372840402485e-05
7 44 307.4135127350979 37.43780208162035 0.8288383740335143 4.8339372840402485e-05
7 45 307.4135127350979 37.43780208162035 0.8288383740335143 4.8339372840402485e-05
7 46 303.367786299175 52.61194905698616 -0.21469236101760886 3.630513317883848e-05
7 47 303.367786299175 52.61194905698616 -0.21469236101760886 3.630513317883848e-05
7 48 303.367786299175 52.61194905698616 -0.21469236101760886 3.630513317883848e-05
7 49 303.367786299175 52.61194905698616 -0.21469236101760886 3.630513317883848e-05
7 50 303.367786299175 52.61194905698616 -0.21469236101760886 3.630513317883848e-05
7 51 303.367786299175 52.61194905698616 -0.21469236101760886 3.630513317883848e-05
7 52 303.367786299175 52.61194905698616 -0.21469236101760886 3.630513317883848e-05
7 53 303.367786299175 52.61194905698616 -0.21469236101760886 3.630513317883848e-05
7 54 312.09955686237106 35.612078103502085 0.1276283882392638 3.784895099544927e-05
7 55 312.09955686237106 35.612078103502085 0.1276283882392638 3.784895099544927e-05
8 0 248.74923250724348 31.760733069621907 0.33079602523741647 0.00015932322270645062
8 1 248.74923250724348 31.760733069621907 0.33079602523741647 0.00015932322270645062
8 2 246.4502036959266 32.496496773132364 0.35465738030757954 9.614673090959183e-05
8 3 246.4502036959266 32.496496773132364 0.35465738030757954 9.614673090959183e-05
8 4 246.4502036959266 32.496496773132364 0.35465738030757954 9.614673090959183e-05
8 5 246.4502036959266 32.496496773132364 0.35465738030757954 9.614673090959183e-05
8 6 246.4502036959266 32.496496773132364 0.35465738030757954 9.614673090959183e-05
8 7 246.4502036959266 32.496496773132364 0.35465738030757954 9.614673090959183e-05
8 8 248.4446662293443 31.360178162326548 0.2536453460947795 6.410415092536168e-05
8 9 248.4446662293443 31.360178162326548 0.2536453460947795 6.410415092536168e-05
8 10 248.4446662293443 31.360178162326548 0.2536453460947795 6.410415092536168e-05
8 11 248.4446662293443 31.360178162326548 0.2536453460947795 6.410415092536168e-05
8 12 248.4446662293443 31.360178162326548 0.2536453460947795 6.410415092536168e-05
8 13 248.4446662293443 31.360178162326548 0.2536453460947795 6.410415092536168e-05
8 14 247.5608267975614 31.885834413289956 0.3471149292836775 6.049880398873803e-05
8 15 247.5608267975614 31.885834413289956 0.3471149292836775 6.049880398873803e-05
8 16 247.5608267975614 31.885834413289956 0.3471149292836775 6.049880398873803e-05
8 17 247.5608267975614 31.885834413289956 0.3471149292836775 6.049880398873803e-05
8 18 247.5608267975614 31.885834413289956 0.3471149292836775 6.049880398873803e-05
8 19 244.28948915431062 27.26914399085701 0.1643672967000403 0.0001348853165603844
8 20 244.28948915431062 27.26914399085701 0.1643672967000403 0.0001348853165603844
8 21 244.28948915431062 27.26914399085701 0.1643672967000403 0.0001348853165603844
8 22 244.28948915431062 27.26914399085701 0.1643672967000403 0.0001348853165603844
8 23 244.28948915431062 27.26914399085701 0.1643672967000403 0.0001348853165603844
8 24 244.28948915431062 27.26914399085701 0.1643672967000403 0.0001348853165603844
8 25 248.8497902424811 31.2908281383328 0.31660463729728283 0.00011767731045488824
8 26 248.8497902424811 31.2908281383328 0.31660463729728283 0.00011767731045488824
8 27 248.8497902424811 31.2908281383328 0.31660463729728283 0.00011767731045488824
8 28 248.8497902424811 31.2908281383328 0.31660463729728283 0.00011767731045488824
8 29 248.8497902424811 31.2908281383328 0.31660463729728283 0.00011767731045488824
8 30 246.8524794721875 33.487392033219884 0.3712182639883141 0.00011942861004584797
8 31 246.8524794721875 33.487392033219884 0.3712182639883141 0.00011942861004584797
8 32 246.8524794721875 33.487392033219884 0.3712182639883141 0.00011942861004584797
8 33 246.8524794721875 33.487392033219884 0.3712182639883141 0.00011942861004584797
8 34 248.8540242699226 31.917347494909787 0.35896627444334495 5.656480689262981e-05
8 35 248.8540242699226 31.917347494909787 0.35896627444334495 5.656480689262981e-05
8 36 248.8540242699226 31.917347494909787 0.35896627444334495 5.656480689262981e-05
8 37 248.8540242699226 31.917347494909787 0.35896627444334495 5.656480689262981e-05
8 38 248.8540242699226 31.917347494909787 0.35896627444334495 5.656480689262981e-05
8 39 248.8540242699226 31.917347494909787 0.35896627444334495 5.656480689262981e-05
8 40 242.13075727456373 32.7672835510903 0.5594247717628322 7.742643529020288e-05
8 41 242.13075727456373 32.7672835510903 0.5594247717628322 7.742643529020288e-05
8 42 242.13075727456373 32.7672835510903 0.5594247717628322 7.742643529020288e-05
8 43 242.13075727456373 32.7672835510903 0.5594247717628322 7.742643529020288e-05
8 44 242.13075727456373 32.7672835510903 0.5594247717628322 7.742643529020288e-05
8 45 242.13075727456373 32.7672835510903 0.5594247717628322 7.742643529020288e-05
8 46 243.06572064638917 33.94998390920334 0.6507424690971195 0.00011819601054208374
8 47 243.06572064638917 33.94998390920334 0.6507424690971195 0.00011819601054208374
8 48 243.06572064638917 33.94998390920334 0.6507424690971195 0.00011819601054208374
8 49 243.06572064638917 33.94998390920334 0.6507424690971195 0.00011819601054208374
8 50 243.06572064638917 33.94998390920334 0.6507424690971195 0.00011819601054208374
8 51 243.06572064638917 33.94998390920334 0.6507424690971195 0.00011819601054208374
8 52 243.06572064638917 33.94998390920334 0.6507424690971195 0.00011819601054208374
8 53 243.06572064638917 33.94998390920334 0.6507424690971195 0.00011819601054208374
8 54 258.59228841827723 27.86623405786934 0.28730251437359283 9.623461502610548e-05
8 55 258.59228841827723 27.86623405786934 0.28730251437359283 9.623461502610548e-05
9 0 268.45315324841795 148.00012442495358 -1.1791237914801034 2.286316404518492e-05
9 1 268.45315324841795 148.00012442495358 -1.1791237914801034 2.286316404518492e-05
9 2 264.3384431858424 99.59498863569723 0.4357045566416165 0.00022059600115049982
9 3 264.3384431858424 99.59498863569723 0.4357045566416165 0.00022059600115049982
9 4 264.3384431858424 99.59498863569723 0.4357045566416165 0.00022059600115049982
9 5 264.3384431858424 99.59498863569723 0.4357045566416165 0.00022059600115049982
9 6 264.3384431858424 99.59498863569723 0.4357045566416165 0.00022059600115049982
9 7 264.3384431858424 99.59498863569723 0.4357045566416165 0.00022059600115049982
9 8 277.54932063376634 139.45485264923224 -0.409889141977214 0.0002124905577213477
9 9 277.54932063376634 139.45485264923224 -0.409889141977214 0.0002124905577213477
9 10 277.54932063376634 139.45485264923224 -0.409889141977214 0.0002124905577213477
9 11 277.54932063376634 139.45485264923224 -0.409889141977214 0.0002124905577213477
9 12 277.54932063376634 139.45485264923224 -0.409889141977214 0.0002124905577213477
9 13 277.54932063376634 139.45485264923224 -0.409889141977214 0.0002124905577213477
9 14 275.6092545334886 146.95955599789608 -0.4216353901261811 8.577108361116781e-05
9 15 275.6092545334886 146.95955599789608 -0.4216353901261811 8.577108361116781e-05
9 16 275.6092545334886 146.95955599789608 -0.4216353901261811 8.577108361116781e-05
9 17 275.6092545334886 146.95955599789608 -0.4216353901261811 8.577108361116781e-05
9 18 275.6092545334886 146.95955599789608 -0.4216353901261811 8.577108361116781e-05
9 19 262.44451778063467 98.91285552869759 0.431890440352127 0.00019738055632572134
9 20 262.44451778063467 98.91285552869759 0.431890440352127 0.00019738055632572134
9 21 262.44451778063467 98.91285552869759 0.431890440352127 0.00019738055632572134
9 22 262.44451778063467 98.91285552869759 0.431890440352127 0.00019738055632572134
9 23 262.44451778063467 98.91285552869759 0.431890440352127 0.00019738055632572134
9 24 262.44451778063467 98.91285552869759 0.431890440352127 0.00019738055632572134
9 25 260.30504991754754 101.64138544853915 1.4990254715788538 0.00013381241127831877
9 26 260.30504991754754 101.64138544853915 1.4990254715788538 0.00013381241127831877
9 27 260.30504991754754 101.64138544853915 1.4990254715788538 0.00013381241127831877
9 28 260.30504991754754 101.64138544853915 1.4990254715788538 0.00013381241127831877
9 29 260.30504991754754 101.64138544853915 1.4990254715788538 0.00013381241127831877
9 30 262.21887127945837 103.00576410705526 0.7602600087460032 0.00014147522098670797
9 31 262.21887127945837 103.00576410705526 0.7602600087460032 0.00014147522098670797
9 32 262.21887127945837 103.00576410705526 0.7602600087460032 0.00014147522098670797
9 33 262.21887127945837 103.00576410705526 0.7602600087460032 0.00014147522098670797
9 34 280.0544671016942 94.33049059611731 0.26047168603412413 0.00022274255869185347
9 35 280.0544671016942 94.33049059611731 0.26047168603412413 0.00022274255869185347
9 36 280.0544671016942 94.33049059611731 0.26047168603412413 0.00022274255869185347
9 37 280.0544671016942 94.33049059611731 0.26047168603412413 0.00022274255869185347
9 38 280.0544671016942 94.33049059611731 0.26047168603412413 0.00022274255869185347
9 39 280.0544671016942 94.33049059611731 0.26047168603412413 0.00022274255869185347
9 40 266.2088427703488 122.7883547417093 0.4990104465424241 0.00017916713192594688
9 41 266.2088427703488 122.7883547417093 0.4990104465424241 0.00017916713192594688
9 42 266.2088427703488 122.7883547417093 0.4990104465424241 0.00017916713192594688
9 43 266.2088427703488 122.7883547417093 0.4990104465424241 0.00017916713192594688
9 44 266.2088427703488 122.7883547417093 0.4990104465424241 0.00017916713192594688
9 45 266.2088427703488 122.7883547417093 0.4990104465424241 0.00017916713192594688
9 46 262.94571502240376 102.32360915052163 0.2058776587673793 0.00014871364498830097
9 47 262.94571502240376 102.32360915052163 0.2058776587673793 0.00014871364498830097
9 48 262.94571502240376 102.32360915052163 0.2058776587673793 0.00014871364498830097
9 49 262.94571502240376 102.32360915052163 0.2058776587673793 0.00014871364498830097
9 50 262.94571502240376 102.32360915052163 0.2058776587673793 0.00014871364498830097
9 51 262.94571502240376 102.32360915052163 0.2058776587673793 0.00014871364498830097
9 52 262.94571502240376 102.32360915052163 0.2058776587673793 0.00014871364498830097
9 53 262.94571502240376 102.32360915052163 0.2058776587673793 0.00014871364498830097
9 54 284.2263660811481 128.56200998777825 0.8257839749932994 0.00015670061204182403
9 55 284.2263660811481 128.56200998777825 0.8257839749932994 0.00015670061204182403
10 0 221.39736173742006 23.547575708025768 0.3020966379223729 9.282571486491782e-05
10 1 221.39736173742006 23.547575708025768 0.3020966379223729 9.282571486491782e-05
10 2 221.4776406309656 21.92260527306874 0.3175833963427747 9.554624352137805e-05
10 3 221.4776406309656 21.92260527306874 0.3175833963427747 9.554624352137805e-05
10 4 221.4776406309656 21.92260527306874 0.3175833963427747 9.554624352137805e-05
10 5 221.4776406309656 21.92260527306874 0.3175833963427747 9.554624352137805e-05
10 6 221.4776406309656 21.92260527306874 0.3175833963427747 9.554624352137805e-05
10 7 221.4776406309656 21.92260527306874 0.3175833963427747 9.554624352137805e-05
10 8 221.7784143973305 21.359835976208416 0.3009756179441833 9.161212295897235e-05
10 9 221.7784143973305 21.359835976208416 0.3009756179441833 9.161212295897235e-05
10 10 221.7784143973305 21.359835976208416 0.3009756179441833 9.161212295897235e-05
10 11 221.7784143973305 21.359835976208416 0.3009756179441833 9.161212295897235e-05
10 12 221.7784143973305 21.359835976208416 0.3009756179441833 9.161212295897235e-05
10 13 221.7784143973305 21.359835976208416 0.3009756179441833 9.161212295897235e-05
10 14 221.37555207391688 23.47472465130224 0.2883282619524513 9.125471110231526e-05
10 15 221.37555207391688 23.47472465130224 0.2883282619524513 9.125471110231526e-05
10 16 221.37555207391688 23.47472465130224 0.2883282619524513 9.125471110231526e-05
10 17 221.37555207391688 23.47472465130224 0.2883282619524513 9.125471110231526e-05
10 18 221.37555207391688 23.47472465130224 0.2883282619524513 9.125471110231526e-05
10 19 220.7205168159542 25.546111043891 0.32612662440259615 9.256186581539809e-05
10 20 220.7205168159542 25.546111043891 0.32612662440259615 9.256186581539809e-05
10 21 220.7205168159542 25.546111043891 0.32612662440259615 9.256186581539809e-05
10 22 220.7205168159542 25.546111043891 0.32612662440259615 9.256186581539809e-05
10 23 220.7205168159542 25.546111043891 0.32612662440259615 9.256186581539809e-05
10 24 220.7205168159542 25.546111043891 0.32612662440259615 9.256186581539809e-05
10 25 221.70388535409822 21.036666151398794 0.3128123214977814 9.161233641053393e-05
10 26 221.70388535409822 21.036666151398794 0.3128123214977814 9.161233641053393e-05
10 27 221.70388535409822 21.036666151398794 0.3128123214977814 9.161233641053393e-05
10 28 221.70388535409822 21.036666151398794 0.3128123214977814 9.161233641053393e-05
10 29 221.70388535409822 21.036666151398794 0.3128123214977814 9.161233641053393e-05
10 30 221.76931677784492 21.351814077089927 0.30107555426542437 9.161229887825509e-05
10 31 221.76931677784492 21.351814077089927 0.30107555426542437 9.161229887825509e-05
10 32 221.76931677784492 21.351814077089927 0.30107555426542437 9.161229887825509e-05
10 33 221.76931677784492 21.351814077089927 0.30107555426542437 9.161229887825509e-05
10 34 221.51790064083048 22.904960726791437 0.272488939740894 9.125471115091916e-05
10 35 221.51790064083048 22.904960726791437 0.272488939740894 9.125471115091916e-05
10 36 221.51790064083048 22.904960726791437 0.272488939740894 9.125471115091916e-05
10 37 221.51790064083048 22.904960726791437 0.272488939740894 9.125471115091916e-05
10 38 221.51790064083048 22.904960726791437 0.272488939740894 9.125471115091916e-05
10 39 221.51790064083048 22.904960726791437 0.272488939740894 9.125471115091916e-05
10 40 221.58335465521805 21.574561953472305 0.30286992974912524 9.125470713409159e-05
10 41 221.58335465521805 21.574561953472305 0.30286992974912524 9.125470713409159e-05
10 42 221.58335465521805 21.574561953472305 0.30286992974912524 9.125470713409159e-05
10 43 221.58335465521805 21.574561953472305 0.30286992974912524 9.125470713409159e-05
10 44 221.58335465521805 21.574561953472305 0.30286992974912524 9.125470713409159e-05
10 45 221.58335465521805 21.574561953472305 0.30286992974912524 9.125470713409159e-05
10 46 221.72505804193833 21.366398807855305 0.29711476409501364 9.29235781069857e-05
10 47 221.72505804193833 21.366398807855305 0.29711476409501364 9.29235781069857e-05
10 48 221.72505804193833 21.366398807855305 0.29711476409501364 9.29235781069857e-05
10 49 221.72505804193833 21.366398807855305 0.29711476409501364 9.29235781069857e-05
10 50 221.72505804193833 21.366398807855305 0.29711476409501364 9.29235781069857e-05
10 51 221.72505804193833 21.366398807855305 0.29711476409501364 9.29235781069857e-05
10 52 221.72505804193833 21.366398807855305 0.29711476409501364 9.29235781069857e-05
10 53 221.72505804193833 21.366398807855305 0.29711476409501364 9.29235781069857e-05
10 54 221.7691629998883 21.3279039516451 0.29927719778034695 9.161206709146666e-05
10 55 221.7691629998883 21.3279039516451 0.29927719778034695 9.161206709146666e-05
11 0 192.9146037712197 28.646942399487322 0.09211057916996271 9.351968912986181e-05
11 1 192.9146037712197 28.646942399487322 0.09211057916996271 9.351968912986181e-05
11 2 195.59771546804245 22.052861130702333 0.3022615630098998 8.992248798936662e-05
11 3 195.59771546804245 22.052861130702333 0.3022615630098998 8.992248798936662e-05
11 4 195.59771546804245 22.052861130702333 0.3022615630098998 8.992248798936662e-05
11 5 195.59771546804245 22.052861130702333 0.3022615630098998 8.992248798936662e-05
11 6 195.59771546804245 22.052861130702333 0.3022615630098998 8.992248798936662e-05
11 7 195.59771546804245 22.052861130702333 0.3022615630098998 8.992248798936662e-05
11 8 195.2219074978692 22.126530668334564 0.2842249145267193 9.24468034496482e-05
11 9 195.2219074978692 22.126530668334564 0.2842249145267193 9.24468034496482e-05
11 10 195.2219074978692 22.126530668334564 0.2842249145267193 9.24468034496482e-05
11 11 195.2219074978692 22.126530668334564 0.2842249145267193 9.24468034496482e-05
11 12 195.2219074978692 22.126530668334564 0.2842249145267193 9.24468034496482e-05
11 13 195.2219074978692 22.126530668334564 0.2842249145267193 9.24468034496482e-05
11 14 196.22422488864376 21.371611759692172 0.3047121208055556 9.077785837520997e-05
11 15 196.22422488864376 21.371611759692172 0.3047121208055556 9.077785837520997e-05
11 16 196.22422488864376 21.371611759692172 0.3047121208055556 9.077785837520997e-05
11 17 196.22422488864376 21.371611759692172 0.3047121208055556 9.077785837520997e-05
11 18 196.22422488864376 21.371611759692172 0.3047121208055556 9.077785837520997e-05
11 19 196.21740250237616 21.368401038968045 0.3048497025029262 9.101624381812546e-05
11 20 196.21740250237616 21.368401038968045 0.3048497025029262 9.101624381812546e-05
11 21 196.21740250237616 21.368401038968045 0.3048497025029262 9.101624381812546e-05
11 22 196.21740250237616 21.368401038968045 0.3048497025029262 9.101624381812546e-05
11 23 196.21740250237616 21.368401038968045 0.3048497025029262 9.101624381812546e-05
11 24 196.21740250237616 21.368401038968045 0.3048497025029262 9.101624381812546e-05
11 25 195.22051480714288 22.576090257510586 0.21299145616612486 9.077787375160349e-05
11 26 195.22051480714288 22.576090257510586 0.21299145616612486 9.077787375160349e-05
11 27 195.22051480714288 22.576090257510586 0.21299145616612486 9.077787375160349e-05
11 28 195.22051480714288 22.576090257510586 0.21299145616612486 9.077787375160349e-05
11 29 195.22051480714288 22.576090257510586 0.21299145616612486 9.077787375160349e-05
11 30 195.76985803489413 21.513186504307207 0.30654549465489905 9.065867399474108e-05
11 31 195.76985803489413 21.513186504307207 0.30654549465489905 9.065867399474108e-05
11 32 195.76985803489413 21.513186504307207 0.30654549465489905 9.065867399474108e-05
11 33 195.76985803489413 21.513186504307207 0.30654549465489905 9.065867399474108e-05
11 34 195.53111229035517 21.724730555028103 0.2751575165038598 9.495147329979335e-05
11 35 195.53111229035517 21.724730555028103 0.2751575165038598 9.495147329979335e-05
11 36 195.53111229035517 21.724730555028103 0.2751575165038598 9.495147329979335e-05
11 37 195.53111229035517 21.724730555028103 0.2751575165038598 9.495147329979335e-05
11 38 195.53111229035517 21.724730555028103 0.2751575165038598 9.495147329979335e-05
11 39 195.53111229035517 21.724730555028103 0.2751575165038598 9.495147329979335e-05
11 40 194.6786781414954 24.83902884821935 0.26085969305954376 9.065866474869062e-05
11 41 194.6786781414954 24.83902884821935 0.26085969305954376 9.065866474869062e-05
11 42 194.6786781414954 24.83902884821935 0.26085969305954376 9.065866474869062e-05
11 43 194.6786781414954 24.83902884821935 0.26085969305954376 9.065866474869062e-05
11 44 194.6786781414954 24.83902884821935 0.26085969305954376 9.065866474869062e-05
11 45 194.6786781414954 24.83902884821935 0.26085969305954376 9.065866474869062e-05
11 46 183.50028477605804 36.567949621098506 1.714418907994427 5.966423904657205e-05
11 47 183.50028477605804 36.567949621098506 1.714418907994427 5.966423904657205e-05
11 48 183.50028477605804 36.567949621098506 1.714418907994427 5.966423904657205e-05
11 49 183.50028477605804 36.567949621098506 1.714418907994427 5.966423904657205e-05
11 50 183.50028477605804 36.567949621098506 1.714418907994427 5.966423904657205e-05
11 51 183.50028477605804 36.567949621098506 1.714418907994427 5.966423904657205e-05
11 52 183.50028477605804 36.567949621098506 1.714418907994427 5.966423904657205e-05
11 53 183.50028477605804 36.567949621098506 1.714418907994427 5.966423904657205e-05
11 54 195.24387195031375 21.868205694084537 0.2722021393594739 9.00626215623777e-05
11 55 195.24387195031375 21.868205694084537 0.2722021393594739 9.00626215623777e-05
12 0 160.631441910943 27.572035839984878 0.47700984025084747 0.00026102859161261416
12 1 160.631441910943 27.572035839984878 0.47700984025084747 0.00026102859161261416
12 2 150.67093792024684 26.905415211443582 0.9693086595560705 9.959936092849103e-05
12 3 150.67093792024684 26.905415211443582 0.9693086595560705 9.959936092849103e-05
12 4 150.67093792024684 26.905415211443582 0.9693086595560705 9.959936092849103e-05
12 5 150.67093792024684 26.905415211443582 0.9693086595560705 9.959936092849103e-05
12 6 150.67093792024684 26.905415211443582 0.9693086595560705 9.959936092849103e-05
12 7 150.67093792024684 26.905415211443582 0.9693086595560705 9.959936092849103e-05
12 8 150.9228250244927 51.73093336149399 2.283973217224312 0.00031250715923030685
12 9 150.9228250244927 51.73093336149399 2.283973217224312 0.00031250715923030685
12 10 150.9228250244927 51.73093336149399 2.283973217224312 0.00031250715923030685
12 11 150.9228250244927 51.73093336149399 2.283973217224312 0.00031250715923030685
12 12 150.9228250244927 51.73093336149399 2.283973217224312 0.00031250715923030685
12 13 150.9228250244927 51.73093336149399 2.283973217224312 0.00031250715923030685
12 14 150.0222615394503 23.780742851918145 0.29143740532947676 0.00031501049846457225
12 15 150.0222615394503 23.780742851918145 0.29143740532947676 0.00031501049846457225
12 16 150.0222615394503 23.780742851918145 0.29143740532947676 0.00031501049846457225
12 17 150.0222615394503 23.780742851918145 0.29143740532947676 0.00031501049846457225
12 18 150.0222615394503 23.780742851918145 0.29143740532947676 0.00031501049846457225
12 19 150.46297171910527 25.709530906512427 0.8358485631964838 0.00018662214491248588
12 20 150.46297171910527 25.709530906512427 0.8358485631964838 0.00018662214491248588
12 21 150.46297171910527 25.709530906512427 0.8358485631964838 0.00018662214491248588
12 22 150.46297171910527 25.709530906512427 0.8358485631964838 0.00018662214491248588
12 23 150.46297171910527 25.709530906512427 0.8358485631964838 0.00018662214491248588
12 24 150.46297171910527 25.709530906512427 0.8358485631964838 0.00018662214491248588
12 25 176.8722778134133 27.571209138412243 0.42355625051890533 9.185081310686362e-05
12 26 176.8722778134133 27.571209138412243 0.42355625051890533 9.185081310686362e-05
12 27 176.8722778134133 27.571209138412243 0.42355625051890533 9.185081310686362e-05
12 28 176.8722778134133 27.571209138412243 0.42355625051890533 9.185081310686362e-05
12 29 176.8722778134133 27.571209138412243 0.42355625051890533 9.185081310686362e-05
12 30 150.02643819259734 24.524551621684715 0.6496947315099786 7.992983130209637e-05
12 31 150.02643819259734 24.524551621684715 0.6496947315099786 7.992983130209637e-05
12 32 150.02643819259734 24.524551621684715 0.6496947315099786 7.992983130209637e-05
12 33 150.02643819259734 24.524551621684715 0.6496947315099786 7.992983130209637e-05
12 34 170.5849512211612 31.745954645555855 0.13672319035583297 0.00022095441774565644
12 35 170.5849512211612 31.745954645555855 0.13672319035583297 0.00022095441774565644
12 36 170.5849512211612 31.745954645555855 0.13672319035583297 0.00022095441774565644
12 37 170.5849512211612 31.745954645555855 0.13672319035583297 0.00022095441774565644
12 38 170.5849512211612 31.745954645555855 0.13672319035583297 0.00022095441774565644
12 39 170.5849512211612 31.745954645555855 0.13672319035583297 0.00022095441774565644
12 40 150.01366664346014 23.616401234410585 0.22912892228210086 0.00017613172488436081
12 41 150.01366664346014 23.616401234410585 0.22912892228210086 0.00017613172488436081
12 42 150.01366664346014 23.616401234410585 0.22912892228210086 0.00017613172488436081
12 43 150.01366664346014 23.616401234410585 0.22912892228210086 0.00017613172488436081
12 44 150.01366664346014 23.616401234410585 0.22912892228210086 0.00017613172488436081
12 45 150.01366664346014 23.616401234410585 0.22912892228210086 0.00017613172488436081
12 46 150.0364715527868 23.77101325560043 0.2718808724481999 0.00018900632748592447
12 47 150.0364715527868 23.77101325560043 0.2718808724481999 0.00018900632748592447
12 48 150.0364715527868 23.77101325560043 0.2718808724481999 0.00018900632748592447
12 49 150.0364715527868 23.77101325560043 0.2718808724481999 0.00018900632748592447
12 50 150.0364715527868 23.77101325560043 0.2718808724481999 0.00018900632748592447
12 51 150.0364715527868 23.77101325560043 0.2718808724481999 0.00018900632748592447
12 52 150.0364715527868 23.77101325560043 0.2718808724481999 0.00018900632748592447
12 53 150.0364715527868 23.77101325560043 0.2718808724481999 0.00018900632748592447
12 54 176.33013278485765 20.51988518744274 0.4105063577097515 0.0001313090308026575
12 55 176.33013278485765 20.51988518744274 0.4105063577097515 0.0001313090308026575
13 0 176.68963638648555 25.404564078429125 0.3954363557811819 8.052587510577785e-05
13 1 176.68963638648555 25.404564078429125 0.3954363557811819 8.052587510577785e-05
13 2 177.279529807097 24.07458087222619 0.3010401322180417 7.325411075393948e-05
13 3 177.279529807097 24.07458087222619 0.3010401322180417 7.325411075393948e-05
13 4 177.279529807097 24.07458087222619 0.3010401322180417 7.325411075393948e-05
13 5 177.279529807097 24.07458087222619 0.3010401322180417 7.325411075393948e-05
13 6 177.279529807097 24.07458087222619 0.3010401322180417 7.325411075393948e-05
13 7 177.279529807097 24.07458087222619 0.3010401322180417 7.325411075393948e-05
13 8 176.7316132976215 25.34818556144405 0.3792763073922112 7.340872236618735e-05
13 9 176.7316132976215 25.34818556144405 0.3792763073922112 7.340872236618735e-05
13 10 176.7316132976215 25.34818556144405 0.3792763073922112 7.340872236618735e-05
13 11 176.7316132976215 25.34818556144405 0.3792763073922112 7.340872236618735e-05
13 12 176.7316132976215 25.34818556144405 0.3792763073922112 7.340872236618735e-05
13 13 176.7316132976215 25.34818556144405 0.3792763073922112 7.340872236618735e-05
13 14 175.48158883555482 24.780510625956992 -0.23400801834319424 9.244870642743384e-05
13 15 175.48158883555482 24.780510625956992 -0.23400801834319424 9.244870642743384e-05
13 16 175.48158883555482 24.780510625956992 -0.23400801834319424 9.244870642743384e-05
13 17 175.48158883555482 24.780510625956992 -0.23400801834319424 9.244870642743384e-05
13 18 175.48158883555482 24.780510625956992 -0.23400801834319424 9.244870642743384e-05
13 19 176.43481145812098 25.199998245625316 0.3268986396438853 9.840712974119382e-05
13 20 176.43481145812098 25.199998245625316 0.3268986396438853 9.840712974119382e-05
13 21 176.43481145812098 25.199998245625316 0.3268986396438853 9.840712974119382e-05
13 22 176.43481145812098 25.199998245625316 0.3268986396438853 9.840712974119382e-05
13 23 176.43481145812098 25.199998245625316 0.3268986396438853 9.840712974119382e-05
13 24 176.43481145812098 25.199998245625316 0.3268986396438853 9.840712974119382e-05
13 25 173.65904647190058 26.13016079566423 -0.057485757306715506 8.73208045132054e-05
13 26 173.65904647190058 26.13016079566423 -0.057485757306715506 8.73208045132054e-05
13 27 173.65904647190058 26.13016079566423 -0.057485757306715506 8.73208045132054e-05
13 28 173.65904647190058 26.13016079566423 -0.057485757306715506 8.73208045132054e-05
13 29 173.65904647190058 26.13016079566423 -0.057485757306715506 8.73208045132054e-05
13 30 176.607349841239 24.68442935593839 0.3245841681645533 8.386373522346706e-05
13 31 176.607349841239 24.68442935593839 0.3245841681645533 8.386373522346706e-05
13 32 176.607349841239 24.68442935593839 0.3245841681645533 8.386373522346706e-05
13 33 176.607349841239 24.68442935593839 0.3245841681645533 8.386373522346706e-05
13 34 176.94875984088725 24.586228765109432 0.25905876472773604 0.00010162591857036061
13 35 176.94875984088725 24.586228765109432 0.25905876472773604 0.00010162591857036061
13 36 176.94875984088725 24.586228765109432 0.25905876472773604 0.00010162591857036061
13 37 176.94875984088725 24.586228765109432 0.25905876472773604 0.00010162591857036061
13 38 176.94875984088725 24.586228765109432 0.25905876472773604 0.00010162591857036061
13 39 176.94875984088725 24.586228765109432 0.25905876472773604 0.00010162591857036061
13 40 176.819035763417 24.458890752038364 0.26578215790213977 0.00010830161843125664
13 41 176.819035763417 24.458890752038364 0.26578215790213977 0.00010830161843125664
13 42 176.819035763417 24.458890752038364 0.26578215790213977 0.00010830161843125664
13 43 176.819035763417 24.458890752038364 0.26578215790213977 0.00010830161843125664
13 44 176.819035763417 24.458890752038364 0.26578215790213977 0.00010830161843125664
13 45 176.819035763417 24.458890752038364 0.26578215790213977 0.00010830161843125664
13 46 177.09874513812932 25.179519321321003 0.24569829308501556 0.00010961294640499916
13 47 177.09874513812932 25.179519321321003 0.24569829308501556 0.00010961294640499916
13 48 177.09874513812932 25.179519321321003 0.24569829308501556 0.00010961294640499916
13 49 177.09874513812932 25.179519321321003 0.24569829308501556 0.00010961294640499916
13 50 177.09874513812932 25.179519321321003 0.24569829308501556 0.00010961294640499916
13 51 177.09874513812932 25.179519321321003 0.24569829308501556 0.00010961294640499916
13 52 177.09874513812932 25.179519321321003 0.24569829308501556 0.00010961294640499916
13 53 177.09874513812932 25.179519321321003 0.24569829308501556 0.00010961294640499916
13 54 161.17168596911037 24.67047858295983 0.20850694382671375 8.744001281945035e-05
13 55 161.17168596911037 24.67047858295983 0.20850694382671375 8.744001281945035e-05
14 0 1140.76392738676 41.39658134752229 0.28636264771475683 0.00010150670980107917
14 1 1140.76392738676 41.39658134752229 0.28636264771475683 0.00010150670980107917
14 2 1140.16526972466 42.47772572690839 0.3512716027198498 9.840726840464829e-05
14 3 1140.16526972466 42.47772572690839 0.3512716027198498 9.840726840464829e-05
14 4 1140.16526972466 42.47772572690839 0.3512716027198498 9.840726840464829e-05
14 5 1140.16526972466 42.47772572690839 0.3512716027198498 9.840726840464829e-05
14 6 1140.16526972466 42.47772572690839 0.3512716027198498 9.840726840464829e-05
14 7 1140.16526972466 42.47772572690839 0.3512716027198498 9.840726840464829e-05
14 8 1140.0677511986967 42.88311736197383 0.23952058332776127 0.0001303553582978973
14 9 1140.0677511986967 42.88311736197383 0.23952058332776127 0.0001303553582978973
14 10 1140.0677511986967 42.88311736197383 0.23952058332776127 0.0001303553582978973
14 11 1140.0677511986967 42.88311736197383 0.23952058332776127 0.0001303553582978973
14 12 1140.0677511986967 42.88311736197383 0.23952058332776127 0.0001303553582978973
14 13 1140.0677511986967 42.88311736197383 0.23952058332776127 0.0001303553582978973
14 14 1139.9316010253124 43.57225611954091 0.3400012174035083 0.00011254792450409123
14 15 1139.9316010253124 43.57225611954091 0.3400012174035083 0.00011254792450409123
14 16 1139.9316010253124 43.57225611954091 0.3400012174035083 0.00011254792450409123
14 17 1139.9316010253124 43.57225611954091 0.3400012174035083 0.00011254792450409123
14 18 1139.9316010253124 43.57225611954091 0.3400012174035083 0.00011254792450409123
14 19 1141.4954123226676 47.02667406690128 0.5035422045688662 -9.251888750333527e-05
14 20 1141.4954123226676 47.02667406690128 0.5035422045688662 -9.251888750333527e-05
14 21 1141.4954123226676 47.02667406690128 0.5035422045688662 -9.251888750333527e-05
14 22 1141.4954123226676 47.02667406690128 0.5035422045688662 -9.251888750333527e-05
14 23 1141.4954123226676 47.02667406690128 0.5035422045688662 -9.251888750333527e-05
14 24 1141.4954123226676 47.02667406690128 0.5035422045688662 -9.251888750333527e-05
14 25 1140.3210151706085 46.58395178472674 0.5280471818184658 -6.36279582991846e-05
14 26 1140.3210151706085 46.58395178472674 0.5280471818184658 -6.36279582991846e-05
14 27 1140.3210151706085 46.58395178472674 0.5280471818184658 -6.36279582991846e-05
14 28 1140.3210151706085 46.58395178472674 0.5280471818184658 -6.36279582991846e-05
14 29 1140.3210151706085 46.58395178472674 0.5280471818184658 -6.36279582991846e-05
14 30 1146.084693139745 50.64420930357015 0.5307556658629027 -8.70576747077602e-05
14 31 1146.084693139745 50.64420930357015 0.5307556658629027 -8.70576747077602e-05
14 32 1146.084693139745 50.64420930357015 0.5307556658629027 -8.70576747077602e-05
14 33 1146.084693139745 50.64420930357015 0.5307556658629027 -8.70576747077602e-05
14 34 1138.8142506996476 45.403755171538215 0.5681824815396082 -4.896521591310664e-05
14 35 1138.8142506996476 45.403755171538215 0.5681824815396082 -4.896521591310664e-05
14 36 1138.8142506996476 45.403755171538215 0.5681824815396082 -4.896521591310664e-05
14 37 1138.8142506996476 45.403755171538215 0.5681824815396082 -4.896521591310664e-05
14 38 1138.8142506996476 45.403755171538215 0.5681824815396082 -4.896521591310664e-05
14 39 1138.8142506996476 45.403755171538215 0.5681824815396082 -4.896521591310664e-05
14 40 1138.8279688703956 45.94874335721384 0.6640639221074798 -7.745638846334358e-05
14 41 1138.8279688703956 45.94874335721384 0.6640639221074798 -7.745638846334358e-05
14 42 1138.8279688703956 45.94874335721384 0.6640639221074798 -7.745638846334358e-05
14 43 1138.8279688703956 45.94874335721384 0.6640639221074798 -7.745638846334358e-05
14 44 1138.8279688703956 45.94874335721384 0.6640639221074798 -7.745638846334358e-05
14 45 1138.8279688703956 45.94874335721384 0.6640639221074798 -7.745638846334358e-05
14 46 1186.3742524191616 40.532210603684334 0.6513317639814502 -9.819865047717586e-05
14 47 1186.3742524191616 40.532210603684334 0.6513317639814502 -9.819865047717586e-05
14 48 1186.3742524191616 40.532210603684334 0.6513317639814502 -9.819865047717586e-05
14 49 1186.3742524191616 40.532210603684334 0.6513317639814502 -9.819865047717586e-05
14 50 1186.3742524191616 40.532210603684334 0.6513317639814502 -9.819865047717586e-05
14 51 1186.3742524191616 40.532210603684334 0.6513317639814502 -9.819865047717586e-05
14 52 1186.3742524191616 40.532210603684334 0.6513317639814502 -9.819865047717586e-05
14 53 1186.3742524191616 40.532210603684334 0.6513317639814502 -9.819865047717586e-05
14 54 1140.6641335278377 45.25854041178724 0.8265235940985278 -0.00017880163903312996
14 55 1140.6641335278377 45.25854041178724 0.8265235940985278 -0.00017880163903312996
15 0 1110.670476649869 33.10973565665169 0.199397261431692 -0.00013399006429355416
15 1 1110.670476649869 33.10973565665169 0.199397261431692 -0.00013399006429355416
15 2 1088.4450275435906 37.47605727035401 0.9520858321633389 0.0003858208655620149
15 3 1088.4450275435906 37.47605727035401 0.9520858321633389 0.0003858208655620149
15 4 1088.4450275435906 37.47605727035401 0.9520858321633389 0.0003858208655620149
15 5 1088.4450275435906 37.47605727035401 0.9520858321633389 0.0003858208655620149
15 6 1088.4450275435906 37.47605727035401 0.9520858321633389 0.0003858208655620149
15 7 1088.4450275435906 37.47605727035401 0.9520858321633389 0.0003858208655620149
15 8 1095.2822933858033 35.31490965738191 0.6758315056765176 0.00038152932757758965
15 9 1095.2822933858033 35.31490965738191 0.6758315056765176 0.00038152932757758965
15 10 1095.2822933858033 35.31490965738191 0.6758315056765176 0.00038152932757758965
15 11 1095.2822933858033 35.31490965738191 0.6758315056765176 0.00038152932757758965
15 12 1095.2822933858033 35.31490965738191 0.6758315056765176 0.00038152932757758965
15 13 1095.2822933858033 35.31490965738191 0.6758315056765176 0.00038152932757758965
15 14 1352.961605099516 31.74909035278823 0.19361186267498742 6.574392318788605e-05
15 15 1352.961605099516 31.74909035278823 0.19361186267498742 6.574392318788605e-05
15 16 1352.961605099516 31.74909035278823 0.19361186267498742 6.574392318788605e-05
15 17 1352.961605099516 31.74909035278823 0.19361186267498742 6.574392318788605e-05
15 18 1352.961605099516 31.74909035278823 0.19361186267498742 6.574392318788605e-05
15 19 1094.1725329819096 33.2328275073435 0.32720474235416386 0.0005416274148831063
15 20 1094.1725329819096 33.2328275073435 0.32720474235416386 0.0005416274148831063
15 21 1094.1725329819096 33.2328275073435 0.32720474235416386 0.0005416274148831063
15 22 1094.1725329819096 33.2328275073435 0.32720474235416386 0.0005416274148831063
15 23 1094.1725329819096 33.2328275073435 0.32720474235416386 0.0005416274148831063
15 24 1094.1725329819096 33.2328275073435 0.32720474235416386 0.0005416274148831063
15 25 1303.3454787619758 33.184707446225836 0.2648737383111502 9.864648977286815e-05
15 26 1303.3454787619758 33.184707446225836 0.2648737383111502 9.864648977286815e-05
15 27 1303.3454787619758 33.184707446225836 0.2648737383111502 9.864648977286815e-05
15 28 1303.3454787619758 33.184707446225836 0.2648737383111502 9.864648977286815e-05
15 29 1303.3454787619758 33.184707446225836 0.2648737383111502 9.864648977286815e-05
15 30 1098.7563391788835 34.49706452038828 0.4788052727564981 0.00018936296983030048
15 31 1098.7563391788835 34.49706452038828 0.4788052727564981 0.00018936296983030048
15 32 1098.7563391788835 34.49706452038828 0.4788052727564981 0.00018936296983030048
15 33 1098.7563391788835 34.49706452038828 0.4788052727564981 0.00018936296983030048
15 34 1155.9440057089996 33.02553838462254 -0.32211195270989673 0.00022906065036364088
15 35 1155.9440057089996 33.02553838462254 -0.32211195270989673 0.00022906065036364088
15 36 1155.9440057089996 33.02553838462254 -0.32211195270989673 0.00022906065036364088
15 37 1155.9440057089996 33.02553838462254 -0.32211195270989673 0.00022906065036364088
15 38 1155.9440057089996 33.02553838462254 -0.32211195270989673 0.00022906065036364088
15 39 1155.9440057089996 33.02553838462254 -0.32211195270989673 0.00022906065036364088
15 40 1093.9104899947074 33.92563956126179 0.45736118543266857 0.0002062916784499465
15 41 1093.9104899947074 33.92563956126179 0.45736118543266857 0.0002062916784499465
15 42 1093.9104899947074 33.92563956126179 0.45736118543266857 0.0002062916784499465
15 43 1093.9104899947074 33.92563956126179 0.45736118543266857 0.0002062916784499465
15 44 1093.9104899947074 33.92563956126179 0.45736118543266857 0.0002062916784499465
15 45 1093.9104899947074 33.92563956126179 0.45736118543266857 0.0002062916784499465
15 46 1095.5068367097088 33.98065455235016 0.474592745200322 -2.7716154178788934e-06
15 47 1095.5068367097088 33.98065455235016 0.474592745200322 -2.7716154178788934e-06
15 48 1095.5068367097088 33.98065455235016 0.474592745200322 -2.7716154178788934e-06
15 49 1095.5068367097088 33.98065455235016 0.474592745200322 -2.7716154178788934e-06
15 50 1095.5068367097088 33.98065455235016 0.474592745200322 -2.7716154178788934e-06
15 51 1095.5068367097088 33.98065455235016 0.474592745200322 -2.7716154178788934e-06
15 52 1095.5068367097088 33.98065455235016 0.474592745200322 -2.7716154178788934e-06
15 53 1095.5068367097088 33.98065455235016 0.474592745200322 -2.7716154178788934e-06
15 54 1092.9034084184175 33.96771046286507 0.4702516475282917 0.00035828351982394586
15 55 1092.9034084184175 33.96771046286507 0.4702516475282917 0.00035828351982394586
16 0 3132.7699520444253 47.358717351172544 -0.2396746178728652 0.000424802218524921
16 1 3132.7699520444253 47.358717351172544 -0.2396746178728652 0.000424802218524921
16 2 3161.8383692282027 48.09869530082817 0.28806731174583533 -0.00010064244297645435
16 3 3161.8383692282027 48.09869530082817 0.28806731174583533 -0.00010064244297645435
16 4 3161.8383692282027 48.09869530082817 0.28806731174583533 -0.00010064244297645435
16 5 3161.8383692282027 48.09869530082817 0.28806731174583533 -0.00010064244297645435
16 6 3161.8383692282027 48.09869530082817 0.28806731174583533 -0.00010064244297645435
16 7 3161.8383692282027 48.09869530082817 0.28806731174583533 -0.00010064244297645435
16 8 3104.2019111162385 52.53849102393215 0.49655439202193813 -0.000187188415828809
16 9 3104.2019111162385 52.53849102393215 0.49655439202193813 -0.000187188415828809
16 10 3104.2019111162385 52.53849102393215 0.49655439202193813 -0.000187188415828809
16 11 3104.2019111162385 52.53849102393215 0.49655439202193813 -0.000187188415828809
16 12 3104.2019111162385 52.53849102393215 0.49655439202193813 -0.000187188415828809
16 13 3104.2019111162385 52.53849102393215 0.49655439202193813 -0.000187188415828809
16 14 3047.212823909043 47.358706962499454 0.21244705687730428 4.762402341317757e-05
16 15 3047.212823909043 47.358706962499454 0.21244705687730428 4.762402341317757e-05
16 16 3047.212823909043 47.358706962499454 0.21244705687730428 4.762402341317757e-05
16 17 3047.212823909043 47.358706962499454 0.21244705687730428 4.762402341317757e-05
16 18 3047.212823909043 47.358706962499454 0.21244705687730428 4.762402341317757e-05
16 19 3035.389573067889 48.817689538590386 0.6204919288472879 0.00020283464624476285
16 20 3035.389573067889 48.817689538590386 0.6204919288472879 0.00020283464624476285
16 21 3035.389573067889 48.817689538590386 0.6204919288472879 0.00020283464624476285
16 22 3035.389573067889 48.817689538590386 0.6204919288472879 0.00020283464624476285
16 23 3035.389573067889 48.817689538590386 0.6204919288472879 0.00020283464624476285
16 24 3035.389573067889 48.817689538590386 0.6204919288472879 0.00020283464624476285
16 25 3159.390145414436 50.31858391413766 0.08880856608377456 0.0005665421466729344
16 26 3159.390145414436 50.31858391413766 0.08880856608377456 0.0005665421466729344
16 27 3159.390145414436 50.31858391413766 0.08880856608377456 0.0005665421466729344
16 28 3159.390145414436 50.31858391413766 0.08880856608377456 0.0005665421466729344
16 29 3159.390145414436 50.31858391413766 0.08880856608377456 0.0005665421466729344
16 30 3197.743694620781 53.27739633068239 0.4350392668773637 0.00023859745006280132
16 31 3197.743694620781 53.27739633068239 0.4350392668773637 0.00023859745006280132
16 32 3197.743694620781 53.27739633068239 0.4350392668773637 0.00023859745006280132
16 33 3197.743694620781 53.27739633068239 0.4350392668773637 0.00023859745006280132
16 34 3058.585924838921 53.57731432876645 0.8603082394563182 -7.325083323912293e-05
16 35 3058.585924838921 53.57731432876645 0.8603082394563182 -7.325083323912293e-05
16 36 3058.585924838921 53.57731432876645 0.8603082394563182 -7.325083323912293e-05
16 37 3058.585924838921 53.57731432876645 0.8603082394563182 -7.325083323912293e-05
16 38 3058.585924838921 53.57731432876645 0.8603082394563182 -7.325083323912293e-05
16 39 3058.585924838921 53.57731432876645 0.8603082394563182 -7.325083323912293e-05
16 40 3275.2963683132843 53.27855929044718 0.4356533383674314 0.00017040951021020294
16 41 3275.2963683132843 53.27855929044718 0.4356533383674314 0.00017040951021020294
16 42 3275.2963683132843 53.27855929044718 0.4356533383674314 0.00017040951021020294
16 43 3275.2963683132843 53.27855929044718 0.4356533383674314 0.00017040951021020294
16 44 3275.2963683132843 53.27855929044718 0.4356533383674314 0.00017040951021020294
16 45 3275.2963683132843 53.27855929044718 0.4356533383674314 0.00017040951021020294
16 46 3075.7499411347385 48.29789664059861 0.4081484485382093 0.0004797584641427476
16 47 3075.7499411347385 48.29789664059861 0.4081484485382093 0.0004797584641427476
16 48 3075.7499411347385 48.29789664059861 0.4081484485382093 0.0004797584641427476
16 49 3075.7499411347385 48.29789664059861 0.4081484485382093 0.0004797584641427476
16 50 3075.7499411347385 48.29789664059861 0.4081484485382093 0.0004797584641427476
16 51 3075.7499411347385 48.29789664059861 0.4081484485382093 0.0004797584641427476
16 52 3075.7499411347385 48.29789664059861 0.4081484485382093 0.0004797584641427476
16 53 3075.7499411347385 48.29789664059861 0.4081484485382093 0.0004797584641427476
16 54 3045.9078509593996 46.331921876279 0.4690069673527498 0.00028890366144107484
16 55 3045.9078509593996 46.331921876279 0.4690069673527498 0.00028890366144107484
17 0 6405.376645876717 45.8955454156051 0.2508196613173173 -0.0005207955810542481
17 1 6405.376645876717 45.8955454156051 0.2508196613173173 -0.0005207955810542481
17 2 7241.716269417278 64.3463962256792 1.6197734161954107 0.0001648070193182684
17 3 7241.716269417278 64.3463962256792 1.6197734161954107 0.0001648070193182684
17 4 7241.716269417278 64.3463962256792 1.6197734161954107 0.0001648070193182684
17 5 7241.716269417278 64.3463962256792 1.6197734161954107 0.0001648070193182684
17 6 7241.716269417278 64.3463962256792 1.6197734161954107 0.0001648070193182684
17 7 7241.716269417278 64.3463962256792 1.6197734161954107 0.0001648070193182684
17 8 7303.707278954845 46.69496536094216 -3.661652712705335 -0.000259369644548677
17 9 7303.707278954845 46.69496536094216 -3.661652712705335 -0.000259369644548677
17 10 7303.707278954845 46.69496536094216 -3.661652712705335 -0.000259369644548677
17 11 7303.707278954845 46.69496536094216 -3.661652712705335 -0.000259369644548677
17 12 7303.707278954845 46.69496536094216 -3.661652712705335 -0.000259369644548677
17 13 7303.707278954845 46.69496536094216 -3.661652712705335 -0.000259369644548677
17 14 7053.151541610308 65.84285641339056 1.7384193606105098 3.093481125807561e-05
17 15 7053.151541610308 65.84285641339056 1.7384193606105098 3.093481125807561e-05
17 16 7053.151541610308 65.84285641339056 1.7384193606105098 3.093481125807561e-05
17 17 7053.151541610308 65.84285641339056 1.7384193606105098 3.093481125807561e-05
17 18 7053.151541610308 65.84285641339056 1.7384193606105098 3.093481125807561e-05
17 19 7328.836475559095 49.118724793932984 -0.41082987226357415 5.775690090475667e-05
17 20 7328.836475559095 49.118724793932984 -0.41082987226357415 5.775690090475667e-05
17 21 7328.836475559095 49.118724793932984 -0.41082987226357415 5.775690090475667e-05
17 22 7328.836475559095 49.118724793932984 -0.41082987226357415 5.775690090475667e-05
17 23 7328.836475559095 49.118724793932984 -0.41082987226357415 5.775690090475667e-05
17 24 7328.836475559095 49.118724793932984 -0.41082987226357415 5.775690090475667e-05
17 25 6894.100852696964 46.55950836181685 -1.6886271916628912 -0.0006221830851034734
17 26 6894.100852696964 46.55950836181685 -1.6886271916628912 -0.0006221830851034734
17 27 6894.100852696964 46.55950836181685 -1.6886271916628912 -0.0006221830851034734
17 28 6894.100852696964 46.55950836181685 -1.6886271916628912 -0.0006221830851034734
17 29 6894.100852696964 46.55950836181685 -1.6886271916628912 -0.0006221830851034734
17 30 7350.695887017147 51.30361344524027 0.049209491735140845 -1.9716969392935123e-06
17 31 7350.695887017147 51.30361344524027 0.049209491735140845 -1.9716969392935123e-06
17 32 7350.695887017147 51.30361344524027 0.049209491735140845 -1.9716969392935123e-06
17 33 7350.695887017147 51.30361344524027 0.049209491735140845 -1.9716969392935123e-06
17 34 6794.985222519161 45.07345856150405 -2.2175160975783568 -0.0002800524231907404
17 35 6794.985222519161 45.07345856150405 -2.2175160975783568 -0.0002800524231907404
17 36 6794.985222519161 45.07345856150405 -2.2175160975783568 -0.0002800524231907404
17 37 6794.985222519161 45.07345856150405 -2.2175160975783568 -0.0002800524231907404
17 38 6794.985222519161 45.07345856150405 -2.2175160975783568 -0.0002800524231907404
17 39 6794.985222519161 45.07345856150405 -2.2175160975783568 -0.0002800524231907404
17 40 6482.71434175294 61.353570674631584 1.492676723281538 -1.856696534513695e-05
17 41 6482.71434175294 61.353570674631584 1.492676723281538 -1.856696534513695e-05
17 42 6482.71434175294 61.353570674631584 1.492676723281538 -1.856696534513695e-05
17 43 6482.71434175294 61.353570674631584 1.492676723281538 -1.856696534513695e-05
17 44 6482.71434175294 61.353570674631584 1.492676723281538 -1.856696534513695e-05
17 45 6482.71434175294 61.353570674631584 1.492676723281538 -1.856696534513695e-05
17 46 6720.805563916711 46.492906920397516 -0.889695771252957 -0.0003730930634032308
17 47 6720.805563916711 46.492906920397516 -0.889695771252957 -0.0003730930634032308
17 48 6720.805563916711 46.492906920397516 -0.889695771252957 -0.0003730930634032308
17 49 6720.805563916711 46.492906920397516 -0.889695771252957 -0.0003730930634032308
17 50 6720.805563916711 46.492906920397516 -0.889695771252957 -0.0003730930634032308
17 51 6720.805563916711 46.492906920397516 -0.889695771252957 -0.0003730930634032308
17 52 6720.805563916711 46.492906920397516 -0.889695771252957 -0.0003730930634032308
17 53 6720.805563916711 46.492906920397516 -0.889695771252957 -0.0003730930634032308
17 54 7390.810083120682 52.07312225518352 0.4006386614549604 0.00016695260962824632
17 55 7390.810083120682 52.07312225518352 0.4006386614549604 0.00016695260962824632
18 0 4444.2091938112235 58.413198512641785 0.04377203224179067 -0.00011190770295407476
18 1 4444.2091938112235 58.413198512641785 0.04377203224179067 -0.00011190770295407476
18 2 4411.889300136154 60.12260149065014 0.27726896247946925 0.00011712312699154438
18 3 4411.889300136154 60.12260149065014 0.27726896247946925 0.00011712312699154438
18 4 4411.889300136154 60.12260149065014 0.27726896247946925 0.00011712312699154438
18 5 4411.889300136154 60.12260149065014 0.27726896247946925 0.00011712312699154438
18 6 4411.889300136154 60.12260149065014 0.27726896247946925 0.00011712312699154438
18 7 4411.889300136154 60.12260149065014 0.27726896247946925 0.00011712312699154438
18 8 4302.358593081432 57.786223439415515 0.2839596468775075 7.063150405139623e-05
18 9 4302.358593081432 57.786223439415515 0.2839596468775075 7.063150405139623e-05
18 10 4302.358593081432 57.786223439415515 0.2839596468775075 7.063150405139623e-05
18 11 4302.358593081432 57.786223439415515 0.2839596468775075 7.063150405139623e-05
18 12 4302.358593081432 57.786223439415515 0.2839596468775075 7.063150405139623e-05
18 13 4302.358593081432 57.786223439415515 0.2839596468775075 7.063150405139623e-05
18 14 4587.789238894307 56.15636011805906 0.006186958176488781 -0.00012323260468818839
18 15 4587.789238894307 56.15636011805906 0.006186958176488781 -0.00012323260468818839
18 16 4587.789238894307 56.15636011805906 0.006186958176488781 -0.00012323260468818839
18 17 4587.789238894307 56.15636011805906 0.006186958176488781 -0.00012323260468818839
18 18 4587.789238894307 56.15636011805906 0.006186958176488781 -0.00012323260468818839
18 19 4312.022260048501 53.208192987816865 0.5875530426818927 2.2947788243670753e-05
18 20 4312.022260048501 53.208192987816865 0.5875530426818927 2.2947788243670753e-05
18 21 4312.022260048501 53.208192987816865 0.5875530426818927 2.2947788243670753e-05
18 22 4312.022260048501 53.208192987816865 0.5875530426818927 2.2947788243670753e-05
18 23 4312.022260048501 53.208192987816865 0.5875530426818927 2.2947788243670753e-05
18 24 4312.022260048501 53.208192987816865 0.5875530426818927 2.2947788243670753e-05
18 25 4347.016685128473 58.484456125932304 0.08977645565595989 0.00010091019618381734
18 26 4347.016685128473 58.484456125932304 0.08977645565595989 0.00010091019618381734
18 27 4347.016685128473 58.484456125932304 0.08977645565595989 0.00010091019618381734
18 28 4347.016685128473 58.484456125932304 0.08977645565595989 0.00010091019618381734
18 29 4347.016685128473 58.484456125932304 0.08977645565595989 0.00010091019618381734
18 30 4322.52585367306 57.75805277907108 0.17007778353336467 0.00016134989721366732
18 31 4322.52585367306 57.75805277907108 0.17007778353336467 0.00016134989721366732
18 32 4322.52585367306 57.75805277907108 0.17007778353336467 0.00016134989721366732
18 33 4322.52585367306 57.75805277907108 0.17007778353336467 0.00016134989721366732
18 34 4266.137725543996 59.22700720347445 0.4733089528212188 0.00014324297924126102
18 35 4266.137725543996 59.22700720347445 0.4733089528212188 0.00014324297924126102
18 36 4266.137725543996 59.22700720347445 0.4733089528212188 0.00014324297924126102
18 37 4266.137725543996 59.22700720347445 0.4733089528212188 0.00014324297924126102
18 38 4266.137725543996 59.22700720347445 0.4733089528212188 0.00014324297924126102
18 39 4266.137725543996 59.22700720347445 0.4733089528212188 0.00014324297924126102
18 40 4369.274989677128 56.95583688783327 -0.06334439748340925 0.0003565004521720852
18 41 4369.274989677128 56.95583688783327 -0.06334439748340925 0.0003565004521720852
18 42 4369.274989677128 56.95583688783327 -0.06334439748340925 0.0003565004521720852
18 43 4369.274989677128 56.95583688783327 -0.06334439748340925 0.0003565004521720852
18 44 4369.274989677128 56.95583688783327 -0.06334439748340925 0.0003565004521720852
18 45 4369.274989677128 56.95583688783327 -0.06334439748340925 0.0003565004521720852
18 46 4177.204566346507 62.785107597205695 1.18427826688988 0.00010353048034785964
18 47 4177.204566346507 62.785107597205695 1.18427826688988 0.00010353048034785964
18 48 4177.204566346507 62.785107597205695 1.18427826688988 0.00010353048034785964
18 49 4177.204566346507 62.785107597205695 1.18427826688988 0.00010353048034785964
18 50 4177.204566346507 62.785107597205695 1.18427826688988 0.00010353048034785964
18 51 4177.204566346507 62.785107597205695 1.18427826688988 0.00010353048034785964
18 52 4177.204566346507 62.785107597205695 1.18427826688988 0.00010353048034785964
18 53 4177.204566346507 62.785107597205695 1.18427826688988 0.00010353048034785964
18 54 4430.141972261528 56.35799073371197 -0.1351612805957355 0.00010830164074685677
18 55 4430.141972261528 56.35799073371197 -0.1351612805957355 0.00010830164074685677
19 0 8197.541076277572 41.49608266060626 0.23754750091501406 3.6895308735909795e-05
19 1 8197.541076277572 41.49608266060626 0.23754750091501406 3.6895308735909795e-05
19 2 8089.375195268207 42.2201096946127 0.14664238292905835 8.696317793969147e-05
19 3 8089.375195268207 42.2201096946127 0.14664238292905835 8.696317793969147e-05
19 4 8089.375195268207 42.2201096946127 0.14664238292905835 8.696317793969147e-05
19 5 8089.375195268207 42.2201096946127 0.14664238292905835 8.696317793969147e-05
19 6 8089.375195268207 42.2201096946127 0.14664238292905835 8.696317793969147e-05
19 7 8089.375195268207 42.2201096946127 0.14664238292905835 8.696317793969147e-05
19 8 7882.643137311365 43.77245731921637 0.21875933075155785 8.285328711811132e-06
19 9 7882.643137311365 43.77245731921637 0.21875933075155785 8.285328711811132e-06
19 10 7882.643137311365 43.77245731921637 0.21875933075155785 8.285328711811132e-06
19 11 7882.643137311365 43.77245731921637 0.21875933075155785 8.285328711811132e-06
19 12 7882.643137311365 43.77245731921637 0.21875933075155785 8.285328711811132e-06
19 13 7882.643137311365 43.77245731921637 0.21875933075155785 8.285328711811132e-06
19 14 7863.398898083084 43.95232182708099 0.3407372400492552 0.00011640787313136339
19 15 7863.398898083084 43.95232182708099 0.3407372400492552 0.00011640787313136339
19 16 7863.398898083084 43.95232182708099 0.3407372400492552 0.00011640787313136339
19 17 7863.398898083084 43.95232182708099 0.3407372400492552 0.00011640787313136339
19 18 7863.398898083084 43.95232182708099 0.3407372400492552 0.00011640787313136339
19 19 8374.214507054276 38.08708218080071 0.10675721940666827 1.0788441334550616e-05
19 20 8374.214507054276 38.08708218080071 0.10675721940666827 1.0788441334550616e-05
19 21 8374.214507054276 38.08708218080071 0.10675721940666827 1.0788441334550616e-05
19 22 8374.214507054276 38.08708218080071 0.10675721940666827 1.0788441334550616e-05
19 23 8374.214507054276 38.08708218080071 0.10675721940666827 1.0788441334550616e-05
19 24 8374.214507054276 38.08708218080071 0.10675721940666827 1.0788441334550616e-05
19 25 7839.168107641718 43.76934361589467 0.19541783467033969 8.362531661975384e-05
19 26 7839.168107641718 43.76934361589467 0.19541783467033969 8.362531661975384e-05
19 27 7839.168107641718 43.76934361589467 0.19541783467033969 8.362531661975384e-05
19 28 7839.168107641718 43.76934361589467 0.19541783467033969 8.362531661975384e-05
19 29 7839.168107641718 43.76934361589467 0.19541783467033969 8.362531661975384e-05
19 30 7778.957230981948 44.41269725193929 0.16986596220025546 0.0001017476001889599
19 31 7778.957230981948 44.41269725193929 0.16986596220025546 0.0001017476001889599
19 32 7778.957230981948 44.41269725193929 0.16986596220025546 0.0001017476001889599
19 33 7778.957230981948 44.41269725193929 0.16986596220025546 0.0001017476001889599
19 34 8038.420808066393 44.64728510324357 0.8165127477607411 -5.492570154709995e-05
19 35 8038.420808066393 44.64728510324357 0.8165127477607411 -5.492570154709995e-05
19 36 8038.420808066393 44.64728510324357 0.8165127477607411 -5.492570154709995e-05
19 37 8038.420808066393 44.64728510324357 0.8165127477607411 -5.492570154709995e-05
19 38 8038.420808066393 44.64728510324357 0.8165127477607411 -5.492570154709995e-05
19 39 8038.420808066393 44.64728510324357 0.8165127477607411 -5.492570154709995e-05
19 40 7539.275126930514 55.05644678223936 1.411983461737589 7.285064656468638e-05
19 41 7539.275126930514 55.05644678223936 1.411983461737589 7.285064656468638e-05
19 42 7539.275126930514 55.05644678223936 1.411983461737589 7.285064656468638e-05
19 43 7539.275126930514 55.05644678223936 1.411983461737589 7.285064656468638e-05
19 44 7539.275126930514 55.05644678223936 1.411983461737589 7.285064656468638e-05
19 45 7539.275126930514 55.05644678223936 1.411983461737589 7.285064656468638e-05
19 46 7730.081173342805 43.73292306614772 0.3272265731827683 -1.0222195223355217e-05
19 47 7730.081173342805 43.73292306614772 0.3272265731827683 -1.0222195223355217e-05
19 48 7730.081173342805 43.73292306614772 0.3272265731827683 -1.0222195223355217e-05
19 49 7730.081173342805 43.73292306614772 0.3272265731827683 -1.0222195223355217e-05
19 50 7730.081173342805 43.73292306614772 0.3272265731827683 -1.0222195223355217e-05
19 51 7730.081173342805 43.73292306614772 0.3272265731827683 -1.0222195223355217e-05
19 52 7730.081173342805 43.73292306614772 0.3272265731827683 -1.0222195223355217e-05
19 53 7730.081173342805 43.73292306614772 0.3272265731827683 -1.0222195223355217e-05
19 54 7948.127698631398 43.75182213994538 0.3210321897756283 7.969141083062972e-05
19 55 7948.127698631398 43.75182213994538 0.3210321897756283 7.969141083062972e-05
