order obs chisq vsini limbdark rv
0 0 2.7071136551444335 22.40770879020372 0.38153283679272965 0.00012260665540049417
0 1 2.2358526309795512 30.371279468429925 0.26909174887111864 5.165908834093304e-05
0 2 2.457275332779001 31.995928288067947 0.23491385173027451 0.00013333557083717402
0 3 3.319222635600696 34.076120290356585 0.24347544259240034 0.00016063451705443832
0 4 3.060995934341678 27.595036333143405 -0.06953276434790447 8.879684879400749e-05
0 5 2.457496395979533 31.73572074851495 0.24912487512569614 0.00011879205667537904
0 6 2.708749143555761 31.824644062230156 0.24628051688771557 8.624792096763434e-05
0 7 3.542679344389341 29.416417767376696 0.4683680200072129 5.358455205132723e-05
0 8 3.984481429545121 32.80106051743378 -0.5942703943933774 0.00011927754150165188
0 9 3.004195457327042 30.978727340954762 0.18882262037687303 7.015539063338571e-05
0 10 3.3469590660302426 28.59970940959628 0.6341805609147908 5.4776671924919925e-05
0 11 5.1027995113625915 31.879911700814187 0.4303924815702165 0.00026148461390012006
0 12 6.283589867364286 27.334189839873325 0.39781212408729405 9.769199446992328e-05
0 13 4.33799320416591 23.316807030250658 0.4401234447288853 8.760182696857945e-05
0 14 4.522182796675619 29.75341525294573 0.3646176670729496 0.00011521536823028886
0 15 29.067222475220472 37.915619973616444 0.08333744902625392 0.00010639430322707615
0 16 37.66633194335699 25.464615513196318 0.369871216213181 7.195895176064271e-05
0 17 4.5369713015496504 24.58776707192539 0.2856060169733819 9.173154816632806e-05
0 18 5.268909337041222 25.00010903366995 0.42596116854630195 0.00013178591295007517
0 19 39.52190205205384 20.192230984751397 0.18813564572646901 0.00014501674722674723
0 20 32.47533450158297 19.554642715903753 0.27926083776884 0.0001359580651362989
0 21 5.627423021616935 23.21004692615301 0.2918820100517091 0.00011450052803927226
0 22 6.466511873285321 22.766845586029312 0.347435153759303 9.530781969028134e-05
0 23 126.09270332949754 18.31429925523269 0.37159980806789833 6.806411388652554e-05
0 24 50.17105470573571 22.089703847622097 0.3008528030352785 8.839499632901101e-05
0 25 3.602807059632097 25.754391450126704 0.32712422387739093 8.171796764658476e-05
0 26 4.049748174558164 33.435806049767315 0.2061834066408245 7.599592084352774e-05
0 27 51.20436222232836 21.42263767375679 0.3025097063319193 9.064000968627587e-05
0 28 41.09140799394303 26.737035190675087 0.24066188050964865 0.00010961265778311284
0 29 3.1058393042924326 28.980262896287087 0.4113121164228354 7.337331765061784e-05
0 30 4.826023996023585 33.39476937965625 0.3719085553679386 2.998113749563396e-05
0 31 47.564993210299725 29.35666194189094 0.35899638857763283 0.00016659475250657143
0 32 41.779103651388965 20.123557444411723 0.31603965676240137 9.713234847571776e-05
0 33 4.244348427489722 29.61042934857029 0.26926977373796457 0.00011652708058505036
0 34 4.764913257098993 28.860943809470417 0.38975597306738063 8.708239157826577e-05
0 35 63.62698134474548 23.60808107061611 0.32128162690246137 8.04802414543816e-05
0 36 32.442457654605754 30.548753314936757 0.14881030331596617 0.00014907176935847018
0 37 7.618683456821181 27.419539131861868 0.17347308280575124 8.960134469474364e-05
0 38 6.317458321832347 22.534032117739766 0.31510233553198363 8.265749703235728e-05
0 39 10.130917091634497 79.57462198842231 1.0688413125034542 0.00019234418558900318
0 40 13.994798090451825 17.880458438082893 0.40304137975491744 0.0002071271908499638
0 41 6.975216932880572 29.675750641898496 0.2980690684428424 9.864568736878764e-05
0 42 7.127409710411658 24.297516485469778 0.3507791735371244 0.00010889746366332518
0 43 11.094099069702574 30.978752236990136 0.39995059015929535 4.226000659833252e-05
0 44 41.96588757976031 24.18157572236459 0.3471577026714979 7.706927840264312e-05
0 45 7.4370008701606505 25.560964613096132 0.2937068740597404 0.00010651350038074796
0 46 9.153366824790506 26.11684909210927 0.27856707084445154 9.888408147829415e-05
0 47 37.368627175827676 35.867382424003864 0.046686467798280507 8.857862022261127e-05
0 48 8.284921543350118 27.31152525722511 0.4443338721254051 1.4603137972539054e-05
0 49 10.386494642647401 32.19354895535598 0.37662280395986975 0.00011995955810091383
0 50 10.760841162026399 23.98509333614882 0.12797694065864496 0.00024085874981896217
0 51 99.86464570397898 38.52595922449055 0.1544989013572537 6.157159832816663e-05
0 52 63.88395052759539 23.15486598053985 0.3013822113499095 7.90954990636086e-05
0 53 9.321777283968263 26.11932184411936 0.2873096471669211 0.00011107542308579734
0 54 9.844761678636615 23.616720969538356 0.3264833366398175 0.00011998414952343901
0 55 49.64407801131842 39.78513500739729 0.7247083743298846 0.00010925529445137125
1 0 0.525874434258027 33.56581894078941 1.0245702631589313 9.363889695271192e-05
1 1 0.9423777463044578 28.458027389661872 0.30065049219675677 0.0001679062829170175
1 2 0.8486080588657947 29.792538256581533 0.3889112627669373 4.619323342808888e-05
1 3 0.5899649604354322 30.363066157158336 0.2416365300323181 7.110724146965042e-05
1 4 0.7854722878245828 29.83260097723648 0.13541554753676316 4.5120713101272694e-05
1 5 1.2608801027922643 29.105281927382798 0.46434655706560957 6.800889967946189e-05
1 6 1.2930216166823973 27.859623094933255 0.23709895353046184 9.35508787759718e-05
1 7 1.1910102424000244 32.81292071917163 0.28708529158201024 0.00011307001069325173
1 8 1.2270621243557143 30.507903986563896 0.21893108536558648 0.00011879205788112976
1 9 1.5174318129120048 27.27264205927731 0.39396310433712445 9.030103683661014e-05
1 10 1.6433149821413033 24.866697679050866 0.2562556529544392 7.447637870210773e-05
1 11 2.425588721764197 22.684828800898813 0.3033778986327619 9.208917423841689e-05
1 12 1.7267842389488133 30.101814630981323 0.16323471782663004 3.853295394052997e-05
1 13 2.1605850021942063 22.240997783300337 0.2951784504596714 8.839368896166013e-05
1 14 2.2404516687048766 26.751748345586133 0.2207915632345387 8.195642037807264e-05
1 15 3.6369952965901975 20.828735509779445 0.29484511946124864 9.900331732349143e-05
1 16 3.1088112710568425 29.9626980312344 0.20106422384695208 7.17041670867812e-05
1 17 2.9904799389320345 21.698188962302723 0.29632220615752014 8.94665731525035e-05
1 18 3.612443007885201 23.176845879645317 0.29824896222664604 9.18507286661799e-05
1 19 2.8108433147591114 31.911465816276074 0.4535920624867781 9.697675704943825e-05
1 20 1.3461773598677902 30.48767101211456 0.17709573739814832 5.37036102993129e-05
1 21 2.7148792479376294 32.05213382366219 0.2604113626122144 0.00012750938642275186
1 22 3.2817249789850402 30.454937057701045 -0.05608521973395561 9.542703628455862e-05
1 23 3.5564115626703483 29.555989215411035 0.2581574596654559 0.00010458210611740142
1 24 2.588940880618619 27.29544402819075 0.2718042997272887 6.50286674500832e-05
1 25 2.2376340642786507 27.864642602974975 0.20759966138962144 8.517503699331428e-05
1 26 2.259566132581202 32.67989851268888 1.091826508330755 9.196996843017675e-05
1 27 2.2242132092683717 27.515642781194494 0.32467631539960506 9.149313018938801e-05
1 28 1.9574828201836731 30.171741813806257 -0.16835497206366368 8.501172827951232e-05
1 29 1.4152534923083016 27.928068625044357 0.23143531423497055 7.123714262125771e-05
1 30 2.3318227871841533 24.29738546726168 0.3026846970180892 9.864568620605399e-05
1 31 2.639244640378339 28.94023499279818 0.4052030183528723 8.090602085239724e-05
1 32 1.7003061049145267 29.083720351931568 0.19764089346104796 8.27908515308587e-05
1 33 2.7779005663158944 24.91838728635188 0.3314708318323042 9.137392102581972e-05
1 34 4.318732096017404 29.093145555641883 1.0207064410758189 9.747743520857776e-05
1 35 3.306616799763083 35.09774030490753 0.1824503274829619 6.411956373809408e-05
1 36 3.7689099984741428 29.532639833439987 0.3591541292520276 3.951812687121839e-05
1 37 6.189707720499921 20.45146258166111 0.34458409983300553 8.74400007282387e-05
1 38 4.577375010117604 33.25047324127539 0.5813159924876761 9.821538810873593e-05
1 39 3.6453337124725183 28.940227170215806 0.23584131641839623 7.92340303136668e-05
1 40 2.9838067347733315 30.705089615327548 0.43098695016739347 9.712832396425325e-05
1 41 6.065895212602752 32.01900449009014 0.18987881212258967 8.512219133853315e-05
1 42 4.169346249365105 26.191846900516012 0.3064129744293383 8.982419964748919e-05
1 43 2.8561506511126176 29.21885654660727 0.33116494482993025 8.219480353342606e-05
1 44 4.35744623466152 27.092946996308246 0.34658508555498513 9.745362512934434e-05
1 45 5.800700137616 24.896964048819093 0.2991873105007473 0.00010007619859312688
1 46 5.7867666347156606 31.403129362335804 0.30247898268739026 9.803710117697975e-05
1 47 5.489205258712717 27.68216507620074 0.1474211349870205 8.958578609462013e-05
1 48 5.60567385404099 27.70373241956638 0.2887439359709931 0.00011378491310360056
1 49 12.818684537081657 19.03719586645689 0.33173058442467657 3.577684956904415e-05
1 50 8.357207798010254 20.078539560815997 0.21803374452839228 0.0001508788907371068
1 51 6.876487018811966 28.9402180335017 0.3095052959812571 8.751088143331874e-05
1 52 7.356925214567599 33.850980944909296 0.2916527630798288 0.00010627506992919765
1 53 7.358610041696402 21.890077988621062 0.3135229430451968 0.00010102987513069684
1 54 10.125601433809617 21.870739589829476 0.24483757523649782 9.500442453926579e-05
1 55 9.677741444291948 27.09296337129621 0.33013217975498277 6.81417525510866e-05
2 0 0.4334675727542448 29.331300428291183 0.4283564236901894 9.083144849696172e-05
2 1 0.4179902830609932 25.08774204745018 0.26944523807669796 7.051229531693153e-05
2 2 0.8697352114339368 21.241254885414833 0.32972532464667775 9.030103681024629e-05
2 3 0.49006516898065944 23.824949762709252 0.3611963108731384 8.052648365259522e-05
2 4 0.4618777149958273 21.87462050932692 0.3153301559682796 9.185075789706711e-05
2 5 0.6230182749130269 21.346003727422346 0.3184559402243564 9.30428724650456e-05
2 6 0.5903271317226115 21.568213704804144 0.3113247715908868 9.25660130839713e-05
2 7 0.658726469567515 22.727199233470152 0.57506649408938 8.374452567381329e-05
2 8 1.01265463910809 18.298203004018603 0.28887389198055685 9.816884998310504e-05
2 9 1.0947476512715 19.503189012368075 0.34338141090152474 0.00010532140866135499
2 10 1.2537026383103036 17.83498181940118 0.43178087804377374 0.00010305643065956213
2 11 1.4818457677297312 16.44425142510191 0.33371267171955415 0.00010543513274869071
2 12 1.153184883050607 19.492521949268706 0.7524959332417529 3.629922940636916e-05
2 13 0.7330046752418647 21.88093378549455 0.3072509680420006 8.469779507316473e-05
2 14 1.0173067980899564 18.34159203180638 0.3628261128819665 8.910894358966115e-05
2 15 2.3274680390541427 8.888234753689728 0.25320875181380637 8.338689721457333e-05
2 16 2.141884475499688 10.080184832947408 0.2921687982006793 0.0001466870334802942
2 17 0.8977565969309693 20.020865335889468 0.34176754813496035 9.709596631586129e-05
2 18 14.054943992674765 11.233224937199378 0.3382102546803326 0.00010466124240565399
2 19 1.8848375389855043 13.30211728728873 0.32088071573940724 0.0001108050351984867
2 20 1.6288197767884953 17.668249537054763 0.4488159653225303 0.00012058019637268909
2 21 1.129448570980165 19.494317952826503 0.3204201693934784 0.00010067224496675863
2 22 1.9951961614173293 13.372085951311965 0.3287467621786898 0.0001468060899440573
2 23 2.652971243286977 6.942800945280078 0.3289348638364864 0.00014203810832768497
2 24 2.4186910942212907 7.6754594286058335 0.38329488393031597 0.00011950691163493027
2 25 0.9575952803243182 20.200714906575143 0.24858648616404908 8.803605980154265e-05
2 26 4.303765604692974 31.87758060556187 0.46375239060585194 5.757314782401504e-05
2 27 2.0366719209105164 13.292796514896509 0.33300845190365236 8.910868585640855e-05
2 28 1.964248890255853 16.26390204201342 0.27915447353261363 0.00010504919209915828
2 29 0.881889481821825 21.33997868566729 0.32678913047240055 9.51885539734035e-05
2 30 0.9495702017588473 22.09053562421412 0.30113549057364236 9.13739197764163e-05
2 31 2.9286130411808267 7.078061417635446 0.398382838113164 6.884334817037121e-05
2 32 2.0775557680948102 12.68765233699365 0.3813500604900282 8.088350280024926e-05
2 33 1.3321592950316503 18.885086916182722 0.3175047968535232 0.00010687111218366088
2 34 1.3018284945449285 19.405596545298124 0.31912510271154165 0.00010058636374913052
2 35 1.0237683750845787 19.645012423544955 0.5169265393264847 9.086072032943253e-05
2 36 1.9751256993657587 14.714934857316758 0.2975796306734635 0.00012248754495641326
2 37 6.473570699658526 20.419193458763182 0.29719437900941825 8.696320276429056e-05
2 38 2.544804437486469 12.631190423500776 0.5200430295786364 8.744001361270394e-05
2 39 1.9015527255699922 16.29004378696953 0.31587743599430573 0.00010429257141406081
2 40 1.6526659732942681 16.962035049260287 0.3321486654626529 9.64999193946016e-05
2 41 5.734941266818452 27.830057978041552 0.32086055509690203 0.0001067519056422888
2 42 2.5487616521102563 13.346208649379943 0.3465930169072865 9.518861771013329e-05
2 43 1.670424112883126 15.932051478387592 0.2961424696050463 0.00010663270937424739
2 44 2.6123140161744125 10.096704399849962 0.31158825165924764 0.00013428926687482985
2 45 2.59503335791329 13.841883887049804 0.3732350894706723 6.490945776347509e-05
2 46 2.6315313133494085 13.935396376587043 0.33903755688311 0.00013144128439864248
2 47 2.5095192012219565 13.209184265349165 0.3160688371487858 0.00011140109344936684
2 48 3.025440420090896 13.185917979673878 0.29856039696126735 0.00010293722534985243
2 49 29.515052915121192 34.21911998099396 0.0832005950145821 7.730726546202345e-05
2 50 4.086847151291627 9.026262458134314 0.8072576662190338 -0.0001260945554297227
2 51 2.720798992274494 12.621548820383211 0.32429985230240177 0.00012571328332155963
2 52 2.7373069004385755 12.740920504446049 0.3430048105645526 0.0001071096237115567
2 53 7.578645598030548 23.177001734354842 0.2769957155772091 9.235772403077308e-05
2 54 8.30943910709145 33.0757927281809 -1.275625383164476 0.00011486466139358191
2 55 4.72027740924954 6.2789796807993365 0.14347493234371533 7.45654128440142e-05
3 0 0.35349535588007713 24.0524575662208 0.26902819412827705 7.373094557871419e-05
3 1 0.31967234994062554 25.295408888731735 0.24024007808551548 0.00011669087880618296
3 2 0.25434779728122514 24.658542221825826 0.37399360027701756 9.090776581164689e-05
3 3 0.35257537611534107 24.04844348086109 0.2778241122251401 8.803605890934116e-05
3 4 0.34437001923847876 23.55727659092215 0.2540088475923042 8.901815132911423e-05
3 5 0.2828277063996553 24.29999269043611 0.2826836369953431 0.0001063942912408738
3 6 0.28634865460224657 23.720366113481433 0.29545867129364284 8.386373627033784e-05
3 7 0.4678696238462851 23.427239562873638 0.055079341005664195 0.00010138750075244135
3 8 0.48477945751742996 22.65199309653848 0.3070090674656611 8.982419965887416e-05
3 9 0.3370021071138042 24.134883542207874 0.2720784013941707 9.35196876655491e-05
3 10 0.37838743680055675 24.280425109838298 0.3415094828599661 0.0001212811839354437
3 11 0.6467367909511011 23.412849684203035 0.30553865533793356 8.386373547761983e-05
3 12 0.6977470113315537 22.183262738123826 0.3240469680826715 9.101629260369568e-05
3 13 0.3994538195240837 24.662980608153973 0.29385542567520606 9.495012879691357e-05
3 14 0.3586632048516005 24.225568010128832 0.4240667981940203 9.877606980234312e-05
3 15 0.6565564291987547 21.878325190736057 0.29698861306251845 9.03010615556501e-05
3 16 0.6519210431623355 24.030592462092528 -0.005910619655917972 8.970518288794143e-05
3 17 0.43627883523489386 23.530799304784274 0.2858324836740451 8.982419963811158e-05
3 18 0.4262250171552211 23.790151272427725 0.2736470444085559 9.04202459335018e-05
3 19 0.6617733604341338 22.467165594001152 0.285652043838016 9.173154829976389e-05
3 20 0.4998458052754514 23.295263509274903 0.3132740982823525 8.982419952968847e-05
3 21 0.33055558080462155 24.176244063863678 0.3044596806672796 8.922815291811568e-05
3 22 0.3710265604580265 23.847602967236675 0.25846753757078433 8.8393688320492e-05
3 23 0.6942283068564812 22.193729423296134 0.3057450735167438 9.171737210787232e-05
3 24 0.6351414796198676 23.1209013396617 0.2393828996500956 9.614229196718914e-05
3 25 0.312936183948338 24.59275678197186 0.25933371706563235 8.732080451623106e-05
3 26 0.3635516417436355 24.178769805485807 0.29887978736089504 7.885423879948594e-05
3 27 0.6310518272746998 23.124565959685988 0.3007277070000943 9.018182602372088e-05
3 28 0.5121398217551538 24.172637286833968 -0.02830793307806857 2.342672263756807e-05
3 29 0.3258785216663348 24.28599968351854 0.30060207295041075 8.970499041716977e-05
3 30 0.41450508922573426 23.87526847203902 0.24975286914967376 8.873664933917162e-05
3 31 0.7405217719592491 22.407407540199397 0.32413829034885827 9.065866496708766e-05
3 32 0.5333130184740391 23.149726864373346 0.2930560397167111 9.137392052173266e-05
3 33 0.463710316096851 24.247235618836548 0.28546213486011085 7.933378336910673e-05
3 34 0.4767126557203693 25.273182547646098 0.2897879842968255 8.970500461844804e-05
3 35 0.5120741135651296 23.524282057800264 0.3363537129699565 9.042024612214677e-05
3 36 0.6927774181076534 22.939116860325278 0.2987943164068292 9.113548851681557e-05
3 37 0.6479024532293294 23.50202031954757 0.29535337315027993 9.280443203421406e-05
3 38 0.5931221962191 25.667225381786267 0.3529322120161654 9.101629268315473e-05
3 39 0.6654613693460516 23.180596423971053 0.3015020197983981 9.07778725792338e-05
3 40 0.6170448460639293 23.25293377307276 0.30257704314063927 9.037515216633928e-05
3 41 0.8148394590437185 22.150922027424258 0.31818756868599557 9.208917628947124e-05
3 42 0.7610086994054429 24.598309064297304 0.12734103844817168 9.482172317458088e-05
3 43 0.6122279251640497 22.479009194987185 0.29781492410793836 9.483091164086914e-05
3 44 0.7048123609260326 28.45733614759506 1.522669188485225 9.032085083021533e-05
3 45 0.82390776663483 22.262282043974952 0.2991182871391135 8.407312466639074e-05
3 46 0.9342110995637549 21.55885696205311 0.3093379693125501 9.340047935665674e-05
3 47 0.8831010184029677 22.680539074760716 0.3033226183368334 9.423494080876827e-05
3 48 0.9827951989547512 22.626772316446168 0.3087858779466235 9.173153942133172e-05
3 49 1.3189146891824486 20.343048992297845 0.3203983506069227 9.113267799805758e-05
3 50 1.2435251559875045 20.36231291198202 0.30229145678277153 8.922814927285968e-05
3 51 1.1854926460564326 21.90564669491163 0.3486788778734031 8.910892685934772e-05
3 52 1.2517536330787897 22.13351174388729 0.30826621549239774 8.8870761253396e-05
3 53 1.3689886991605693 19.11516315755471 0.2687444511906784 0.00011095703603740081
3 54 1.7038044951915838 21.35181936232801 0.3080635430549429 9.506940900753859e-05
3 55 2.275334609158543 20.20655003118938 0.30247253034288346 0.00010114908215603694
4 0 0.27330148089978684 26.611421688807305 0.8201255596967381 8.934736089005105e-05
4 1 0.2077830772915246 24.830638184848063 0.21832326538799135 9.387731625080256e-05
4 2 0.19791965691925986 24.831946374054475 0.2598922373518439 0.00010567903553599979
4 3 0.3369832831947608 25.99295604397731 0.25015594482875275 0.00010389088669214836
4 4 0.26003927368883806 25.27928887585395 0.5891136514872652 7.27825440046243e-05
4 5 0.20803129994317085 24.421309001396466 0.3031611774628863 9.101629263501005e-05
4 6 0.19701899447482654 24.71613625262531 0.23902626695953386 8.481740711793834e-05
4 7 0.5059575117429069 24.685186108633978 0.2503416005605317 8.85129254543196e-05
4 8 0.35236515561964354 24.396708078173436 0.3447670794514506 7.277727130438245e-05
4 9 0.18781683442774175 25.01385179905224 0.31579661657659663 2.283017840789084e-05
4 10 0.22163673826362806 24.847793481129216 0.24105655666255188 9.507004769606308e-05
4 11 0.3766643413755738 26.909169343787912 0.5212331002640236 0.0001116403032355564
4 12 0.6437688389884713 23.900073337597718 0.2668985004704506 7.981056988587782e-05
4 13 0.23384265749706173 25.140932382834748 0.3362512576126443 8.100271224988718e-05
4 14 0.21798009696454163 24.489819989010346 0.1146528221391138 9.089708852166035e-05
4 15 0.36637805578100674 28.190480394897236 0.5358876555623133 0.00013965001467308225
4 16 0.4455325116813742 28.831146253011973 0.5682020868369675 0.0001575349270980468
4 17 0.2045178973919361 24.676524294091177 0.33861881821143824 8.469820046350308e-05
4 18 0.18446606255082154 26.325394895849534 0.8273231914475647 9.543316830698897e-05
4 19 0.35450641035585867 22.658564503426867 0.4009693187346324 7.838010794919837e-05
4 20 0.29121586241004715 23.88716122189542 0.02598322659228771 0.00034826994987723016
4 21 0.17052748835423323 24.423483421958707 0.2625519493840496 9.948014773747017e-05
4 22 0.18554698921150986 26.595736777012284 0.9006534514990026 9.71968477089312e-05
4 23 0.31752185918405473 23.977400242486937 0.23297933648642133 0.0002869963701757453
4 24 0.3891376963602303 40.36376395419407 2.0179119820247386 6.758229373379323e-05
4 25 0.20441699657155682 24.506219569627923 0.30441681510826457 8.386373535709498e-05
4 26 0.2055938012779125 24.484792275628962 0.25610885736654576 0.00010949372563483911
4 27 0.4485453065926837 23.86626477654302 0.299839862571632 8.612871255622207e-05
4 28 0.45797103714504533 23.115668944362554 0.31453415035531385 9.328126931426927e-05
4 29 0.20637066992954292 24.98699551718544 0.07767905956136248 9.483097429322272e-05
4 30 0.23690869601452855 24.02720449652093 0.006173164844427291 8.837962185666901e-05
4 31 0.48914694491167476 24.470064010326084 0.21774587826604527 8.481740927402241e-05
4 32 0.4174102297831408 24.21146887260941 0.3018003029627175 0.00010234117558635903
4 33 0.23364849618173644 24.425896603504896 0.32622963193097554 8.469820048655345e-05
4 34 0.23412080976306315 24.543110263943973 0.23810913663322864 9.173156218973954e-05
4 35 0.2612698791054793 24.387858510226437 0.23573574881456605 0.00010710955005627747
4 36 0.303482299012377 24.851016819256976 0.30178074155326595 8.684396743924385e-05
4 37 0.2601682721739791 25.073456776513133 0.3177542214509295 8.958578143298079e-05
4 38 0.2538635731051971 24.852484716080156 0.309668097927011 8.970498993664239e-05
4 39 0.32669690080061686 24.69416224660938 0.31585071004665366 0.00010043354109348034
4 40 0.29759084470105157 25.199831858971812 0.30670559233473427 8.887052549145206e-05
4 41 0.31435639717853 25.627696408613627 0.2963658029727129 8.19563843270876e-05
4 42 0.34247339009741007 24.003893526931947 0.2917444229761451 9.340047838132825e-05
4 43 0.3031105063262255 24.71218595666737 0.33616234140152657 8.934734402472457e-05
4 44 0.369122140306679 24.40454942586716 0.32124432593484464 8.696317587732292e-05
4 45 0.325447054137185 23.749224097411656 0.2788618352817219 8.982420036780946e-05
4 46 0.31971516760437146 23.493136807523577 0.3036710790050576 9.697675454711975e-05
4 47 0.45063740758087517 23.851879568926442 0.2894929227085163 0.00010246034253140685
4 48 0.49231024044233024 23.784802547045743 0.3135909447622195 9.55373692624967e-05
4 49 0.38167051269083885 24.084954839215076 0.2062740463954548 9.471178059501913e-05
4 50 0.37850728493852337 24.47481873292775 0.4510790914854244 9.228473438867353e-05
4 51 0.434532356300091 24.492321864332546 0.28528514071157807 9.745359483133546e-05
4 52 0.43599786761839987 33.31611761178934 1.7401208792882064 9.728136064268521e-05
4 53 0.37785439143989663 24.395418872084587 0.34669324316071826 9.423494337144514e-05
4 54 0.3690187046036778 24.490956170208577 0.4617862421309079 9.697666453735146e-05
4 55 0.6512752506645093 22.377300336697203 0.293818709395936 9.280443596779878e-05
5 0 0.27111779718298484 24.29968389320884 0.2876105142772869 8.398294464438325e-05
5 1 0.24965831322382126 23.725489315290464 0.01827645501187681 0.00014239549624812668
5 2 0.21140886269128537 24.32620598758743 0.2983130140286967 8.46982077329605e-05
5 3 0.2579540976076047 24.30923719898165 0.27190366680852396 8.926005269328829e-05
5 4 0.236178129889887 24.288240220531538 0.23846297757542612 0.00010246038451016038
5 5 0.17782068359127853 22.833027794884067 -0.6076455532802154 9.332806958107739e-05
5 6 0.21291392038968537 24.378908271345978 0.20700230529791408 0.00012618303402333944
5 7 0.2743245369335526 24.66174530604458 0.2584382158249644 0.0001016720556756
5 8 0.2603740050356851 24.239069120469765 0.27593943316356767 9.340047802111054e-05
5 9 0.20174142072603385 22.859155862775673 -0.692658756361753 8.503393223423602e-05
5 10 0.20349507052489696 24.391976096419228 0.10418942970260947 0.0002025961355936363
5 11 0.22392744019178634 26.1874813706997 0.794205627658979 0.0001088394167881343
5 12 0.26053480264607287 41.5355987845336 2.0424532376903946 9.678687524828715e-05
5 13 0.2758083250553599 24.346541681854184 0.15201656016488074 0.00010031461713835827
5 14 0.2759304820819546 22.749628905315237 0.29199327978574646 9.17315573090212e-05
5 15 0.21852983878278387 24.54323743973579 0.29816083905320534 6.14523886233808e-05
5 16 0.22943189823196408 24.12245637867811 0.09865280855193193 0.00015872716848005489
5 17 0.24259842294427977 24.671003941310932 0.3388638731825243 8.040666539731734e-05
5 18 0.24213224543680784 24.3260361568461 0.21123617288145707 8.923244763963588e-05
5 19 0.2829678208254254 24.18804117406851 0.2859753063909562 8.839368838949458e-05
5 20 0.25653781853388463 24.477581779487718 0.3062021340507137 0.00010317564309997625
5 21 0.19776160999438114 24.67881918302917 0.3401834089078571 9.533284554781835e-05
5 22 0.19419073456586 24.41076926610326 0.34557912209881625 8.910894278210816e-05
5 23 0.2603724743001322 24.38801159016586 0.2371419312776165 9.387610224105612e-05
5 24 0.3196613166645281 25.310678167006156 0.12867970577870144 0.00011533521109910016
5 25 0.19237993461512454 24.669044669610763 0.3114850526682371 8.410215266139805e-05
5 26 0.23885850001536815 24.712291712104516 0.26894665085589026 8.910894742708778e-05
5 27 0.3875953674338214 24.851596377668677 0.24509385915624382 9.480024892330325e-05
5 28 0.5986275801773147 25.125664922736327 0.26803686948644884 9.435415495482524e-05
5 29 0.2537562379078206 24.762836745215356 0.23758544874391574 8.469820061481956e-05
5 30 0.31035657072406275 24.870698762566555 0.31867391077982987 8.922815342180725e-05
5 31 0.49029260344326736 24.74934699588291 0.3458638194127676 9.39965249651401e-05
5 32 0.37993362762804794 24.131258448547 0.09211319536400982 9.709595754660047e-05
5 33 0.2346576732647457 24.72664293671903 0.2823978243826743 9.888410090906302e-05
5 34 0.24842260629380564 24.853146124314236 0.29358695102864085 9.399652641550804e-05
5 35 0.23034330976947653 24.42248427663833 0.2633798776096059 0.0001085400581261292
5 36 0.23544250002501999 25.19127231875359 0.3042345385395453 8.779764169855855e-05
5 37 0.2670078014810228 27.07276046036251 0.8089756710400314 8.779764168732033e-05
5 38 0.24727320160832897 25.788193165812817 0.3247448928803698 7.649062324844433e-05
5 39 0.27138568638109806 25.563491361001383 0.31072161576546253 7.396936480808018e-05
5 40 0.2662678461026293 25.488349008436813 0.2937636717966188 9.292363266026995e-05
5 41 0.36048560620924935 25.632307344260973 0.30113647264841886 7.95721998258518e-05
5 42 0.3699204759690454 25.67399963779906 0.36973992553027757 6.395578369136058e-05
5 43 0.2843851359710758 24.72015532748884 0.2532074642304608 8.70821989237632e-05
5 44 0.3404987753795321 24.737410836251897 0.2703591040821389 9.638071130590444e-05
5 45 0.3600463940000636 24.26876323976724 0.23205419325568377 8.767843349424007e-05
5 46 0.3542043619193542 22.81014188299704 -0.6186764190954375 9.012934849917374e-05
5 47 0.39051445261195206 24.26239206187133 0.28603163133551723 8.219482344375554e-05
5 48 0.40197519389874997 28.36861979860136 1.2314245194975184 9.079735755011361e-05
5 49 0.43566178161775815 24.8260304820779 0.2867235612482936 8.648633930549794e-05
5 50 0.3896670071692442 25.10513682038419 0.2926237554272971 7.718801591072665e-05
5 51 0.3077061138752959 25.089513104193934 0.2748348415856765 8.481740938775082e-05
5 52 0.2999027009798404 24.87880562652659 0.24238005336946153 0.00011488695653825569
5 53 0.3476449163044426 25.21414914411864 0.28213247138820297 9.495019910125643e-05
5 54 0.34565805062168264 25.32131810367045 0.27182485048122057 8.243322801644993e-05
5 55 0.3810417038928374 24.959133171346934 0.2544132495488967 0.0001048239326417404
6 0 0.16390411123207557 24.457167421036413 0.289701511096907 0.00010233106872716984
6 1 0.1892101191069991 24.101312948044793 0.29859649358326457 8.02256796273005e-05
6 2 0.15266915625063443 23.952431007708345 0.3600543881533388 9.913390768583199e-05
6 3 0.1435302381063843 25.084791563710624 0.24274605434401936 0.00012311084815273138
6 4 0.14452589742167526 23.772932771796718 0.31845448983785885 8.732081049704117e-05
6 5 0.14050789635459904 23.068098755498703 0.356311003542256 0.00013858079967839383
6 6 0.15464875793898725 23.209292847699885 0.35070566405866066 0.00010138750093740351
6 7 0.21906824428730914 24.578514549315795 0.3311843008817952 7.61185115003027e-05
6 8 0.1622809776206271 24.009987146773895 0.3064446099265913 8.755922310518291e-05
6 9 0.20498635898578824 23.80003272580173 0.23307767562643344 4.547770626993395e-05
6 10 0.22412906335361363 24.467389571102025 0.3592084366001791 8.68439670334958e-05
6 11 0.21300357344769083 23.75787971794282 0.3006796972812589 6.753206199268193e-05
6 12 0.2123798535981781 24.35449780280953 0.31737524048958 4.9293041579901445e-05
6 13 0.21553183005648172 23.198987093937305 0.3296045255901059 0.00012177228929476855
6 14 0.2099793283502736 22.122400949295077 0.15733583521108918 9.506942555101606e-05
6 15 0.1828080482332306 23.743369852806506 0.23158799852085796 6.673660245967594e-05
6 16 0.19719523370831793 24.681757381759983 0.3596829807974248 0.0001248717299055895
6 17 0.17995275087301293 23.257744991512823 0.10842904282214774 7.15851794825744e-05
6 18 0.20601671774468114 23.32297339037859 0.4696439766496089 7.230043412352547e-05
6 19 0.24733331872301487 25.312919274872975 0.7238943018485484 0.00010436773298722762
6 20 0.22587339548121046 23.334745498123848 0.3247386689330404 6.574392322491536e-05
6 21 0.165443715767965 22.82621051423228 0.32146204141593737 8.851289747311534e-05
6 22 0.15377187782935614 23.373802572011016 0.354776831874024 8.791685066594104e-05
6 23 0.1936665272530439 23.359294477812796 0.3637280006778183 5.02466097583882e-05
6 24 0.20549402438710163 23.756870454021474 0.2376198744427332 1.5079975224801781e-05
6 25 0.14076344436708862 22.59405168399355 0.28530876894020907 8.863210695685359e-05
6 26 0.17451662486447622 23.203725637070818 0.3067341153518728 8.94665776038713e-05
6 27 0.3106988391677371 22.812748625031876 0.30805964039916345 9.30428505814884e-05
6 28 0.4062815395167453 22.49091547637628 0.1792240508755087 9.709596634025809e-05
6 29 0.19007352081040788 23.418827868273613 0.2906678707287992 8.839368825943269e-05
6 30 0.24005754247430042 23.670735374191672 0.2919378972076505 8.74400002100921e-05
6 31 0.3604282878726899 22.20594770155467 0.30323302974797717 9.04202460832296e-05
6 32 0.3450480258761309 55.86981756811964 0.5652416809422742 0.00011485552819907687
6 33 0.1641384101328731 42.72399531011452 2.156510134067296 8.124106193403948e-05
6 34 0.21421011005821666 22.942712758793064 0.3440793516027737 9.626150131246609e-05
6 35 0.1331289969267906 22.031649866755245 0.32747611379801717 9.018182726488323e-05
6 36 0.1425046333962574 23.47443660532017 0.32534725505051465 9.387731209581054e-05
6 37 0.19674061700026574 23.204146748689208 0.2779932980358273 9.4354152605899e-05
6 38 0.15490499981735167 22.549809079339212 -0.08385159705629941 4.6074390381918435e-05
6 39 0.172474674583859 23.876037917236673 0.30439465340151495 9.065866486242163e-05
6 40 0.16408357426000353 23.87876985709856 0.30351990774081866 9.220838277767515e-05
6 41 0.19911690369950993 26.54995569336861 1.0975866946333181 0.0003462433805072344
6 42 0.2522128926379412 21.980429316699826 0.20833771832861964 1.531839373223762e-05
6 43 0.17344251459220633 19.27367731364395 0.28090883750187423 9.47117790685709e-05
6 44 0.23022228949679083 23.53635836381644 1.056938073981856 4.0590765158868106e-05
6 45 0.25516634293058005 20.076262671795778 0.2535140977006606 5.203485499659495e-05
6 46 0.24201813997023724 21.888048126282158 0.32315820321995214 6.920099257746206e-05
6 47 0.25530447614691326 23.662513268201046 0.21492307641975836 9.471180950780863e-05
6 48 0.23714548340194136 19.78952795646018 -0.2622447265839377 0.0002921222836053573
6 49 0.2377203645553907 22.40017759224996 0.4703931517092092 -1.2899320156649198e-05
6 50 0.2248442077037474 21.315537431508943 -0.5315118129817349 9.159518908439694e-05
6 51 0.16117015199816312 23.165048022217533 0.29921506053273483 9.10162924339417e-05
6 52 0.1633447033148831 22.45700144434997 0.22089455309432382 8.958578050910905e-05
6 53 0.20454461665107918 21.846134636480368 0.3144593781111636 8.589029712878308e-05
6 54 0.20939767924117086 22.14309844882495 0.3105300216001381 9.053945554932573e-05
6 55 0.20613416887558528 21.26699435255865 0.4843863119597159 8.958578066186736e-05
7 0 0.17537984711891244 17.073825550174213 0.29256235159892324 0.00013321642919529768
7 1 0.1519679821214478 18.885071815786567 0.3161438289697765 7.71879560921768e-05
7 2 0.12949206147175968 20.579513136097873 0.29576469022477947 9.125472780152204e-05
7 3 0.1635873610288437 24.626667955722507 0.07159989194342428 0.00010043242285130005
7 4 0.1440083354310743 16.10539286326027 0.14407834397749691 0.00011450052264704053
7 5 0.12051149939705616 20.281179165470935 0.43193475108979096 0.00010079142224413755
7 6 0.1264836968701839 20.045281656201837 0.2380483936244818 0.00016278030134615876
7 7 0.41467096526248665 10.980339605544112 1.3383851345839388 0.00010365247730813752
7 8 0.6220879730620418 12.646130021807597 0.3451490921165026 8.324780445567622e-05
7 9 0.14527978342232623 23.10756602013375 0.35265851301310974 8.61287116955771e-05
7 10 0.18412918710913817 20.77579699347048 0.3948454330024479 0.0001397728910150891
7 11 1.1007264316746492 13.311606755709505 0.3569481805196302 0.00010164853798177116
7 12 1.605970834804551 9.528332431497365 0.39661188137891523 6.121430612354912e-05
7 13 0.18702454301321725 38.60388582897035 0.2610813638271611 0.00013778622029719952
7 14 0.15943433355963216 17.097414370977756 0.3627501566550935 5.465745947007651e-05
7 15 8.32798612857853 5.308614249946668 0.27652214361840777 9.781116710246669e-05
7 16 7.908871891335874 -45.62360544352032 0.49336811540924275 -0.00023546803223215866
7 17 0.13761855417872249 18.281249014069072 -0.0015965445837074297 9.485699707604357e-05
7 18 0.1435035975827555 18.092738531864796 0.10587758012266144 9.101629258665529e-05
7 19 5.946147373257871 8.652612605242393 0.6214921867605296 6.499269615881456e-05
7 20 6.5818863445939595 -7.694324619312605 0.4131346931051285 0.00012761354653193207
7 21 0.11661630281173842 20.673786187411626 0.3198554079262367 9.042024615812046e-05
7 22 0.10880483974061667 18.04419638452564 0.19822727764612158 9.388547778130353e-05
7 23 6.539691435476313 -103.52924359350371 0.852037579199984 0.00013341678152091718
7 24 7.475393983952286 6.650092401639422 0.5144031917505769 2.5400414938267327e-05
7 25 0.13576542526732632 17.388910395026237 0.30890095646650795 7.790326472547986e-05
7 26 0.1521837450860932 19.582768088428015 0.265561549926969 9.173154816115206e-05
7 27 13.22087009681709 21.865022968997295 0.33806016647310333 8.610529223164158e-05
7 28 6.920184152022261 -106.39621723164473 -0.502753448370072 0.0010673404322799993
7 29 0.1332053520580258 20.48641158317897 0.29951009765021896 8.98376248792724e-05
7 30 0.17099029078335476 19.483438595381333 0.3467240069899815 8.982420084992072e-05
7 31 15.133806430725308 23.291297345164857 0.2528736817927585 0.00010035317804473631
7 32 9.728485955230624 -49.00243655253353 -2.1326386699375846 0.0004624728503249427
7 33 0.10250163685467867 21.28386782478644 0.3051243467230628 9.0837255420543e-05
7 34 0.12855246830484945 21.10134813935972 0.30796851856426066 9.049349593893768e-05
7 35 0.49822534350259645 15.308455091871437 0.5255517593842978 0.0001176616334959712
7 36 0.5522049219476188 4.6590837952563 0.2602660193706682 0.00011557336042445569
7 37 0.113571775365892 22.67236711201376 0.3111785398778124 9.101700676543688e-05
7 38 0.10924675735412591 23.961010913791526 0.41359625444066306 9.163016311726689e-05
7 39 0.2924266319078267 18.636400435561043 0.4381884617791654 0.00011527724171658932
7 40 0.48418269039859885 15.308473950752294 0.3405222746513875 7.931373804874589e-05
7 41 0.15773196948455787 29.285644895566698 0.083226074201701 6.359810707453691e-05
7 42 0.18085667362373936 20.5331970584245 0.17038365263535626 7.349252670962322e-05
7 43 1.328069481114633 -4.010625581765325 -0.07612945155932471 0.00011557340612725353
7 44 1.5281946058606497 0.6408542053797217 0.9152546275689093 -5.4618523292559144e-05
7 45 0.16218409935214756 18.86236588716785 0.31655699695108624 8.76784332778299e-05
7 46 0.15919034112943692 20.084345369528478 0.2851910351061864 9.769191705767834e-05
7 47 2.396052768594577 -65.1594210148051 2.364111792127413 3.721385672811796e-05
7 48 2.6051074616320427 -2.715928557947999 0.3588073190465454 6.68766937216384e-05
7 49 0.18614678269792742 21.964109912745453 0.2028896354360607 5.263097080967222e-05
7 50 0.15691016514588202 21.29871497693826 -0.829771860904269 0.00010198379212140375
7 51 0.9136655706525805 15.305274890859252 0.4700557222216148 0.00010639418874207234
7 52 0.932239230584964 0.6857928108038279 0.23546533539108505 0.000158496874864962
7 53 0.13309517819517208 20.68261483826459 0.30824533874574556 9.133205172884789e-05
7 54 0.13282216605157499 20.910922323968016 0.3064478919454192 9.089708232763277e-05
7 55 4.68682634344187 1.9967526929795296 0.42167274551826894 0.00018948270972544675
8 0 0.10737259606773664 31.10041020356477 0.6284590929127576 -9.834786608039682e-07
8 1 0.14716258701157603 20.216184033440726 0.4727325762990032 0.0001345276985939221
8 2 0.1314327448948004 25.60719546787717 0.29599533412014956 9.471178341301147e-05
8 3 0.09346937581438924 18.444515497269734 0.3634631812948703 7.444672177944886e-05
8 4 0.09480984862773888 19.72017111896961 0.29406042511435765 9.161233934455712e-05
8 5 0.12199968848865972 23.597502836591822 0.38566764887518945 5.8233636677849015e-05
8 6 0.12069001330647354 20.19829653688284 0.4062376927279143 0.00011814046918884986
8 7 0.16948025565326158 19.920453468707777 0.3568569010372087 7.611505830090233e-05
8 8 0.11761580214416835 21.563956512739217 0.30940799493046756 9.12502215531693e-05
8 9 0.1429187150652691 19.542238155371315 0.1781639573219085 9.816881176425395e-05
8 10 0.1703536379218496 31.67204944275795 -0.2295188887780268 -2.5809874442876136e-06
8 11 0.1376039390675122 22.50768184684278 0.3212642966780376 0.00010389089672391251
8 12 0.14767273719042623 28.48883106685264 0.32652924042638537 0.00012105703313348053
8 13 0.19416817886327892 23.72231255089122 0.3223838917360799 9.848899008823678e-05
8 14 0.16081281663427469 23.585506192535846 0.29923898704654217 9.161234666572478e-05
8 15 0.1575740329734306 20.21622188738187 0.39286986487770825 0.00018174623134602265
8 16 0.16236374034350776 15.176970817499836 0.35921380852959806 0.00013166669226122822
8 17 0.13933233279342505 29.650422500630114 0.47571959530852914 4.2434048178734474e-05
8 18 0.13645851762770422 18.9743681376279 0.3615610792650241 9.816880988791534e-05
8 19 0.1045623350756639 26.280868988481615 0.07453032222675152 8.803583202072584e-05
8 20 0.10440311072800004 19.47331538109856 0.1854467635449888 9.673833689434987e-05
8 21 0.12055940378042015 19.542306981682415 0.33524756075917417 9.07781565594172e-05
8 22 0.11866616071756969 21.26097990387762 0.3092381770483619 9.082976857028875e-05
8 23 0.1326036981476516 24.9333209572519 0.3280325277861702 6.68350719094697e-05
8 24 0.15771432719630912 26.280995393259914 0.43791147461131164 0.0001797078623157984
8 25 0.12932587070887575 17.733118647602822 0.3800252357064624 0.00011259315375873838
8 26 0.14558947876139097 21.563968323934766 0.3082318728242218 9.167594733231697e-05
8 27 0.24517349169446942 21.273109642251864 0.30998442849605873 9.19699641736753e-05
8 28 0.3525386637703488 16.026106043718713 2.180220161563372 -8.443121824769362e-05
8 29 0.15484742664841744 22.162910363169434 0.29505358357585665 9.042025278178009e-05
8 30 0.19394649965564997 57.95314794177435 2.4135447890076165 -0.00025168907823555013
8 31 0.2014872031566432 104.35250543012208 2.5554985953000164 -0.00043323633375587183
8 32 0.1793251447871287 39.01758606825702 0.7883612887357909 5.584959381484383e-05
8 33 0.0823689398710645 21.282643992259487 0.30245852336669166 9.173149605427931e-05
8 34 0.11588588165357366 22.102829916939342 0.3060453336553536 9.036344799057442e-05
8 35 0.12286960007266384 20.67666919423381 0.3155754058195537 8.922815345968334e-05
8 36 0.10735705870242263 21.42954941677531 0.3070486356084831 9.0855100573995e-05
8 37 0.11062694563900485 23.585576876829364 0.3280295470710073 9.19214403770081e-05
8 38 0.10113915344056174 15.080025891975893 -1.3339506869016904 0.0001392960548118468
8 39 0.1488682710131127 24.259452809867618 0.28877173106766274 9.042078555239751e-05
8 40 0.13673760390058037 22.233765275097962 0.3054365059714417 9.196994863969462e-05
8 41 0.1857901019731896 13.200931096894003 0.018805114051079902 0.00014442205428994814
8 42 0.19306032331017692 8.244035022500455 0.32610542254141356 0.00016707183238435445
8 43 0.1680368123869443 47.8450476346394 -0.2643025483227103 -0.0011598259822358024
8 44 0.19883284039002902 20.736880548911902 0.28827676479816794 9.065866472243027e-05
8 45 0.1751729405331157 22.15369550489413 0.30676712794158545 9.196995442990536e-05
8 46 0.17291001577699014 17.08919130544789 0.27890796173432647 0.00012844603376505593
8 47 0.19792192010270793 21.358344592747248 0.3068093181196507 9.244683133822603e-05
8 48 0.2199741393382918 17.804536643554236 0.3017903166505551 8.231466092009991e-05
8 49 0.21442041212901605 26.28099931032816 0.12018611721463482 6.872564628766767e-05
8 50 0.16409871206159363 21.34380828491176 0.35630608685745835 9.149312978214955e-05
8 51 0.10661037528776005 20.59184890929022 0.352414343383079 9.030103828687027e-05
8 52 0.09755178250767 21.794368494308216 0.308729849720363 9.077789123349106e-05
8 53 0.11878258764982583 21.568394710740485 0.30718001020718 9.053956629627036e-05
8 54 0.116292563957268 17.38380358725727 0.35899128406297987 8.881167762798538e-06
8 55 0.12069771693356451 21.18502959149248 0.30071585495488684 8.875131106431594e-05
9 0 0.10509744809193912 19.395586711120906 0.40450315375579526 9.006266759450689e-05
9 1 0.16390778206696438 18.62088862549834 0.39451552521096067 0.00011008992649951899
9 2 0.12726006211196544 15.495292570379275 0.19813591355835658 0.00010162592470800155
9 3 0.07415267007338608 19.78253726604071 0.2976919878006796 8.744928083857461e-05
9 4 0.09552145845934829 19.69811928909293 0.38720709891004124 9.590392055155975e-05
9 5 0.1251239761563569 12.833179979546976 0.27291100545570246 8.326768879782348e-05
9 6 0.14289220301484407 17.92515113972435 0.2913922035696026 9.185078855826351e-05
9 7 0.16065665703886636 18.996373919733593 0.25489688964951207 0.00017696619036927088
9 8 0.11862190907958517 14.22138776039402 0.32430271266148003 0.00011926896278208782
9 9 0.15977531641736847 13.736353048306707 0.37136703443821195 0.00010281801227881253
9 10 0.19648774080990578 23.995050709888716 0.2924966720858161 9.849716710841547e-05
9 11 0.1428921324133613 21.809192132747885 -0.07184920770976788 8.934729562878175e-05
9 12 0.15242222971830674 23.3565996957279 0.37144043170198815 9.34443720134859e-05
9 13 0.17755239262866085 10.614746832197742 0.27425422330646976 4.88162041049563e-05
9 14 0.1529967458599863 13.941832518614541 -0.4093332522792299 0.0001823168092644722
9 15 0.14407477377035677 17.05390149534336 0.046102858848478 0.0001553893075724526
9 16 0.15057388511204325 16.371778054448733 0.14411938553467357 0.00010198356223060351
9 17 0.14241662041553826 14.581663402487667 0.3774766096820229 8.6724820790956e-05
9 18 0.144911314294827 14.325293016028253 0.20014014866117724 9.268695689365069e-05
9 19 0.11166998403955751 25.921986093030583 0.3404502805596608 6.733611843135016e-05
9 20 0.10722036082936641 12.960946300479932 0.37059607824529 4.202112051342526e-05
9 21 0.12910549665495102 19.78257091624018 -2.5805682250739155 0.00011068550576410008
9 22 0.1239484031105973 13.82944336921733 0.4939386627617812 9.483098983375604e-05
9 23 0.12328980900627981 15.007375615412162 0.38413691452450255 0.00010818229799363204
9 24 0.16131084717411248 9.702269856400743 0.010121694778706622 8.892159204215133e-05
9 25 0.13209938781446762 13.34628929254389 0.29076835158280867 0.0001528859123622158
9 26 0.14573956522058468 17.05390406298983 0.2517904588587387 6.908137300113543e-05
9 27 0.18718401280998248 14.551664474569597 0.5403110490621823 0.00013513720214831644
9 28 0.19277863920682248 80.5753714348325 -2.689402084990898 -0.0006851256408061781
9 29 0.12428710664794723 16.422042696215165 0.3042173835055545 9.387731993450193e-05
9 30 0.17045960831413923 7.8969241592106805 0.43751290541183274 0.0001017457522805659
9 31 0.1889414180859036 48.4331892530262 2.393493529543828 0.0002585909880523134
9 32 0.16826797740777893 10.414208441121314 0.6859392420498622 0.00018972158379536866
9 33 0.06145792859785015 18.091644254227262 0.3097921181924808 7.337331880526577e-05
9 34 0.09985912465829777 20.721539487754075 0.30974392559118263 9.006261835457164e-05
9 35 0.11293901581810947 15.279178961635225 0.05168556625425462 0.00015860857869225866
9 36 0.11368345377820749 12.494170861743381 -0.34184819812311634 9.4950199802755e-05
9 37 0.08210586517326454 21.21900554617656 0.3063311004760476 9.373463398972481e-05
9 38 0.08048077419728182 19.358341278072636 0.30127032866455244 8.887052563232855e-05
9 39 0.11663949166395293 17.05389641058003 0.23697594406099734 8.660555356652431e-05
9 40 0.12632486275338906 17.053826179234512 0.39017329427775993 0.00011104353632714588
9 41 0.13663185563932734 9.579704430109357 0.33335951451896884 7.73072274210482e-05
9 42 0.17603012781654204 21.550987083085825 0.2679493548045002 8.839127282392105e-05
9 43 0.15639745695156224 14.931489620382973 0.34436520449356073 8.958578108813244e-05
9 44 0.17117747953900422 24.54916914870921 2.3923401643740343 -0.00027069942931436466
9 45 0.14190444856368623 15.13118872606046 0.6641840197079703 0.0001149773622274675
9 46 0.14821598587332296 13.22348082165448 0.39699494247476363 0.00010091066602480416
9 47 0.1569292431859251 16.22263553392444 0.24199804904969188 7.992982457399827e-05
9 48 0.1636076936424754 15.620042830831077 0.42186696641650256 9.328126942004076e-05
9 49 0.16055129026782053 17.05384431210541 0.3265202864404265 8.306858378717217e-05
9 50 0.12435773859430725 8.284445791352258 0.807330828702777 0.00013786554354522988
9 51 0.11191891994425265 16.371690062950357 0.19304462942167028 0.0001103281880150463
9 52 0.11091630549721568 16.371750221015432 0.19268171385711919 9.296726272838213e-05
9 53 0.10907763710323065 19.04191698326546 0.29285541390561765 9.089708665071847e-05
9 54 0.1156128490184722 19.100342686782298 0.3156542586162427 9.19275359415523e-05
9 55 0.1380106373642137 24.557607250971273 0.33561105318914186 8.720874948355361e-05
10 0 0.09251640008970789 25.254911106586814 0.5028484747843911 5.577181306290153e-05
10 1 0.15989603110851985 15.124251096167399 0.259256757112719 9.411567274282128e-05
10 2 0.13647768280559536 9.408279458939855 0.33823313959203594 0.0001314282415555753
10 3 0.05639241101303066 18.453257266896888 0.3429199361362092 8.171796821864207e-05
10 4 0.08496600851362336 -33.77411742463076 0.5473974164544053 0.00023585559913794933
10 5 0.10696383306668907 20.297178562217052 0.31910343862542134 0.00010937452086262271
10 6 0.14184296214685455 21.541395814643877 0.44493027553076847 7.897615717858666e-05
10 7 0.17434383899014244 28.241650854515477 0.31022292262085555 7.408857240846908e-05
10 8 0.09492130313484337 13.0677542558721 0.24737604547371292 0.00015228987954085
10 9 0.2042134730610891 20.713069595242985 0.16254193517751436 8.356361610052342e-05
10 10 0.2199485286151993 9.83536794609342 0.3450115500064554 0.00014191865967977778
10 11 0.15125035435508621 16.877449597910484 0.3423166476239043 8.880489929353394e-05
10 12 0.1519858501890412 24.694874374177765 0.34612140571190303 0.00010079145258632202
10 13 0.1799185331164837 7.112945238049613 0.21901880377043237 0.00010794400582155294
10 14 0.17111627190289563 10.356519554464537 0.8848695999942882 0.00016254203806976666
10 15 0.1420896981952696 20.022632730118993 0.2983515404656699 9.335385328976148e-05
10 16 0.1465496300821748 15.189558912283921 0.2791469790719711 0.00011446407447541276
10 17 0.16653391144497814 46.949532526814934 0.36923483140321844 -2.1406684946306648e-05
10 18 0.17848068756403518 29.123675480132693 2.5288046729873948 7.853045947280921e-05
10 19 0.11650611343658213 22.784337104838514 -0.12807566290054356 9.300245071689434e-05
10 20 0.10592736285262562 15.189560826261838 0.3023478882307148 9.004333468699214e-05
10 21 0.1765938641433939 25.77661994583893 1.6703464974083024 7.313489199349974e-05
10 22 0.17212497824684908 28.998198898752634 0.12139713610814123 5.620504506188568e-05
10 23 0.17980831819171922 9.71885018184178 0.325971073681642 9.721517566983615e-05
10 24 0.14566534245941376 11.291563810831786 -0.020282847023644072 0.0001108050640229771
10 25 0.16345543489724623 7.8427838504871605 0.20757708071487418 0.00024312802362744983
10 26 0.16607864569896347 8.33190707916379 0.35293307849384553 0.00011232555547200629
10 27 0.21859028563056532 5.919318487472834 0.304117845591227 9.351968870864724e-05
10 28 0.22408581709016318 -117.94312669719389 1.7159782503516563 0.0006282960897581364
10 29 0.15374613817360241 9.88369359892296 0.5084297720948212 0.00012999772370354617
10 30 0.18328261844796712 22.253063539597736 0.9122700176280627 1.1384486814826033e-05
10 31 0.24617524380934025 10.391245033336219 0.2693710138225476 0.00011593105578553176
10 32 0.17173629051626843 7.803131899663807 0.44070083217125505 8.433827219070902e-05
10 33 0.05363458254363122 30.379117009747347 0.3370309682425988 0.00012414556904243317
10 34 0.09064725327035922 17.26084130633157 0.3281060576587953 9.12526552924997e-05
10 35 0.1152564221570882 17.951293518182013 0.23886183748777534 0.00010237408419302134
10 36 0.1268297535045056 11.822676583807056 0.356269148273737 9.67383383806338e-05
10 37 0.08053163501431802 17.76867493414757 0.324398465992938 9.673831767736844e-05
10 38 0.09330174570397784 14.499083921554835 0.2973731979043548 8.672482257287157e-05
10 39 0.13875469352094644 7.294715650052325 0.27083111049261516 7.337336642212345e-05
10 40 0.14436851866046754 12.427831747703156 0.380161819227235 7.301184322182278e-05
10 41 0.13666497516166798 44.06270752292511 -0.5241197081712026 0.00015217093352550178
10 42 0.24495469113066778 20.02256714502063 0.4045860559366756 2.580885073502904e-05
10 43 0.19934521042104475 5.121984603655742 0.3700337979634293 4.702812587694645e-05
10 44 0.23582229668568 9.19804092557153 0.37811652959223807 5.4418705740403203e-05
10 45 0.18166443516841424 21.16218654925152 0.301800916890605 9.030103907569407e-05
10 46 0.1902144302516561 15.351177405492297 1.0304982816770774 0.0001232029444414404
10 47 0.20995901763066654 8.809544866951299 0.5267974381328213 0.00013834272049157012
10 48 0.22312378129499966 10.787584093844725 0.2746747105185987 0.00012475251919625739
10 49 0.19546464589518386 15.18632108265501 0.33834266160809834 0.00010579932665779349
10 50 0.12728083755063047 5.141581092421735 0.34438084632132976 -0.00015243887369008802
10 51 0.12308847086084942 9.420255443084773 0.4484164251925167 6.947660390520758e-05
10 52 0.11975688829269561 14.49905910246906 0.3273604928859841 9.648910659845953e-05
10 53 0.10566733159727407 12.426228525040916 0.3709083286981243 7.706882368068455e-05
10 54 0.10001688624552516 12.404183071307662 0.32812933217795937 8.85128976731762e-05
10 55 0.12508978168557458 16.570446326551377 0.4991338545226055 -1.3023816325215237e-05
11 0 0.07395706260307834 25.606553859149585 0.40075959430087793 9.721833971230128e-05
11 1 0.14682388238749072 16.755588209761964 0.6567004232427882 7.611518429984707e-05
11 2 0.12932945808945617 14.67284934615105 0.32813582696980637 0.00011783401454072522
11 3 0.050875313727312334 18.056347136070222 0.2986893123139846 9.769200904009601e-05
11 4 0.059853869157488235 20.839292483261865 0.31728828259092534 0.00010138758512119828
11 5 0.10112916427365438 18.166388669358646 0.34102685031699853 3.891992430745212e-05
11 6 0.11146097490392042 20.262509438896416 0.3823962335816018 9.964092583339442e-05
11 7 0.15343719743049344 28.97349561121937 0.47271734591156805 6.266288623298609e-05
11 8 0.07638936262463208 17.789616817927126 0.1406111243488497 9.018179583232251e-05
11 9 0.14644307917819602 15.371548493675132 0.3924694685564094 9.517483721061329e-05
11 10 0.16886529379676996 24.950295603049895 0.33008661698433706 9.931352153190682e-05
11 11 0.11729183620850622 19.18381252872406 0.4247303459404438 0.00010961294006875321
11 12 0.12532427709488325 29.893622322941994 0.35157576105753996 6.240599922542335e-05
11 13 0.13936269712647326 13.482355927451483 0.3003318575764784 9.185075746234974e-05
11 14 0.12341811678255332 16.07027145977056 -0.0060671068762459274 8.374451122595433e-05
11 15 0.11624115509769739 22.3160873477348 0.3386651852489799 9.070049965201739e-05
11 16 0.12178269211147466 14.97516046875125 0.44552556414965233 8.219967279906779e-05
11 17 0.11117425086511713 20.43116160604564 0.3287336802897717 6.133020930175161e-05
11 18 0.12426990610860031 17.465567654824586 0.3224218993426945 8.970495840474716e-05
11 19 0.07774507485686204 24.698201164610534 0.25231350951734866 9.898423322331497e-05
11 20 0.07498934523859588 17.95020735673939 0.4673378628531305 7.992986586638155e-05
11 21 0.1348600534479265 15.371536563995873 0.34417274135920817 0.0001012565114922396
11 22 0.14026083578333948 21.186437148356354 0.3087029528402233 9.137391232433555e-05
11 23 0.11739891807234915 21.659924322352573 0.22706943847114985 6.293566723865335e-05
11 24 0.11449540972269492 19.82998252155136 0.39074057008535384 0.00010055303595574134
11 25 0.18769746841361157 11.979225295243928 0.3118491117840483 7.277727117894548e-05
11 26 0.15831554202838274 14.79973802414581 0.3755027135765119 9.661913034018377e-05
11 27 0.17461481734804968 -13.566538036073599 0.9743928301213102 5.688013759133142e-05
11 28 0.19005457726210764 94.75470646157964 -0.12991837438808113 0.00026971103085485817
11 29 0.16043192761483455 16.22888876325795 -0.7571138921736262 0.00026220102595017554
11 30 0.14195580324178375 408.7442920006558 -0.27163060208064727 0.0004339798046310036
11 31 0.17782901638115323 52.19728584237828 1.5776269781103762 -2.1249043205785886e-05
11 32 0.147621691892965 26.550884722635914 1.3417671081392106 7.003535882643805e-05
11 33 0.04375212175708164 12.789024607537183 0.3678467080636102 0.00014060735768428757
11 34 0.09850804031353128 15.679785174941914 0.3389937463344898 9.483055107261127e-05
11 35 0.10934601299193644 14.672860091873956 0.33329069070742817 9.541496747854313e-05
11 36 0.10844290544196375 10.533077671298656 1.0981096874771756 9.113549107994743e-05
11 37 0.06315978749688596 19.939250744577073 0.3942546122825213 0.00015324354168674156
11 38 0.1229229445357421 5.037434953004791 0.5220463162420517 0.00011020898771915534
11 39 0.15311965287200774 10.256076348329552 0.864255775077289 0.00036400556498019374
11 40 0.15942805846905592 25.275654209186726 0.685464273629726 0.000536342295024306
11 41 0.255248343410904 20.760602731332725 0.2934979952976309 9.065868509168176e-05
11 42 0.400689638356695 16.468369898322067 0.31655621479007456 0.00010186433790052843
11 43 0.24195253031065184 -15.949483763416595 0.1455607514358671 -0.00037227048998869335
11 44 0.2583949717832114 27.051465659587933 -0.6063473256657549 0.0004926321619830951
11 45 0.19527878126389206 45.63727709577189 1.4337985313778563 -0.00011572241674679215
11 46 0.18893053631225684 29.935749214947364 1.5145276300853208 0.00012034175003677026
11 47 0.1797352879285381 22.860189890071737 1.5238791733355086 0.0008837580439830259
11 48 0.19088263829639712 -35.778275798953814 2.911014131783894 0.0009030705363166317
11 49 0.17114637575750705 25.412386511984145 2.5984864165128707 -0.00041906211818747103
11 50 0.10228743644416796 116.90932135408909 -1.3038325167072689 0.0011208652293012286
11 51 0.10818809725630804 7.976495772755989 0.607108011492329 0.00016158816602242844
11 52 0.09237978157582882 20.762518183810528 0.3081884242633502 9.244679863288768e-05
11 53 0.0921427863717346 14.81893376087347 0.34790341497599875 9.113550168637413e-05
11 54 0.08302205661209831 18.16190439871928 0.3325417189880412 9.816885691742713e-05
11 55 0.08702757410863232 21.59564128041092 0.20216490177601365 0.00013166667278831587
12 0 0.07388317962809163 37.05415983526059 0.5331662709504579 9.828799393482931e-05
12 1 0.15810612642199195 23.33017612371318 0.3408326626888084 0.00010889765662642792
12 2 0.1425452547939202 21.20920155890967 0.760250912730505 7.008780384672891e-05
12 3 0.052073973265503753 14.589099812808904 0.3733324021323241 0.00011736154543847969
12 4 0.06221021636570424 24.744080773254527 0.32269822926447633 0.00011581127567610879
12 5 0.11176340139816984 20.04109135501509 0.3863917855734028 8.851290066376169e-05
12 6 0.13051586841795293 19.752792346235985 0.3285979632644806 0.0001381037427071017
12 7 0.15204381647799914 22.938215917538272 0.3628730858953196 0.0001317032546168856
12 8 0.08139872938239501 19.08830491431932 0.334951714597675 0.00011461973151009044
12 9 0.16586936923075346 29.692958689369114 0.3491210624406268 8.862984645163394e-05
12 10 0.20941952236276454 23.76877074656147 0.38503002899215333 0.00010150670237935044
12 11 0.11342302883121429 32.28914963157804 0.5973948579763507 0.00016467205197071293
12 12 0.14460653842320134 34.78140045240717 0.3218256405151639 0.00010234118203195714
12 13 0.1709660035667217 21.916227503328457 0.32854916535784484 0.00010380780786497932
12 14 0.16349275813846378 17.055429896596713 0.3021390913484936 0.00010675191421159722
12 15 0.10747350250414543 18.961325206934937 0.33557599999898535 0.0001215351217790778
12 16 0.1111810386954426 20.502190610652143 0.30112283582969646 7.58769539556333e-05
12 17 0.14138580558577196 21.209203976647224 0.3050510710400077 9.065866582895184e-05
12 18 0.15581120845184376 18.381310829800945 0.30136665738410195 8.99103247356201e-05
12 19 0.08612932866400881 15.39408863213642 0.4129575649979027 9.924173383388992e-05
12 20 0.07493841689230792 18.145382910863855 0.3657769693478159 0.00011411705657283582
12 21 0.16027297872554333 21.916129741224868 0.29213545030826216 8.982426562013853e-05
12 22 0.1698620386427065 14.895054586480956 0.30277782869091946 0.0001046061518442701
12 23 0.10483466230142563 33.93480389901451 0.29051388835559183 8.32358974646796e-05
12 24 0.11201408275693273 21.916222914962717 0.2605234912449601 9.257526427453878e-05
12 25 0.2221483520273827 13.730457132611187 0.4169097689602257 8.100271239402305e-05
12 26 0.20919693555747967 19.61552277683569 1.3560834372572814 9.829442673205425e-05
12 27 0.19364913481549273 101.80443249408245 2.7754533528399303 0.0001364677286436989
12 28 0.43908566701868484 12.01856947848096 2.3485933110728485 0.00011239119588018031
12 29 0.16659687661830336 25.45103247280344 0.8531583721352303 0.0001574158985339012
12 30 0.1917194209170181 16.64592306762635 -0.35664163061648835 0.0002160667309366168
12 31 0.3331771596126597 8.608917199263502 0.29039104068753585 8.90185979867735e-05
12 32 0.20449939928688882 19.793278069361946 0.32200799784137346 9.042276589672208e-05
12 33 0.07265075716058123 30.31908642611638 0.8949078277477793 0.00014191865896867362
12 34 0.07432028239370547 17.090393836108234 -0.05208615304827274 5.739927232990935e-05
12 35 0.12340747229020729 25.770676005866775 0.1432150339828701 9.506897657098477e-05
12 36 0.12901119324923924 21.01452111543733 0.3052004963632589 8.982423572489788e-05
12 37 0.08887182880664801 23.330170842889547 0.31103098174796917 8.735444415768683e-05
12 38 0.15449158964242304 19.377396123462205 0.3430774718709609 8.636713986648659e-05
12 39 0.16212015121229098 16.856022701795105 1.6121573359670953 0.0005322098732013592
12 40 0.1575048945697008 49.28621779369098 0.49970446461508955 0.00027424077524688365
12 41 0.30172120559346327 18.055177607452947 0.2936386163318707 8.822439618662905e-05
12 42 0.41858909718417503 10.037168959560603 0.12866587279511665 8.46313731361821e-05
12 43 0.3358496855073008 26.86503691528926 0.331318991856107 4.3244528272584044e-05
12 44 0.27398668029789536 112.22716776975406 1.9532156205044946 0.000280320623801892
12 45 0.2488288567693075 25.14641949684261 2.4679497547130858 0.00010699033905457462
12 46 0.21827193394983913 66.45564300190806 0.6747415387642721 0.0011341658128448168
12 47 0.19117675085067615 36.874133654328375 1.6341516045931708 0.00025290245724704486
12 48 0.20560401311146595 90.76760390238739 1.1249679700928126 9.489752578325914e-05
12 49 0.15961554212703494 103.92532575819264 -2.9605578046689405 0.0003481812623861039
12 50 0.17175731708058772 7.889944912317079 0.35761502727379524 6.30020320221116e-05
12 51 0.13884970917984363 19.795217785163516 0.29760026766159253 9.03628099243745e-05
12 52 0.11047010463527615 16.338583304812182 0.44770218655087485 9.495019915147269e-05
12 53 0.1087341470247645 10.09567648809972 0.3806100061601929 9.387731548105306e-05
12 54 0.08294467530923263 80.96631161220435 2.7378130189435494 0.00018626451508086712
12 55 0.10261405724029962 31.61892798958712 0.6488229501279436 9.578466466054126e-05
13 0 0.08748233120660165 19.842116046463264 0.34496987132972645 8.589029313115382e-05
13 1 0.14959656352817668 16.279865637605887 0.4433569198520414 9.042024627403599e-05
13 2 0.16606999906362613 17.245563748701215 0.3136609205874868 8.863210680760047e-05
13 3 0.06332554131635693 20.02650469532804 0.2969875193496958 0.00010523806695554438
13 4 0.06470357472289107 19.432426920849085 0.2703930162097745 9.387731554794088e-05
13 5 0.12065809166160874 21.083897180366066 0.30416791893591305 9.43541525349983e-05
13 6 0.13536756368588276 16.94752139586064 0.27707382626389676 8.589031470399366e-05
13 7 0.1926187832515863 17.66193654728415 0.3150146546325854 0.00011688470785802823
13 8 0.08500803136379345 21.007383085387666 0.2697030703736692 9.196996197429005e-05
13 9 0.15706549296584432 18.56621321399647 0.31940534089940703 0.00012677954961206925
13 10 0.17040317688810677 18.64508712562877 0.4508966230657167 8.328403522900085e-05
13 11 0.10386172042753232 22.71513700713244 0.36500145981892074 0.00011926242130455241
13 12 0.15212779941443355 39.51374371433002 0.1226573314467233 6.483770770328427e-05
13 13 0.1558867947088158 16.27725585921849 0.17258548609767377 7.330799330677407e-05
13 14 0.15108680694556725 16.516214640491377 0.33905188357152294 9.649991991684378e-05
13 15 0.09277394986774455 19.31128883610699 0.3174114032941055 9.135351145135671e-05
13 16 0.09766769388161972 22.17218256634052 0.30383424387588953 9.113551547803648e-05
13 17 0.13538406663716407 17.880785159884447 0.31369648126244454 8.993111101354188e-05
13 18 0.16185776867104212 16.65024778811359 0.33423173698177683 9.733439121106101e-05
13 19 0.09848650815483882 22.33664055245505 0.40231331336191456 9.220847020182295e-05
13 20 0.08055853414458776 19.560276360840348 0.3261720689456995 9.065860932899888e-05
13 21 0.17994666040967283 17.165575908485643 0.363499751301843 9.387731401234149e-05
13 22 0.18717733277563584 16.788673259822026 0.30432949554877486 0.00010242713103897008
13 23 0.11130141671811919 17.18314874596185 0.3344374656060753 9.220838598127259e-05
13 24 0.0996793742055623 17.593220001908698 0.29703757751230175 9.399651284181096e-05
13 25 0.2967418604969236 15.730006541337431 0.3674056934472794 9.67269704004867e-05
13 26 0.2866959436251106 17.8807125468462 0.2686824647229744 9.375817246287316e-05
13 27 0.33712626035237536 17.491971756239707 0.3487135353951858 8.35061301795924e-05
13 28 0.5373035524989914 21.016816691882457 0.37681041478543825 9.471176358055077e-05
13 29 0.31950232683167684 21.322257940497813 0.30854777421774254 9.186958076883489e-05
13 30 0.326934161093408 17.165585872523792 0.39477242533921214 9.408456200438262e-05
13 31 0.35766789221429085 17.698483210803303 0.38970382923023783 8.52942627678591e-05
13 32 0.22376146754304255 21.45695679981496 0.30481409529930414 9.14756116996696e-05
13 33 0.11295278349698629 16.814127719696756 0.33691123191805716 8.720159539810356e-05
13 34 0.08470014559560465 22.438478954821548 -2.876555237553807 0.0002775781698035239
13 35 0.1383219553442644 20.618727561362146 0.300715520528944 8.875131112446807e-05
13 36 0.1584055875197562 18.595977568307614 0.34855244015828546 9.411574752551141e-05
13 37 0.13718165150019274 19.245435026830954 0.3916047580748776 9.483098988707781e-05
13 38 0.21389471096049267 18.668662421260105 0.22729892047355565 0.0001023411753884783
13 39 0.21156603323655765 13.793787373735508 0.671553671832903 9.63812788429388e-05
13 40 0.22424622693388202 16.987714034355285 0.3211975776527637 9.493566929739147e-05
13 41 0.4517342781908025 20.741680019449568 0.3229730098968895 9.375811468221692e-05
13 42 0.6644144760795807 12.612830509722627 0.3218098361206041 7.94434680984857e-05
13 43 0.4419325039570735 19.97486189416503 0.3015887712788947 0.00010460602912405734
13 44 0.5229323031287585 14.304556123871276 0.37057302252840296 0.00011616934221793157
13 45 0.3695002253828413 13.179954434362088 0.21800041770466658 0.00010782480241594226
13 46 0.4353741651252129 18.59605551877838 0.3141241360986021 8.801775348742439e-05
13 47 0.28587640716216767 16.555273293370348 0.28340627679780206 0.00010340959301275999
13 48 0.2891727756905885 13.071057756032705 0.34338921037936543 -9.884672495700335e-05
13 49 0.1902418357782641 43.97795913493596 -1.4706361121544211 0.000321447868962263
13 50 0.11816742030198689 20.3242139189577 -0.04867495331801176 -0.00011846791886593847
13 51 0.13608546940263602 25.748363794517743 -0.05513267446539181 -2.2347262506811175e-06
13 52 0.11848626944889046 17.80389548518502 -0.23909012943650135 0.00011664627601042847
13 53 0.09690851147662319 16.61070915208843 0.03131830928208115 7.918801825332054e-05
13 54 0.13020031708705435 20.195783784234532 0.28243396069234283 9.590387297823392e-05
13 55 0.12498418298970865 15.981763165340734 0.20704946110223563 9.906458095244574e-05
14 0 0.23767653106240283 26.045495638496746 0.27582823020697744 6.383555448495655e-05
14 1 0.5226511276275031 28.598404096073438 0.3816774065834324 0.0001115202913367782
14 2 0.4241439033048958 28.078033581353473 0.5544431691815495 0.00017982721311544377
14 3 0.3186438848212978 25.702890789666235 0.12421913720278391 0.00016754865615468807
14 4 0.2252317463190519 24.897277605202067 -0.08214512725252046 0.00012034189778180703
14 5 0.5199060249181118 20.103018112597418 0.47692548663097467 0.00012904403927483017
14 6 0.43107087548404377 30.01950815839764 0.2434713561198672 0.0001541795746691366
14 7 0.332357858856944 26.36057104543621 0.31213193120773164 8.589042522802564e-05
14 8 0.34361934033278646 36.17440821656688 0.08525550282436238 0.00020134441433518346
14 9 0.7319026455550396 48.17481464964277 0.6189443498274338 2.0563582789960116e-05
14 10 0.7399570305170835 33.823911832878835 0.32454091311631383 0.0006087422325983913
14 11 0.5109241803333369 316.60542628872497 0.7425105686321868 -0.0006770193624890816
14 12 0.5375039718336703 48.535849757893075 0.47378301198491257 -0.00019120672292479102
14 13 0.6983419363703653 28.018276968775687 0.06686600460517418 8.136031294204795e-05
14 14 0.8269928902179502 26.3959027078038 0.21018651287061219 2.2709369719612844e-05
14 15 0.40560854838289806 27.74970659553906 0.30707684826091963 0.00017040967940425231
14 16 0.42072716198613813 31.83350574213599 0.06909637040110582 2.784977584308579e-05
14 17 0.6928142715759813 45.522479446769225 0.1722722322473987 -9.500191166161501e-05
14 18 0.9953001562644457 55.7369419282369 0.23446506680926008 0.00017338968673575388
14 19 0.3886146789671703 26.45473807349876 0.31957146252967383 0.0001512169555995935
14 20 0.35036176245632933 28.114095444280345 0.5154485398102855 0.00014394521325920866
14 21 0.9085657169554113 49.19717581637197 0.1287091963036916 0.00011831520561991033
14 22 0.8411368046107002 21.130456451352238 0.825879835762005 -5.421042450535834e-05
14 23 0.6403721203362205 41.881052422036504 0.20345824636185608 0.0001539587972662549
14 24 0.5341912149485135 40.51536722558534 0.43479337439404686 2.313898186228287e-06
14 25 0.6635398073554768 26.769081392838864 0.814533967295273 -0.0002025349779541037
14 26 0.9569988657650117 38.416017938053415 0.8397212849261966 -0.00010177493096545257
14 27 0.7885574313620748 24.98884428736428 0.23723360067199573 0.00014656782657827136
14 28 1.1248525739611215 -12.034657368153296 0.5397011490145185 -3.9190123276285646e-05
14 29 0.9582687762876645 19.397653133444713 -0.37672285842886566 0.00010281952825438146
14 30 1.0093033876715998 63.666925228010086 0.29577234594729007 8.627247349666554e-06
14 31 0.7115935516186429 38.45459849951629 0.2528042867655958 0.0003064007883161026
14 32 0.6514725171010842 29.50003618915671 0.19667747200654842 0.00010007622615895137
14 33 0.7551187183277732 47.721221244743276 -0.12793413408160204 0.00016218423777821173
14 34 0.5696908577860269 53.53814515286865 0.2907356722190041 0.00011341889502584608
14 35 0.4708776177804463 45.57965102496068 0.013100632130938605 0.00012405348884801914
14 36 0.4629117629222168 57.879096227657016 0.07499219900265941 5.955987565613718e-05
14 37 1.104902377599474 44.13277393770275 -1.3919947606756478 -0.00013801244617759738
14 38 0.9166697302507725 15.752970368912397 0.19351724939007295 2.2232532328178347e-05
14 39 0.9415325923322009 24.598527123185878 0.26886697710088314 0.00015765388006768014
14 40 0.8096437040863775 26.17585527221435 0.7563309546452912 3.987563465353255e-05
14 41 1.2613224067510584 30.396461055617156 0.46649145482844623 9.515181941433285e-05
14 42 3.6473204253889446 22.937751095627796 0.29964690219740353 9.423491095810385e-05
14 43 0.7803893363173594 51.5200400482162 0.33473484403679965 0.0002655384894215938
14 44 0.9125369009215917 30.14217962746826 -0.16523828661752066 0.0002338290214249039
14 45 1.2293667962393875 279.2666796514665 -0.8721272483897848 -0.00036605284501815946
14 46 1.1329512763562728 43.4092445124279 0.07772235616751111 0.0003156067616488281
14 47 0.7512518714807597 99.75605652604861 0.24226544100226444 0.0001906752587119565
14 48 0.8939307804706438 19.624877174630285 0.20418413750113829 0.00016266108417256847
14 49 1.5450296841694893 295.18329367775164 -1.4880808642405394 0.00044506300756652905
14 50 1.173517015110358 127.33394771312555 -0.8194298355971179 -7.686019934458529e-05
14 51 0.5458676057176803 36.17442102928912 0.35237079431922647 4.249961466626247e-05
14 52 0.5386277256751675 39.06825363238859 -0.005900108717835263 3.522670901991166e-05
14 53 1.3077408736352725 10.662492728230763 0.5506380939792261 6.508632316680562e-06
14 54 1.0100777246461916 320.4683233250338 0.6722985248518139 -0.000491566389426414
14 55 0.6894579774844142 25.101656581287358 0.17630998777226076 0.0005167107417730591
15 0 0.27026201285422957 23.569761646197485 0.29829064052996124 8.767843205509948e-05
15 1 0.5489719290565143 23.415459646174842 0.27930255385051994 9.871775031096409e-05
15 2 0.6389962620495174 23.28472501123521 0.3055493802865433 9.208917619869319e-05
15 3 0.3829381725481001 24.33364788943535 0.5840099699638063 7.86185264734427e-05
15 4 0.2708544382919583 24.246998372207806 0.39304465098019126 0.00013253501560938843
15 5 0.5205236337559365 23.330765923377715 0.29098987632180406 9.411573601886638e-05
15 6 0.40486754531228697 24.14714224470859 0.29916062414339717 0.00011342775365872924
15 7 0.3483763819826424 25.610683454178 0.25897460552138973 0.00012654059006055203
15 8 0.32280826658724854 23.564761340987157 0.24620974553069086 0.00025862455326830606
15 9 0.48301328619592204 22.793812429117928 -0.033885262887364445 5.7399274721112636e-05
15 10 0.5357268042438134 26.350621416482074 1.0385940189315335 5.22737476004571e-05
15 11 0.3715608587195962 26.198078449851224 0.20446573056412257 3.6358835961307527e-06
15 12 0.4180016550083292 25.050206674532742 0.3112483679766618 9.435415267718651e-05
15 13 0.5157970917215341 23.83260113549234 0.31178878206439853 9.18507578311754e-05
15 14 0.5676778406214271 23.415430191489328 0.3150228284890695 0.0001112252656193226
15 15 0.46156894013360417 25.571073151220297 0.9804782628111972 -4.288556485810103e-05
15 16 0.5300760780742799 33.65966854877412 0.4012633605054189 9.065984409055541e-05
15 17 0.4595562805597768 22.805482090893804 0.28825337168992327 0.000102698803215108
15 18 0.551451066189382 23.415442483527627 0.3074862281289621 9.17234991123539e-05
15 19 0.33358009795589383 23.67688407064067 0.29277881874489475 9.769201283245851e-05
15 20 0.3306758993471911 24.48385034238433 0.6783708202219594 0.00015574693625967044
15 21 0.6153493170174258 23.41543802838594 0.32636761774693923 9.673837326971548e-05
15 22 0.6913729739311623 23.247019186386254 0.315679659185534 9.697675528158562e-05
15 23 0.4875941918995283 22.683738846308806 0.11493684535992399 0.0001161740876704753
15 24 0.5246421132020024 23.276389953084816 0.3038340720435715 0.00017207861203452195
15 25 0.8299998303628636 23.340208851236618 0.3040398230001917 9.161233902265143e-05
15 26 1.0009243868086122 22.683729835721152 0.28044917338525127 9.499553643531615e-05
15 27 0.9418912394396145 22.683681312080957 0.1284943576449441 0.0001161705726791133
15 28 0.9531229951445948 23.41546788720098 0.26747584212351894 9.81703422544876e-05
15 29 0.8620143827553353 22.3572162054735 0.31089148450257087 8.970499038715962e-05
15 30 1.0271080386048184 24.147215803846176 0.20230694685906642 9.64543130651768e-05
15 31 0.7048015799001282 22.683748193970796 0.2835484585020697 9.25550722655837e-05
15 32 0.6038462942200493 25.610654332354407 0.3152736968555575 9.185070214262969e-05
15 33 0.5459150052179818 22.23724849649048 0.31349043425047984 9.757268868051892e-05
15 34 0.453865147413049 23.415457751336817 0.3041328743194094 8.901129654998434e-05
15 35 0.45760583981401365 24.87888694777971 0.3238196521528801 9.621040411449275e-05
15 36 0.5037582947146806 24.878861231731012 0.3622093882141585 9.34007537141039e-05
15 37 1.0653807039334926 22.683714548711045 0.3743813304273005 0.00010996974338174279
15 38 0.9365765628175908 23.415436834409235 0.40125233226173845 7.611001301857888e-05
15 39 0.7930795656138627 25.610643028880997 0.33714481418561704 9.626154900971596e-05
15 40 0.84850019452476 24.147024512837405 0.3308031748749829 9.527494931225403e-05
15 41 1.529119037504439 21.220262034647178 0.3137996573144179 8.672454583133807e-05
15 42 2.0720997331795132 26.521896483488746 0.09338846750570468 3.6537647389747665e-05
15 43 1.0818453262087018 23.415482707226765 0.32876690153744675 8.665257806085054e-05
15 44 1.423295010658018 23.016193539770306 0.327899542109069 9.578423353195944e-05
15 45 1.6391681806800225 19.024904431400323 0.3125101746201523 8.83937145960264e-05
15 46 1.6258747914854073 18.807850784155626 0.3626909824514289 8.99434087842106e-05
15 47 0.8033490739143017 21.840984267675957 0.3135347757694137 8.910894411043153e-05
15 48 1.0083315559043655 22.68366337076096 0.3177905839181311 9.323962395421832e-05
15 49 1.7766362017283566 20.449619637368148 0.30382243035579404 9.340047848779755e-05
15 50 1.2577966941168857 21.220222895172263 0.3327143213163293 9.526525229234664e-05
15 51 0.6851044727283362 23.41539993892667 0.3212003424300517 9.774984437308765e-05
15 52 0.6142115571736984 24.14715340174763 0.2918534580418407 9.556504139280034e-05
15 53 1.0705564911221999 21.731361058999106 0.3167043147605947 9.304257118770824e-05
15 54 0.9853623404004336 21.168775641899664 0.3358214133985973 8.708239428008437e-05
15 55 0.6273625608636646 21.974128370512062 0.10137654630190818 0.0001382231711371398
16 0 2.3798597925427982 34.778962183033045 0.29931282267062437 6.224929500059587e-05
16 1 2.370755264750896 16.223807387037496 0.260817564155963 0.00011676550227993977
16 2 2.0078225901993307 106.55705527971088 0.527499454242282 -4.020431274424284e-05
16 3 1.5378138725999375 34.77202631281013 0.24351934748136056 5.4419041244210875e-05
16 4 0.9078704209636369 21.128181951706416 0.25400951615151157 0.00012212991682063835
16 5 1.9566910121488958 39.21885200502477 0.2888963421641846 -2.422920129252109e-05
16 6 1.537731604762007 37.738959620099074 -0.15387277416553943 -8.485428205651865e-06
16 7 1.4271336467089777 29.410016669949076 0.6100750026464854 0.00020056962937584533
16 8 1.2128041626294739 31.782090914473034 1.151530959011966 0.0006526474076061018
16 9 1.9313539672241455 48.62183746456377 0.9025798512827126 -9.658932697476639e-05
16 10 1.8694120010914255 20.097870173145775 0.496775916793316 -0.0003570615384023944
16 11 1.7166873795228703 13.464685502787002 -0.8525007215817594 0.00032740882333239484
16 12 1.9342174591463401 15.695068439281888 -0.27298163806435777 0.00024157751116897098
16 13 1.7287006390132937 32.40423071674442 1.534768342426271 -0.0002429783273816349
16 14 2.68710459032676 11.962840397388607 -0.6292840633785436 2.6881693459977405e-05
16 15 4.164375366712215 14.059509030473194 0.22133597566456598 7.34581982728294e-05
16 16 1.654345106544865 33.29898498358749 0.4125954960857088 0.0003334879848524772
16 17 1.7243007943957118 44.39878947094975 -0.11493312983452109 0.0002236963780244221
16 18 2.019546264967392 52.03304127330632 1.7640700293306344 -0.00016871095071764675
16 19 1.5262526991919887 25.78240443058617 -0.3445178422744939 0.0006101727481895084
16 20 1.75774026723607 19.056481521502036 -0.16507881136402974 0.0002962985119702473
16 21 2.210722487520865 60.67830148385406 2.4605651661673225 -0.000457610521778253
16 22 2.616177365948985 58.5090569970811 1.0177591477645498 0.0003359914458087526
16 23 5.885218618332001 19.24992271949565 0.2964358256673017 0.0001361964327907712
16 24 2.1929936997152777 31.15367113709074 -0.0915774860919924 0.00013235719147343405
16 25 2.302696381094878 81.3977821773639 -0.46012995217957264 0.0006241187212317348
16 26 2.8318282390963745 93.97736292273365 0.42186967122723085 0.00010741882245306829
16 27 6.635942273323374 21.342633334492888 0.2994539761838589 9.020371876585287e-05
16 28 6.215624191333934 21.864633136488997 0.33366324723392204 8.853014881615988e-05
16 29 1.9517694428311918 34.03902996107391 0.22186772076436723 0.00020903294119916044
16 30 2.901128985490821 64.96142795314572 0.21975872475541958 0.00011375114750458052
16 31 2.2695262110609966 59.372225969645996 0.7152783540789909 -1.2010332751100496e-05
16 32 1.8715724148396071 81.39771397151961 -0.8622202194367855 0.00017847858347825002
16 33 1.6980491380146185 95.4574166518136 -0.5002070337017087 -7.492028181874065e-05
16 34 1.0141427665132572 24.232616589845776 -0.9334988485778629 0.00045651191004750496
16 35 0.819320782511565 25.459033033912345 -0.5112455904234369 0.00020044102887533551
16 36 1.3733690934796399 41.4388159044901 0.9399517065252907 0.00015038228812053758
16 37 2.0367762785317445 64.37820219280832 0.8247083310089202 -0.00012561678662784576
16 38 1.858838465079092 159.81548165002886 0.23078628938213674 0.00048035381985570295
16 39 1.8073244752057023 88.0575294397191 0.1809233780305053 0.00012868056066095776
16 40 2.142371131471786 47.358699792089745 -0.23722791623358386 0.00012640087230993764
16 41 2.1637712283673958 86.57751774648672 -0.24070239693898773 3.9279447843705955e-05
16 42 5.080335017764115 14.327507149360722 0.6589819310226611 9.288209514252553e-05
16 43 7.614489761122078 6.837736122784806 0.28139844135138203 -5.427081468641987e-05
16 44 12.715793862553506 25.581024538574653 0.16712517748567396 6.598168064619913e-05
16 45 2.209488301016419 109.5076416804235 0.5619661756218538 -0.00021538138390227673
16 46 2.207810150906181 93.25398673368286 0.7019132391624843 -0.0007328690229647005
16 47 15.134421990325425 21.857946585081848 0.2999806053573679 9.027856791340308e-05
16 48 12.817171867065937 21.437834883771323 0.3493584398148407 0.0001087064849905674
16 49 2.5821672154368387 14.577177136533493 -0.6832387997873464 0.00028354068723594403
16 50 1.8763512788940744 30.33875773711875 0.6023585777235584 -9.337065764184038e-05
16 51 1.1595711016981316 36.61698954389888 0.2869564448525491 0.0001648068070821016
16 52 1.4720869143092838 80.65778044379755 0.01973459445447484 0.0007994774392805532
16 53 2.2508888258326842 54.135262919364 0.5820707548015314 0.0002524256558787234
16 54 2.646016003082044 26.639252303413848 0.3672961468680681 8.619758841070356e-05
16 55 1.5828038419139117 32.66087151320093 -6.324065880873672 0.00043004751133040816
17 0 2.690220754694432 24.274119354498932 -0.5351489907234384 0.00012880564162774167
17 1 11.888272923579265 29.180351959272883 1.5071308141444644 7.381188678590525e-05
17 2 4.417549216649227 28.429491598771023 0.1742250795885182 8.100271905448012e-05
17 3 2.583418548262118 34.135354732543746 0.8251186849727136 -0.0006019175042832823
17 4 1.5740155620867027 29.430197875656916 0.4815507536214222 8.052587506537604e-05
17 5 3.442832742976975 29.180327925334964 0.21754320161602597 8.838786070531208e-05
17 6 2.3349793624525557 29.180341510629702 0.2722127951949752 0.0001239180057992291
17 7 1.8379295046797421 27.204768252755443 0.26299595057774217 4.1425228916631924e-05
17 8 2.82362396368905 32.70242603673799 1.315350449202978 -7.26878643213875e-05
17 9 4.4074465695999745 34.50205272726123 0.24001921580299868 8.19563855501846e-05
17 10 3.901250913083903 18.216433767371527 0.7147525943133493 6.383657457593615e-05
17 11 2.9169360418185755 30.21884702230882 0.14583048809673166 2.8431415577646984e-05
17 12 2.484160258536413 26.93570227567108 0.20662030309646154 0.00013580372240288058
17 13 4.961276601573654 28.432124023317684 0.4787695614073415 9.888409198450409e-05
17 14 4.946338855519752 39.655292950546425 0.3113179478218384 0.0001852429484322748
17 15 4.4043916370365785 33.35348914495181 0.34260824533657885 1.2457371256502655e-05
17 16 4.47865378334017 25.43926986385672 0.3385681823258465 7.343284464795856e-05
17 17 4.649276585105391 35.91419588472212 0.19190050126377856 0.00011044786461606658
17 18 3.9651440230586465 19.07372998913866 0.6463167582287482 0.00012296438013882134
17 19 3.87596044331844 25.853772683888046 -0.32452153538819484 0.0001255869692685109
17 20 3.6760948514748484 28.758022793996012 0.30391120302044716 0.00011438131522576071
17 21 4.434114772167152 25.43928229399025 0.32241000788878615 0.00010565038186795516
17 22 4.421869480306966 34.32524336839292 0.33787201012551504 6.348043124313061e-05
17 23 4.03147275036846 31.21461938924419 0.33332452187536077 0.0002867579460472327
17 24 4.02354837078652 45.64106502966685 2.0816997932623904 0.00039694103346843077
17 25 3.122365779345942 24.98002064830907 0.2815136963358079 8.660554895982058e-05
17 26 4.6205943049784475 23.668605020775757 0.22566449484130946 0.00010639429799459253
17 27 5.916387217640254 21.52991359345149 0.38374064745883907 0.00012725591536248487
17 28 6.36335338166467 30.926889248305514 0.3859234646428611 0.000163019316227847
17 29 4.0201367068272456 24.044536659197192 0.2199224041551684 0.00012594446384233716
17 30 6.777015591937266 38.69628455931645 0.2453727484490133 0.00015101634611780598
17 31 4.070696091495362 27.284236473069555 0.20128881788522668 0.00016289929000516744
17 32 4.028945968235254 27.001740049657826 0.2464809596123047 2.6047238341509875e-05
17 33 2.0112459308608734 27.71018868378187 0.5308013799589268 -0.00022324923973721865
17 34 1.6771253710341187 27.05220599234257 -0.4837155240674158 0.00023037195202296046
17 35 15.48154182839492 32.17313049836626 0.23079255583661273 0.00011271201526201767
17 36 3.5630363488148675 32.50432840471866 0.2340804354952212 6.431341189830281e-05
17 37 4.282446044473418 31.424953255935666 0.28127122679147515 9.209351320117203e-05
17 38 3.887095969188862 33.66963698168991 0.13920809786309 0.00019151110919719792
17 39 4.425144192507538 24.64324420382785 0.31640178596184926 9.839340841858026e-05
17 40 11.23812385606147 26.447928221915284 0.814308139328261 0.00015062093242120748
17 41 4.71936469238765 27.683927132039948 0.4701269358429474 -3.2484773016349207e-06
17 42 82.64101605924196 22.96507662391022 0.30392416791412835 8.91621205973237e-05
17 43 6.161993712081161 90.53315109957292 0.6535251635840441 -0.0003580751675031147
17 44 6.027181630494831 46.35438250635486 0.3017975937673313 -9.140200827507212e-05
17 45 4.440105780149198 23.231110026021312 0.3472187795462792 9.638071158139199e-05
17 46 4.875971592109004 23.238308578464185 0.3831105521711221 0.0001248717472304523
17 47 5.489935982237524 23.1945613417476 0.11070381205969701 0.00012805910515344487
17 48 4.650128352277806 18.973064309324023 0.4685575762174188 7.182360437482923e-05
17 49 5.1826059084283855 21.937760481477007 0.2927314523771918 0.0001202632864104743
17 50 3.737309516617851 21.05316350028651 -0.14104524827395848 0.00019747026334562508
17 51 2.5005074398690317 32.17301449417636 0.27080597595503475 0.00011135175671662069
17 52 2.4411794132857887 28.432136372079018 0.5930936867800649 0.00011259062064016324
17 53 4.263291272314831 32.92137377197955 0.2493513488389155 5.551746488693538e-05
17 54 3.7483438024760263 27.095382905965067 0.39732434662756566 0.00014704465567326382
17 55 3.9497342985079475 25.661948382577805 0.2656864108100321 7.897615438114087e-05
18 0 0.8199645481885793 26.906057411532373 0.21185062464690213 0.00010472536355240793
18 1 1.4847898543564777 27.988448091536313 0.5463087033041147 0.00010961311874136792
18 2 1.5620943391351052 26.137826929068197 0.2631266486482665 8.982419777357078e-05
18 3 0.9967816946144733 25.733947002406218 -0.6290645168594566 3.963694302957774e-05
18 4 0.9769050755460401 30.249967753037147 0.4507104639278452 0.00010663270169855891
18 5 1.2895716873574172 27.01619681990455 0.3684684475526817 0.00013703107843294332
18 6 1.1093791549610164 26.07618498109599 -0.034882470908634514 0.00021010637148868053
18 7 1.1461069382940487 28.39242871504421 0.5647878178087785 6.908177871818726e-05
18 8 0.9608396801655793 29.302894747670322 0.8740893818987991 -4.002450733296972e-05
18 9 1.3797335883600208 27.988490036881018 0.4909381778211912 6.021647473661204e-05
18 10 1.3896248706253982 28.422957329195945 -0.23855758636642327 0.00014716386798224919
18 11 1.7546627520947102 29.501340578264156 0.4169185428409634 4.9292918162967384e-05
18 12 1.445405685778212 27.988535015780883 0.20060611842237905 0.00012128161702040018
18 13 1.725107470925724 27.69854355872296 0.05967153999367014 0.00011307001478631101
18 14 2.1738000984146773 28.744970848823087 0.24878218285409215 0.00010612709599673695
18 15 2.1911040234048995 27.232089643224832 0.2612683670062307 9.20915476426711e-05
18 16 2.209125747675621 28.744929196774798 0.3281638846128422 9.399651856023972e-05
18 17 1.4191025528080412 27.39651598313736 0.37285389234294397 6.490945814921701e-05
18 18 2.0858940496220253 27.232023822609115 0.29440659370187444 8.159873836600023e-05
18 19 2.4781530573271775 26.181779545611498 0.2112400978655679 0.00012272596184060658
18 20 1.3698358028445945 27.988461151912915 0.177558930986205 0.00012320297865275962
18 21 2.1622163316591854 27.026089765417186 0.3259193166573266 9.351965748254326e-05
18 22 2.529438419247899 28.744985515210672 0.3510250038260798 7.621145872149568e-05
18 23 1.9411734636590006 27.232090948220424 0.2875758804081928 8.528969648594345e-05
18 24 1.5312133472028098 27.361222360349473 0.26048640481624935 0.00010603666444272542
18 25 1.8031849047792161 26.94081082745401 0.32260423069495847 8.994340835514306e-05
18 26 2.697346264016426 27.232003259742005 0.19088096846188163 9.649994855275904e-05
18 27 2.0507869700507277 27.010113322341926 0.15467632274244514 0.00010210653412591417
18 28 1.484239325375189 43.117434453361554 2.003974306813913 -5.930648862097672e-06
18 29 2.1225513667920737 26.910486525619845 0.33597904988705396 8.291006100506553e-05
18 30 2.133548487564637 28.285107695571593 0.3043253310429535 7.313489323586953e-05
18 31 1.8889094149558519 27.988490436514184 0.40099738461653966 0.00011771848275186992
18 32 1.537816215524563 27.232077075483552 0.290497570718546 9.674465809896894e-05
18 33 2.073858065482888 33.28364011064028 0.21338669743819358 7.599597205153191e-05
18 34 1.484503380473821 28.61148404294712 0.8274090810404139 -4.6402215895025673e-05
18 35 1.7952710922698982 23.57188141127346 0.2949286866659572 7.718801521355033e-05
18 36 1.9801731279099615 25.96989538016624 0.31837228429365105 8.350625048182868e-05
18 37 3.4379445239995334 28.742699352381592 0.4769073381190303 4.798188546892346e-05
18 38 2.292986156919975 27.988529565365084 -0.4868637452918869 1.4159553911252177e-05
18 39 2.703853931839383 28.552007219544432 0.38402439177529324 8.517503728264016e-05
18 40 2.323701559644121 28.027202998564334 0.26537166669002676 7.730722361472839e-05
18 41 2.901525281885317 28.269328575830738 0.2709414850162226 8.970499046375533e-05
18 42 3.18034663960661 29.501390240167638 0.7456562483076901 2.4855515315348696e-05
18 43 2.712612440733796 28.252211627714473 0.2601991391138131 6.479024849640766e-05
18 44 3.227488351894305 26.84764172637079 0.2964569262486513 7.492327105420809e-05
18 45 2.75547639222141 26.81794807567266 0.1251269717573919 0.00011020899251175769
18 46 3.19237140458406 26.475579623464945 0.02093952349331242 6.181111532055483e-05
18 47 3.332271207273667 26.067081095925886 0.29540673175287513 8.970499039459524e-05
18 48 2.724205021376295 25.249922134370102 0.31953573197840457 8.291006175719834e-05
18 49 3.69312937180986 26.475632038389904 -0.04148483808910871 -6.905306007812408e-05
18 50 3.6516105988882046 22.711039476261853 0.32210152032897577 0.00010889768685952569
18 51 3.227173253805015 27.232048461487864 0.2874234180413707 9.65130199795288e-05
18 52 2.9430764356162653 25.101880825862594 -1.3150635388925909 9.030879342417328e-05
18 53 3.8684338584045017 27.595494627272927 0.2647257401074792 6.002190352551717e-05
18 54 4.170632198095401 24.74833090033517 0.2519805929583819 0.00010913610468649905
18 55 4.164809147683851 26.524057450737473 -0.664448278536971 -6.911158894045132e-05
19 0 1.8171388366384598 26.224638458721284 0.38637448205598535 0.00010699033752685483
19 1 2.5833462403524416 26.243356568027544 0.3802296495025073 0.00010007796712607372
19 2 3.0253206245623767 26.407988257500403 0.19192895624214013 0.00014442205249619723
19 3 2.194576857996511 23.257731766739898 0.22719408971740174 9.881099873254898e-05
19 4 1.9462780580992656 23.182741866424017 0.2869760777853386 9.208917718845333e-05
19 5 3.0821483891032138 20.26480868122868 0.06953411358876699 8.092203106672844e-05
19 6 2.805087441644513 24.740507488019816 0.29048598456355423 9.554634005729925e-05
19 7 2.391907598483412 24.54924449696643 0.25915142281940645 8.958578173486083e-05
19 8 2.6790541143625415 23.960275690379316 0.32534539808657825 9.101629660642524e-05
19 9 3.1351386939909385 23.308426157030276 0.31598646214855886 0.00010603666194403279
19 10 3.4646531813847257 21.81137385807863 0.3548786149656549 8.970520355361134e-05
19 11 3.8296295531839233 24.303959875864237 0.3019180245171793 7.396934384279912e-05
19 12 3.094703013912169 22.543871151535765 0.3301597990537829 9.590387343539418e-05
19 13 3.9644519801557117 22.993549964755047 0.32768718042152334 9.340047820512645e-05
19 14 4.648189813113623 21.172929429422148 0.5439553546250002 9.471171991009246e-05
19 15 4.619115163951301 20.85547940051812 0.3153843945727539 9.578466412526123e-05
19 16 6.9175849712932305 18.897098260382688 0.3102320571599482 0.00010603665906064925
19 17 4.241091400533405 25.998861015943007 0.446996969427198 5.6746721154368564e-05
19 18 4.604328677668258 25.234103320272002 1.3598162631990838 3.439287701175367e-05
19 19 3.2594535484805407 22.708454981233558 0.32545220685270626 9.268522266855856e-05
19 20 3.0823707145400023 23.201395667257586 0.29818680215204085 9.566815796362043e-05
19 21 5.248399665089491 23.507650297516406 0.33680198354253577 8.720159080868067e-05
19 22 5.897435019631169 22.198393874916103 0.3669249149835533 9.56654548683482e-05
19 23 5.740619515298427 20.185308290020764 0.305955966156935 8.970507530040481e-05
19 24 5.101426382376696 18.589385019991482 0.24661927713259763 9.82880591634794e-05
19 25 5.0323708402805085 21.54699929812597 0.264283782435831 0.00010484451205980416
19 26 8.918462751898051 25.620750823743645 0.27313776259934763 8.553266528204932e-05
19 27 5.215638769769635 45.11568346676326 2.180484174330545 0.00015536159556732315
19 28 6.029140147017599 22.267390769376682 0.3139050169039628 9.727667093885575e-05
19 29 5.158908443553257 27.06943706738679 0.27350583774927356 6.7651248597683e-05
19 30 6.663941907125909 23.09331474938962 0.3931220076423616 9.065851820936103e-05
19 31 5.331415125972261 21.931316253727136 0.2744594468041088 8.98092607421847e-05
19 32 3.699424340383093 21.220540471180467 0.3142372881213744 9.10163906276846e-05
19 33 4.553747346160363 17.77105392730366 0.6595125947156711 8.892540592636138e-05
19 34 3.856054993709066 20.04891317187288 0.33859290475844384 9.113550278722234e-05
19 35 3.5503252394659603 22.252086948637476 0.555748546977467 -3.597140076873994e-05
19 36 4.92214660177466 24.383948229673784 0.4154242874350854 7.158454299701353e-05
19 37 7.7258779624806015 19.22602172110583 0.2344105030263206 5.882978464747502e-05
19 38 6.281645416572115 21.014892871334755 0.30077427699898207 7.861852724061842e-05
19 39 6.578665755119502 19.116791964969686 0.2623351452576828 0.00011842691916275559
19 40 6.798027789305588 23.70482583872749 0.2067411712183853 0.00010770537437299966
19 41 70.01190122127392 21.0 0.3 9e-05
19 42 9.671736269502945 22.940139272199623 0.1828785324525562 9.900329094008446e-05
19 43 7.2124496623860574 24.37116609585629 0.318794247826822 0.00010949372712000996
19 44 8.258373564594574 22.958032278416315 0.319765432896862 8.314848335974445e-05
19 45 9.176225011333356 21.21245823800686 0.3563458588414187 6.347894983748154e-05
19 46 63.66921694429431 21.0 0.3 9e-05
19 47 5.473646494637254 19.434176621797512 0.28655985464997724 0.00012558698990303832
19 48 7.6098149835258395 21.405321479196612 0.2908571268427535 7.671105360350489e-05
19 49 65.60938353404632 21.0 0.3 9e-05
19 50 9.341769983018414 22.175472029034182 -0.17665459090325478 8.90198565127596e-05
19 51 6.367402574630546 18.028019679067118 0.2979002730847771 9.068175565493867e-05
19 52 6.895627834573568 17.929988331384024 0.35625328453989635 0.0001035332678139272
19 53 7.905392618410829 19.636754722535898 0.4881718421175437 6.836651605019212e-05
19 54 8.250611943570727 19.82865507084619 0.33922018288445 9.995709565365406e-05
19 55 8.409897270335108 15.362385660623122 0.49357538775183973 4.59551808686364e-05
