order obs chisq vsini limbdark rv
0 0 7716.740195628325 27.4931101663417 0.2215275291309494 9.411573411502016e-05
0 1 7716.740195628325 27.4931101663417 0.2215275291309494 9.411573411502016e-05
0 2 7570.613743583726 29.346347110464627 0.30210816189301426 8.612871184990068e-05
0 3 7570.613743583726 29.346347110464627 0.30210816189301426 8.612871184990068e-05
0 4 7570.613743583726 29.346347110464627 0.30210816189301426 8.612871184990068e-05
0 5 7570.613743583726 29.346347110464627 0.30210816189301426 8.612871184990068e-05
0 6 7570.613743583726 29.346347110464627 0.30210816189301426 8.612871184990068e-05
0 7 7570.613743583726 29.346347110464627 0.30210816189301426 8.612871184990068e-05
0 8 6936.880638733485 39.059095919978276 0.18900440269130786 0.00010186433781248668
0 9 6936.880638733485 39.059095919978276 0.18900440269130786 0.00010186433781248668
0 10 6936.880638733485 39.059095919978276 0.18900440269130786 0.00010186433781248668
0 11 6936.880638733485 39.059095919978276 0.18900440269130786 0.00010186433781248668
0 12 6936.880638733485 39.059095919978276 0.18900440269130786 0.00010186433781248668
0 13 6936.880638733485 39.059095919978276 0.18900440269130786 0.00010186433781248668
0 14 7425.5625661507875 35.011483809954086 0.09450967769334444 7.301568980938193e-05
0 15 7425.5625661507875 35.011483809954086 0.09450967769334444 7.301568980938193e-05
0 16 7425.5625661507875 35.011483809954086 0.09450967769334444 7.301568980938193e-05
0 17 7425.5625661507875 35.011483809954086 0.09450967769334444 7.301568980938193e-05
0 18 7425.5625661507875 35.011483809954086 0.09450967769334444 7.301568980938193e-05
0 19 7422.691675174942 35.99757682737817 0.15930819912406877 0.0001345594615014048
0 20 7422.691675174942 35.99757682737817 0.15930819912406877 0.0001345594615014048
0 21 7422.691675174942 35.99757682737817 0.15930819912406877 0.0001345594615014048
0 22 7422.691675174942 35.99757682737817 0.15930819912406877 0.0001345594615014048
0 23 7422.691675174942 35.99757682737817 0.15930819912406877 0.0001345594615014048
0 24 7422.691675174942 35.99757682737817 0.15930819912406877 0.0001345594615014048
0 25 6921.772131153354 39.767018003067044 -0.1310946239102696 4.357096874863351e-05
0 26 6921.772131153354 39.767018003067044 -0.1310946239102696 4.357096874863351e-05
0 27 6921.772131153354 39.767018003067044 -0.1310946239102696 4.357096874863351e-05
0 28 6921.772131153354 39.767018003067044 -0.1310946239102696 4.357096874863351e-05
0 29 6921.772131153354 39.767018003067044 -0.1310946239102696 4.357096874863351e-05
0 30 6941.589665994597 39.127056376393675 -0.03904367830302018 7.241962746478605e-05
0 31 6941.589665994597 39.127056376393675 -0.03904367830302018 7.241962746478605e-05
0 32 6941.589665994597 39.127056376393675 -0.03904367830302018 7.241962746478605e-05
0 33 6941.589665994597 39.127056376393675 -0.03904367830302018 7.241962746478605e-05
0 34 7230.529066424579 34.34462657649957 0.21540727062647416 8.510168186710993e-05
0 35 7230.529066424579 34.34462657649957 0.21540727062647416 8.510168186710993e-05
0 36 7230.529066424579 34.34462657649957 0.21540727062647416 8.510168186710993e-05
0 37 7230.529066424579 34.34462657649957 0.21540727062647416 8.510168186710993e-05
0 38 7230.529066424579 34.34462657649957 0.21540727062647416 8.510168186710993e-05
0 39 7230.529066424579 34.34462657649957 0.21540727062647416 8.510168186710993e-05
0 40 7171.834167661116 35.323916888827576 0.18596673919118187 9.828651762915544e-05
0 41 7171.834167661116 35.323916888827576 0.18596673919118187 9.828651762915544e-05
0 42 7171.834167661116 35.323916888827576 0.18596673919118187 9.828651762915544e-05
0 43 7171.834167661116 35.323916888827576 0.18596673919118187 9.828651762915544e-05
0 44 7171.834167661116 35.323916888827576 0.18596673919118187 9.828651762915544e-05
0 45 7171.834167661116 35.323916888827576 0.18596673919118187 9.828651762915544e-05
0 46 7412.387069960496 31.21379458281538 0.15486523540804953 0.00011943001144791148
0 47 7412.387069960496 31.21379458281538 0.15486523540804953 0.00011943001144791148
0 48 7412.387069960496 31.21379458281538 0.15486523540804953 0.00011943001144791148
0 49 7412.387069960496 31.21379458281538 0.15486523540804953 0.00011943001144791148
0 50 7412.387069960496 31.21379458281538 0.15486523540804953 0.00011943001144791148
0 51 7412.387069960496 31.21379458281538 0.15486523540804953 0.00011943001144791148
0 52 7412.387069960496 31.21379458281538 0.15486523540804953 0.00011943001144791148
0 53 7412.387069960496 31.21379458281538 0.15486523540804953 0.00011943001144791148
0 54 6910.364852162979 40.830905059982996 0.16984689445493223 5.304835027245255e-06
0 55 6910.364852162979 40.830905059982996 0.16984689445493223 5.304835027245255e-06
1 0 3147.173300694639 38.38070952008961 0.024716643380982596 8.541345601858146e-05
1 1 3147.173300694639 38.38070952008961 0.024716643380982596 8.541345601858146e-05
1 2 3156.30838644611 38.37038695259605 -0.03236367547127007 7.575750304674797e-05
1 3 3156.30838644611 38.37038695259605 -0.03236367547127007 7.575750304674797e-05
1 4 3156.30838644611 38.37038695259605 -0.03236367547127007 7.575750304674797e-05
1 5 3156.30838644611 38.37038695259605 -0.03236367547127007 7.575750304674797e-05
1 6 3156.30838644611 38.37038695259605 -0.03236367547127007 7.575750304674797e-05
1 7 3156.30838644611 38.37038695259605 -0.03236367547127007 7.575750304674797e-05
1 8 3110.640365798821 40.26400336695717 0.36107430882394553 -7.04825129548451e-05
1 9 3110.640365798821 40.26400336695717 0.36107430882394553 -7.04825129548451e-05
1 10 3110.640365798821 40.26400336695717 0.36107430882394553 -7.04825129548451e-05
1 11 3110.640365798821 40.26400336695717 0.36107430882394553 -7.04825129548451e-05
1 12 3110.640365798821 40.26400336695717 0.36107430882394553 -7.04825129548451e-05
1 13 3110.640365798821 40.26400336695717 0.36107430882394553 -7.04825129548451e-05
1 14 3111.7998825621985 42.06012994937885 0.6283853305442091 -5.736947084407675e-05
1 15 3111.7998825621985 42.06012994937885 0.6283853305442091 -5.736947084407675e-05
1 16 3111.7998825621985 42.06012994937885 0.6283853305442091 -5.736947084407675e-05
1 17 3111.7998825621985 42.06012994937885 0.6283853305442091 -5.736947084407675e-05
1 18 3111.7998825621985 42.06012994937885 0.6283853305442091 -5.736947084407675e-05
1 19 3094.749062363934 41.561795333440074 0.5693326815750279 2.0921231620676237e-05
1 20 3094.749062363934 41.561795333440074 0.5693326815750279 2.0921231620676237e-05
1 21 3094.749062363934 41.561795333440074 0.5693326815750279 2.0921231620676237e-05
1 22 3094.749062363934 41.561795333440074 0.5693326815750279 2.0921231620676237e-05
1 23 3094.749062363934 41.561795333440074 0.5693326815750279 2.0921231620676237e-05
1 24 3094.749062363934 41.561795333440074 0.5693326815750279 2.0921231620676237e-05
1 25 3027.6515228716917 44.533718636744524 0.7791181080018763 7.830052692383397e-05
1 26 3027.6515228716917 44.533718636744524 0.7791181080018763 7.830052692383397e-05
1 27 3027.6515228716917 44.533718636744524 0.7791181080018763 7.830052692383397e-05
1 28 3027.6515228716917 44.533718636744524 0.7791181080018763 7.830052692383397e-05
1 29 3027.6515228716917 44.533718636744524 0.7791181080018763 7.830052692383397e-05
1 30 3122.834429477868 39.64654078864696 0.32888440642280514 3.129243864846847e-05
1 31 3122.834429477868 39.64654078864696 0.32888440642280514 3.129243864846847e-05
1 32 3122.834429477868 39.64654078864696 0.32888440642280514 3.129243864846847e-05
1 33 3122.834429477868 39.64654078864696 0.32888440642280514 3.129243864846847e-05
1 34 3134.7893888356693 38.93323107583703 0.05852900811241076 6.335990439768055e-05
1 35 3134.7893888356693 38.93323107583703 0.05852900811241076 6.335990439768055e-05
1 36 3134.7893888356693 38.93323107583703 0.05852900811241076 6.335990439768055e-05
1 37 3134.7893888356693 38.93323107583703 0.05852900811241076 6.335990439768055e-05
1 38 3134.7893888356693 38.93323107583703 0.05852900811241076 6.335990439768055e-05
1 39 3134.7893888356693 38.93323107583703 0.05852900811241076 6.335990439768055e-05
1 40 3143.493960045148 39.048380917457735 0.08198795214434121 0.00011509656905670825
1 41 3143.493960045148 39.048380917457735 0.08198795214434121 0.00011509656905670825
1 42 3143.493960045148 39.048380917457735 0.08198795214434121 0.00011509656905670825
1 43 3143.493960045148 39.048380917457735 0.08198795214434121 0.00011509656905670825
1 44 3143.493960045148 39.048380917457735 0.08198795214434121 0.00011509656905670825
1 45 3143.493960045148 39.048380917457735 0.08198795214434121 0.00011509656905670825
1 46 3140.6763344384635 38.92355105146456 0.07521633011608223 1.7225736697133972e-05
1 47 3140.6763344384635 38.92355105146456 0.07521633011608223 1.7225736697133972e-05
1 48 3140.6763344384635 38.92355105146456 0.07521633011608223 1.7225736697133972e-05
1 49 3140.6763344384635 38.92355105146456 0.07521633011608223 1.7225736697133972e-05
1 50 3140.6763344384635 38.92355105146456 0.07521633011608223 1.7225736697133972e-05
1 51 3140.6763344384635 38.92355105146456 0.07521633011608223 1.7225736697133972e-05
1 52 3140.6763344384635 38.92355105146456 0.07521633011608223 1.7225736697133972e-05
1 53 3140.6763344384635 38.92355105146456 0.07521633011608223 1.7225736697133972e-05
1 54 3153.063686923105 39.04235089040381 0.23083874508336652 -5.534330744857653e-05
1 55 3153.063686923105 39.04235089040381 0.23083874508336652 -5.534330744857653e-05
2 0 2125.9655871368614 33.91586347915211 0.14280281757107405 -1.6480741587572653e-05
2 1 2125.9655871368614 33.91586347915211 0.14280281757107405 -1.6480741587572653e-05
2 2 2084.5535552889814 35.14959201830439 0.27041376416469687 6.6816805897059e-05
2 3 2084.5535552889814 35.14959201830439 0.27041376416469687 6.6816805897059e-05
2 4 2084.5535552889814 35.14959201830439 0.27041376416469687 6.6816805897059e-05
2 5 2084.5535552889814 35.14959201830439 0.27041376416469687 6.6816805897059e-05
2 6 2084.5535552889814 35.14959201830439 0.27041376416469687 6.6816805897059e-05
2 7 2084.5535552889814 35.14959201830439 0.27041376416469687 6.6816805897059e-05
2 8 2091.167741568284 35.05884789046554 0.25466516529246863 7.063150344529886e-05
2 9 2091.167741568284 35.05884789046554 0.25466516529246863 7.063150344529886e-05
2 10 2091.167741568284 35.05884789046554 0.25466516529246863 7.063150344529886e-05
2 11 2091.167741568284 35.05884789046554 0.25466516529246863 7.063150344529886e-05
2 12 2091.167741568284 35.05884789046554 0.25466516529246863 7.063150344529886e-05
2 13 2091.167741568284 35.05884789046554 0.25466516529246863 7.063150344529886e-05
2 14 2114.5898388601076 34.58437610108531 0.3186875873015331 6.109475846204832e-05
2 15 2114.5898388601076 34.58437610108531 0.3186875873015331 6.109475846204832e-05
2 16 2114.5898388601076 34.58437610108531 0.3186875873015331 6.109475846204832e-05
2 17 2114.5898388601076 34.58437610108531 0.3186875873015331 6.109475846204832e-05
2 18 2114.5898388601076 34.58437610108531 0.3186875873015331 6.109475846204832e-05
2 19 2013.369349457316 41.7720698473416 1.0423386104398693 2.998113632034953e-05
2 20 2013.369349457316 41.7720698473416 1.0423386104398693 2.998113632034953e-05
2 21 2013.369349457316 41.7720698473416 1.0423386104398693 2.998113632034953e-05
2 22 2013.369349457316 41.7720698473416 1.0423386104398693 2.998113632034953e-05
2 23 2013.369349457316 41.7720698473416 1.0423386104398693 2.998113632034953e-05
2 24 2013.369349457316 41.7720698473416 1.0423386104398693 2.998113632034953e-05
2 25 2073.0228309474223 36.0414172102936 0.36899856210423565 6.502866745035365e-05
2 26 2073.0228309474223 36.0414172102936 0.36899856210423565 6.502866745035365e-05
2 27 2073.0228309474223 36.0414172102936 0.36899856210423565 6.502866745035365e-05
2 28 2073.0228309474223 36.0414172102936 0.36899856210423565 6.502866745035365e-05
2 29 2073.0228309474223 36.0414172102936 0.36899856210423565 6.502866745035365e-05
2 30 2087.2109911083767 35.11255924039031 0.33330457062704133 7.933380119335768e-05
2 31 2087.2109911083767 35.11255924039031 0.33330457062704133 7.933380119335768e-05
2 32 2087.2109911083767 35.11255924039031 0.33330457062704133 7.933380119335768e-05
2 33 2087.2109911083767 35.11255924039031 0.33330457062704133 7.933380119335768e-05
2 34 2080.51423627303 35.06342310665735 0.2641147665298247 0.00012332200829739238
2 35 2080.51423627303 35.06342310665735 0.2641147665298247 0.00012332200829739238
2 36 2080.51423627303 35.06342310665735 0.2641147665298247 0.00012332200829739238
2 37 2080.51423627303 35.06342310665735 0.2641147665298247 0.00012332200829739238
2 38 2080.51423627303 35.06342310665735 0.2641147665298247 0.00012332200829739238
2 39 2080.51423627303 35.06342310665735 0.2641147665298247 0.00012332200829739238
2 40 2089.886977087343 34.57193055617664 0.2144265210856134 0.0001019835473171657
2 41 2089.886977087343 34.57193055617664 0.2144265210856134 0.0001019835473171657
2 42 2089.886977087343 34.57193055617664 0.2144265210856134 0.0001019835473171657
2 43 2089.886977087343 34.57193055617664 0.2144265210856134 0.0001019835473171657
2 44 2089.886977087343 34.57193055617664 0.2144265210856134 0.0001019835473171657
2 45 2089.886977087343 34.57193055617664 0.2144265210856134 0.0001019835473171657
2 46 2087.6584260020995 35.22295035085914 0.2910078349324849 0.00012081861523255546
2 47 2087.6584260020995 35.22295035085914 0.2910078349324849 0.00012081861523255546
2 48 2087.6584260020995 35.22295035085914 0.2910078349324849 0.00012081861523255546
2 49 2087.6584260020995 35.22295035085914 0.2910078349324849 0.00012081861523255546
2 50 2087.6584260020995 35.22295035085914 0.2910078349324849 0.00012081861523255546
2 51 2087.6584260020995 35.22295035085914 0.2910078349324849 0.00012081861523255546
2 52 2087.6584260020995 35.22295035085914 0.2910078349324849 0.00012081861523255546
2 53 2087.6584260020995 35.22295035085914 0.2910078349324849 0.00012081861523255546
2 54 2125.045755504175 34.45226345218699 0.22543896897493937 7.063150125588354e-05
2 55 2125.045755504175 34.45226345218699 0.22543896897493937 7.063150125588354e-05
3 0 3465.818440407913 38.75525396336414 0.25985975619746027 4.047155481813358e-05
3 1 3465.818440407913 38.75525396336414 0.25985975619746027 4.047155481813358e-05
3 2 3411.5934932644186 44.81777446986793 1.1982279656697352 0.00018745660733220115
3 3 3411.5934932644186 44.81777446986793 1.1982279656697352 0.00018745660733220115
3 4 3411.5934932644186 44.81777446986793 1.1982279656697352 0.00018745660733220115
3 5 3411.5934932644186 44.81777446986793 1.1982279656697352 0.00018745660733220115
3 6 3411.5934932644186 44.81777446986793 1.1982279656697352 0.00018745660733220115
3 7 3411.5934932644186 44.81777446986793 1.1982279656697352 0.00018745660733220115
3 8 3454.9324630594783 40.0169040916101 0.403972878296904 6.502866692767325e-05
3 9 3454.9324630594783 40.0169040916101 0.403972878296904 6.502866692767325e-05
3 10 3454.9324630594783 40.0169040916101 0.403972878296904 6.502866692767325e-05
3 11 3454.9324630594783 40.0169040916101 0.403972878296904 6.502866692767325e-05
3 12 3454.9324630594783 40.0169040916101 0.403972878296904 6.502866692767325e-05
3 13 3454.9324630594783 40.0169040916101 0.403972878296904 6.502866692767325e-05
3 14 3492.973825723343 36.85864331296161 -0.0861416480638601 0.0001332163769464284
3 15 3492.973825723343 36.85864331296161 -0.0861416480638601 0.0001332163769464284
3 16 3492.973825723343 36.85864331296161 -0.0861416480638601 0.0001332163769464284
3 17 3492.973825723343 36.85864331296161 -0.0861416480638601 0.0001332163769464284
3 18 3492.973825723343 36.85864331296161 -0.0861416480638601 0.0001332163769464284
3 19 3477.1508945871724 37.57918826779937 0.11139946400366094 6.83519930592038e-05
3 20 3477.1508945871724 37.57918826779937 0.11139946400366094 6.83519930592038e-05
3 21 3477.1508945871724 37.57918826779937 0.11139946400366094 6.83519930592038e-05
3 22 3477.1508945871724 37.57918826779937 0.11139946400366094 6.83519930592038e-05
3 23 3477.1508945871724 37.57918826779937 0.11139946400366094 6.83519930592038e-05
3 24 3477.1508945871724 37.57918826779937 0.11139946400366094 6.83519930592038e-05
3 25 3473.9178413800405 38.15821931462247 0.18825439801502658 0.00011771917253476412
3 26 3473.9178413800405 38.15821931462247 0.18825439801502658 0.00011771917253476412
3 27 3473.9178413800405 38.15821931462247 0.18825439801502658 0.00011771917253476412
3 28 3473.9178413800405 38.15821931462247 0.18825439801502658 0.00011771917253476412
3 29 3473.9178413800405 38.15821931462247 0.18825439801502658 0.00011771917253476412
3 30 3486.3737557100003 36.34990496286751 0.30884792024429564 4.4763095961616696e-05
3 31 3486.3737557100003 36.34990496286751 0.30884792024429564 4.4763095961616696e-05
3 32 3486.3737557100003 36.34990496286751 0.30884792024429564 4.4763095961616696e-05
3 33 3486.3737557100003 36.34990496286751 0.30884792024429564 4.4763095961616696e-05
3 34 3465.7912983699916 38.32738270992827 0.30236490849450903 7.810219086961875e-05
3 35 3465.7912983699916 38.32738270992827 0.30236490849450903 7.810219086961875e-05
3 36 3465.7912983699916 38.32738270992827 0.30236490849450903 7.810219086961875e-05
3 37 3465.7912983699916 38.32738270992827 0.30236490849450903 7.810219086961875e-05
3 38 3465.7912983699916 38.32738270992827 0.30236490849450903 7.810219086961875e-05
3 39 3465.7912983699916 38.32738270992827 0.30236490849450903 7.810219086961875e-05
3 40 3484.249081641545 37.46113632960437 0.0010370131523213164 -8.79167663002147e-06
3 41 3484.249081641545 37.46113632960437 0.0010370131523213164 -8.79167663002147e-06
3 42 3484.249081641545 37.46113632960437 0.0010370131523213164 -8.79167663002147e-06
3 43 3484.249081641545 37.46113632960437 0.0010370131523213164 -8.79167663002147e-06
3 44 3484.249081641545 37.46113632960437 0.0010370131523213164 -8.79167663002147e-06
3 45 3484.249081641545 37.46113632960437 0.0010370131523213164 -8.79167663002147e-06
3 46 3481.786197098375 37.58006431476353 0.0541930380858186 4.369020441227446e-05
3 47 3481.786197098375 37.58006431476353 0.0541930380858186 4.369020441227446e-05
3 48 3481.786197098375 37.58006431476353 0.0541930380858186 4.369020441227446e-05
3 49 3481.786197098375 37.58006431476353 0.0541930380858186 4.369020441227446e-05
3 50 3481.786197098375 37.58006431476353 0.0541930380858186 4.369020441227446e-05
3 51 3481.786197098375 37.58006431476353 0.0541930380858186 4.369020441227446e-05
3 52 3481.786197098375 37.58006431476353 0.0541930380858186 4.369020441227446e-05
3 53 3481.786197098375 37.58006431476353 0.0541930380858186 4.369020441227446e-05
3 54 3472.5698017457507 38.14133154883054 0.14681519841177243 -3.8486867930322465e-05
3 55 3472.5698017457507 38.14133154883054 0.14681519841177243 -3.8486867930322465e-05
4 0 2206.4750195285837 46.448706635340365 0.17098367572967038 -3.5256147430856114e-05
4 1 2206.4750195285837 46.448706635340365 0.17098367572967038 -3.5256147430856114e-05
4 2 1810.70939748762 47.65839116453293 0.6637300027358934 -0.0001269385751243211
4 3 1810.70939748762 47.65839116453293 0.6637300027358934 -0.0001269385751243211
4 4 1810.70939748762 47.65839116453293 0.6637300027358934 -0.0001269385751243211
4 5 1810.70939748762 47.65839116453293 0.6637300027358934 -0.0001269385751243211
4 6 1810.70939748762 47.65839116453293 0.6637300027358934 -0.0001269385751243211
4 7 1810.70939748762 47.65839116453293 0.6637300027358934 -0.0001269385751243211
4 8 1870.889920133142 56.051697990944014 1.448445799554164 -0.00018969178174044465
4 9 1870.889920133142 56.051697990944014 1.448445799554164 -0.00018969178174044465
4 10 1870.889920133142 56.051697990944014 1.448445799554164 -0.00018969178174044465
4 11 1870.889920133142 56.051697990944014 1.448445799554164 -0.00018969178174044465
4 12 1870.889920133142 56.051697990944014 1.448445799554164 -0.00018969178174044465
4 13 1870.889920133142 56.051697990944014 1.448445799554164 -0.00018969178174044465
4 14 1915.9980238389353 57.63106783110321 1.4139604789723 -0.00016280981244549427
4 15 1915.9980238389353 57.63106783110321 1.4139604789723 -0.00016280981244549427
4 16 1915.9980238389353 57.63106783110321 1.4139604789723 -0.00016280981244549427
4 17 1915.9980238389353 57.63106783110321 1.4139604789723 -0.00016280981244549427
4 18 1915.9980238389353 57.63106783110321 1.4139604789723 -0.00016280981244549427
4 19 1832.870070831802 44.98346175091666 0.41257655314034336 1.2334977279152271e-05
4 20 1832.870070831802 44.98346175091666 0.41257655314034336 1.2334977279152271e-05
4 21 1832.870070831802 44.98346175091666 0.41257655314034336 1.2334977279152271e-05
4 22 1832.870070831802 44.98346175091666 0.41257655314034336 1.2334977279152271e-05
4 23 1832.870070831802 44.98346175091666 0.41257655314034336 1.2334977279152271e-05
4 24 1832.870070831802 44.98346175091666 0.41257655314034336 1.2334977279152271e-05
4 25 1969.8655108619473 57.824934896763814 0.7762226600670296 0.0001956820483898714
4 26 1969.8655108619473 57.824934896763814 0.7762226600670296 0.0001956820483898714
4 27 1969.8655108619473 57.824934896763814 0.7762226600670296 0.0001956820483898714
4 28 1969.8655108619473 57.824934896763814 0.7762226600670296 0.0001956820483898714
4 29 1969.8655108619473 57.824934896763814 0.7762226600670296 0.0001956820483898714
4 30 2366.595887986152 40.006235356383876 -0.09999708503437618 0.0001114010811320715
4 31 2366.595887986152 40.006235356383876 -0.09999708503437618 0.0001114010811320715
4 32 2366.595887986152 40.006235356383876 -0.09999708503437618 0.0001114010811320715
4 33 2366.595887986152 40.006235356383876 -0.09999708503437618 0.0001114010811320715
4 34 1996.5465020148529 44.36944277489391 -0.2580610028686504 0.00010925531381173465
4 35 1996.5465020148529 44.36944277489391 -0.2580610028686504 0.00010925531381173465
4 36 1996.5465020148529 44.36944277489391 -0.2580610028686504 0.00010925531381173465
4 37 1996.5465020148529 44.36944277489391 -0.2580610028686504 0.00010925531381173465
4 38 1996.5465020148529 44.36944277489391 -0.2580610028686504 0.00010925531381173465
4 39 1996.5465020148529 44.36944277489391 -0.2580610028686504 0.00010925531381173465
4 40 1955.8321809818096 42.3715548240458 -0.8091641678419883 3.0696391975089816e-05
4 41 1955.8321809818096 42.3715548240458 -0.8091641678419883 3.0696391975089816e-05
4 42 1955.8321809818096 42.3715548240458 -0.8091641678419883 3.0696391975089816e-05
4 43 1955.8321809818096 42.3715548240458 -0.8091641678419883 3.0696391975089816e-05
4 44 1955.8321809818096 42.3715548240458 -0.8091641678419883 3.0696391975089816e-05
4 45 1955.8321809818096 42.3715548240458 -0.8091641678419883 3.0696391975089816e-05
4 46 1818.636297702092 46.22338845993495 0.588658507753111 0.00013655424045895976
4 47 1818.636297702092 46.22338845993495 0.588658507753111 0.00013655424045895976
4 48 1818.636297702092 46.22338845993495 0.588658507753111 0.00013655424045895976
4 49 1818.636297702092 46.22338845993495 0.588658507753111 0.00013655424045895976
4 50 1818.636297702092 46.22338845993495 0.588658507753111 0.00013655424045895976
4 51 1818.636297702092 46.22338845993495 0.588658507753111 0.00013655424045895976
4 52 1818.636297702092 46.22338845993495 0.588658507753111 0.00013655424045895976
4 53 1818.636297702092 46.22338845993495 0.588658507753111 0.00013655424045895976
4 54 1871.5614587540747 42.50313576572437 -0.007192407271824795 0.00022190809202950933
4 55 1871.5614587540747 42.50313576572437 -0.007192407271824795 0.00022190809202950933
5 0 2433.1807446669104 39.67406053177671 0.24703435915038752 3.83258017165153e-05
5 1 2433.1807446669104 39.67406053177671 0.24703435915038752 3.83258017165153e-05
5 2 2401.457985777027 35.214001604228216 -1.5361234854261565 0.00010961266312200377
5 3 2401.457985777027 35.214001604228216 -1.5361234854261565 0.00010961266312200377
5 4 2401.457985777027 35.214001604228216 -1.5361234854261565 0.00010961266312200377
5 5 2401.457985777027 35.214001604228216 -1.5361234854261565 0.00010961266312200377
5 6 2401.457985777027 35.214001604228216 -1.5361234854261565 0.00010961266312200377
5 7 2401.457985777027 35.214001604228216 -1.5361234854261565 0.00010961266312200377
5 8 2488.755614173383 40.46230651544458 0.4945189152973197 2.4259089345605627e-05
5 9 2488.755614173383 40.46230651544458 0.4945189152973197 2.4259089345605627e-05
5 10 2488.755614173383 40.46230651544458 0.4945189152973197 2.4259089345605627e-05
5 11 2488.755614173383 40.46230651544458 0.4945189152973197 2.4259089345605627e-05
5 12 2488.755614173383 40.46230651544458 0.4945189152973197 2.4259089345605627e-05
5 13 2488.755614173383 40.46230651544458 0.4945189152973197 2.4259089345605627e-05
5 14 2389.219073624721 39.219459412587135 0.15615726799920182 -4.073975546849312e-05
5 15 2389.219073624721 39.219459412587135 0.15615726799920182 -4.073975546849312e-05
5 16 2389.219073624721 39.219459412587135 0.15615726799920182 -4.073975546849312e-05
5 17 2389.219073624721 39.219459412587135 0.15615726799920182 -4.073975546849312e-05
5 18 2389.219073624721 39.219459412587135 0.15615726799920182 -4.073975546849312e-05
5 19 2405.94916419963 39.05448820768463 0.11084494651640528 5.847215855633983e-05
5 20 2405.94916419963 39.05448820768463 0.11084494651640528 5.847215855633983e-05
5 21 2405.94916419963 39.05448820768463 0.11084494651640528 5.847215855633983e-05
5 22 2405.94916419963 39.05448820768463 0.11084494651640528 5.847215855633983e-05
5 23 2405.94916419963 39.05448820768463 0.11084494651640528 5.847215855633983e-05
5 24 2405.94916419963 39.05448820768463 0.11084494651640528 5.847215855633983e-05
5 25 2426.8138612326256 40.36905462882079 0.4358592352197961 0.00011330842970915765
5 26 2426.8138612326256 40.36905462882079 0.4358592352197961 0.00011330842970915765
5 27 2426.8138612326256 40.36905462882079 0.4358592352197961 0.00011330842970915765
5 28 2426.8138612326256 40.36905462882079 0.4358592352197961 0.00011330842970915765
5 29 2426.8138612326256 40.36905462882079 0.4358592352197961 0.00011330842970915765
5 30 2437.217131235199 38.639168353805125 0.0791930051376973 0.00017625093697184633
5 31 2437.217131235199 38.639168353805125 0.0791930051376973 0.00017625093697184633
5 32 2437.217131235199 38.639168353805125 0.0791930051376973 0.00017625093697184633
5 33 2437.217131235199 38.639168353805125 0.0791930051376973 0.00017625093697184633
5 34 2414.2776918402833 39.03453234171125 0.17125316222932915 2.4735315000947208e-05
5 35 2414.2776918402833 39.03453234171125 0.17125316222932915 2.4735315000947208e-05
5 36 2414.2776918402833 39.03453234171125 0.17125316222932915 2.4735315000947208e-05
5 37 2414.2776918402833 39.03453234171125 0.17125316222932915 2.4735315000947208e-05
5 38 2414.2776918402833 39.03453234171125 0.17125316222932915 2.4735315000947208e-05
5 39 2414.2776918402833 39.03453234171125 0.17125316222932915 2.4735315000947208e-05
5 40 2403.3466101536687 39.04268270642616 0.0778602798478539 4.571676359873145e-05
5 41 2403.3466101536687 39.04268270642616 0.0778602798478539 4.571676359873145e-05
5 42 2403.3466101536687 39.04268270642616 0.0778602798478539 4.571676359873145e-05
5 43 2403.3466101536687 39.04268270642616 0.0778602798478539 4.571676359873145e-05
5 44 2403.3466101536687 39.04268270642616 0.0778602798478539 4.571676359873145e-05
5 45 2403.3466101536687 39.04268270642616 0.0778602798478539 4.571676359873145e-05
5 46 2405.2988660992914 37.93143527308881 -0.1532042964015734 9.053945601503779e-05
5 47 2405.2988660992914 37.93143527308881 -0.1532042964015734 9.053945601503779e-05
5 48 2405.2988660992914 37.93143527308881 -0.1532042964015734 9.053945601503779e-05
5 49 2405.2988660992914 37.93143527308881 -0.1532042964015734 9.053945601503779e-05
5 50 2405.2988660992914 37.93143527308881 -0.1532042964015734 9.053945601503779e-05
5 51 2405.2988660992914 37.93143527308881 -0.1532042964015734 9.053945601503779e-05
5 52 2405.2988660992914 37.93143527308881 -0.1532042964015734 9.053945601503779e-05
5 53 2405.2988660992914 37.93143527308881 -0.1532042964015734 9.053945601503779e-05
5 54 2404.552726798225 39.65834364638513 0.2194111702120114 6.377701234169681e-06
5 55 2404.552726798225 39.65834364638513 0.2194111702120114 6.377701234169681e-06
6 0 745.4345092285603 475.87996709949005 -1.8640163451773657 -0.0002012439594057199
6 1 745.4345092285603 475.87996709949005 -1.8640163451773657 -0.0002012439594057199
6 2 830.6072241668767 145.2616826638149 -1.2243875662927777 0.00011617563137484061
6 3 830.6072241668767 145.2616826638149 -1.2243875662927777 0.00011617563137484061
6 4 830.6072241668767 145.2616826638149 -1.2243875662927777 0.00011617563137484061
6 5 830.6072241668767 145.2616826638149 -1.2243875662927777 0.00011617563137484061
6 6 830.6072241668767 145.2616826638149 -1.2243875662927777 0.00011617563137484061
6 7 830.6072241668767 145.2616826638149 -1.2243875662927777 0.00011617563137484061
6 8 894.5378976586086 257.65876125870625 -1.6124837522288131 9.638075230141604e-05
6 9 894.5378976586086 257.65876125870625 -1.6124837522288131 9.638075230141604e-05
6 10 894.5378976586086 257.65876125870625 -1.6124837522288131 9.638075230141604e-05
6 11 894.5378976586086 257.65876125870625 -1.6124837522288131 9.638075230141604e-05
6 12 894.5378976586086 257.65876125870625 -1.6124837522288131 9.638075230141604e-05
6 13 894.5378976586086 257.65876125870625 -1.6124837522288131 9.638075230141604e-05
6 14 857.4222530978147 246.48476365101504 -1.2035334644738533 0.00014513737820737654
6 15 857.4222530978147 246.48476365101504 -1.2035334644738533 0.00014513737820737654
6 16 857.4222530978147 246.48476365101504 -1.2035334644738533 0.00014513737820737654
6 17 857.4222530978147 246.48476365101504 -1.2035334644738533 0.00014513737820737654
6 18 857.4222530978147 246.48476365101504 -1.2035334644738533 0.00014513737820737654
6 19 834.8614247690596 283.95026339651434 -0.9925526887307154 0.0007303357070858529
6 20 834.8614247690596 283.95026339651434 -0.9925526887307154 0.0007303357070858529
6 21 834.8614247690596 283.95026339651434 -0.9925526887307154 0.0007303357070858529
6 22 834.8614247690596 283.95026339651434 -0.9925526887307154 0.0007303357070858529
6 23 834.8614247690596 283.95026339651434 -0.9925526887307154 0.0007303357070858529
6 24 834.8614247690596 283.95026339651434 -0.9925526887307154 0.0007303357070858529
6 25 892.795614324572 260.2878541833993 -1.1207339956858489 0.0006851553166396891
6 26 892.795614324572 260.2878541833993 -1.1207339956858489 0.0006851553166396891
6 27 892.795614324572 260.2878541833993 -1.1207339956858489 0.0006851553166396891
6 28 892.795614324572 260.2878541833993 -1.1207339956858489 0.0006851553166396891
6 29 892.795614324572 260.2878541833993 -1.1207339956858489 0.0006851553166396891
6 30 762.1941453750941 265.5462071953454 0.2961932161601757 0.00022894138087645454
6 31 762.1941453750941 265.5462071953454 0.2961932161601757 0.00022894138087645454
6 32 762.1941453750941 265.5462071953454 0.2961932161601757 0.00022894138087645454
6 33 762.1941453750941 265.5462071953454 0.2961932161601757 0.00022894138087645454
6 34 842.7672332956065 272.1191861857749 0.398609714162506 -0.00045838959138417223
6 35 842.7672332956065 272.1191861857749 0.398609714162506 -0.00045838959138417223
6 36 842.7672332956065 272.1191861857749 0.398609714162506 -0.00045838959138417223
6 37 842.7672332956065 272.1191861857749 0.398609714162506 -0.00045838959138417223
6 38 842.7672332956065 272.1191861857749 0.398609714162506 -0.00045838959138417223
6 39 842.7672332956065 272.1191861857749 0.398609714162506 -0.00045838959138417223
6 40 777.1046253218049 418.67692713083323 -1.300254647688217 -2.476573078864008e-05
6 41 777.1046253218049 418.67692713083323 -1.300254647688217 -2.476573078864008e-05
6 42 777.1046253218049 418.67692713083323 -1.300254647688217 -2.476573078864008e-05
6 43 777.1046253218049 418.67692713083323 -1.300254647688217 -2.476573078864008e-05
6 44 777.1046253218049 418.67692713083323 -1.300254647688217 -2.476573078864008e-05
6 45 777.1046253218049 418.67692713083323 -1.300254647688217 -2.476573078864008e-05
6 46 1163.2885314358455 124.97870668183016 0.25117689471082777 -2.2863055901871363e-05
6 47 1163.2885314358455 124.97870668183016 0.25117689471082777 -2.2863055901871363e-05
6 48 1163.2885314358455 124.97870668183016 0.25117689471082777 -2.2863055901871363e-05
6 49 1163.2885314358455 124.97870668183016 0.25117689471082777 -2.2863055901871363e-05
6 50 1163.2885314358455 124.97870668183016 0.25117689471082777 -2.2863055901871363e-05
6 51 1163.2885314358455 124.97870668183016 0.25117689471082777 -2.2863055901871363e-05
6 52 1163.2885314358455 124.97870668183016 0.25117689471082777 -2.2863055901871363e-05
6 53 1163.2885314358455 124.97870668183016 0.25117689471082777 -2.2863055901871363e-05
6 54 789.4933241035153 1119.9980052681399 0.8709703323204482 0.0007848143576031664
6 55 789.4933241035153 1119.9980052681399 0.8709703323204482 0.0007848143576031664
7 0 385.2336214880332 425.3093437752667 0.647332582293725 -0.00035167010023692775
7 1 385.2336214880332 425.3093437752667 0.647332582293725 -0.00035167010023692775
7 2 381.04489381227995 336.0216711103477 0.1521698119794566 -0.00028792023673680463
7 3 381.04489381227995 336.0216711103477 0.1521698119794566 -0.00028792023673680463
7 4 381.04489381227995 336.0216711103477 0.1521698119794566 -0.00028792023673680463
7 5 381.04489381227995 336.0216711103477 0.1521698119794566 -0.00028792023673680463
7 6 381.04489381227995 336.0216711103477 0.1521698119794566 -0.00028792023673680463
7 7 381.04489381227995 336.0216711103477 0.1521698119794566 -0.00028792023673680463
7 8 377.15553131684743 258.91284703453783 0.5091531509970171 0.00012239553744547018
7 9 377.15553131684743 258.91284703453783 0.5091531509970171 0.00012239553744547018
7 10 377.15553131684743 258.91284703453783 0.5091531509970171 0.00012239553744547018
7 11 377.15553131684743 258.91284703453783 0.5091531509970171 0.00012239553744547018
7 12 377.15553131684743 258.91284703453783 0.5091531509970171 0.00012239553744547018
7 13 377.15553131684743 258.91284703453783 0.5091531509970171 0.00012239553744547018
7 14 369.6781125128979 264.90317408765964 -0.07388474513100303 -0.00030693451849048744
7 15 369.6781125128979 264.90317408765964 -0.07388474513100303 -0.00030693451849048744
7 16 369.6781125128979 264.90317408765964 -0.07388474513100303 -0.00030693451849048744
7 17 369.6781125128979 264.90317408765964 -0.07388474513100303 -0.00030693451849048744
7 18 369.6781125128979 264.90317408765964 -0.07388474513100303 -0.00030693451849048744
7 19 371.3283018877627 268.8966675547373 0.22781597669400394 -0.00036570428874468404
7 20 371.3283018877627 268.8966675547373 0.22781597669400394 -0.00036570428874468404
7 21 371.3283018877627 268.8966675547373 0.22781597669400394 -0.00036570428874468404
7 22 371.3283018877627 268.8966675547373 0.22781597669400394 -0.00036570428874468404
7 23 371.3283018877627 268.8966675547373 0.22781597669400394 -0.00036570428874468404
7 24 371.3283018877627 268.8966675547373 0.22781597669400394 -0.00036570428874468404
7 25 375.9139509678035 246.2667949535726 -0.17213829270361136 -0.00019332771304114466
7 26 375.9139509678035 246.2667949535726 -0.17213829270361136 -0.00019332771304114466
7 27 375.9139509678035 246.2667949535726 -0.17213829270361136 -0.00019332771304114466
7 28 375.9139509678035 246.2667949535726 -0.17213829270361136 -0.00019332771304114466
7 29 375.9139509678035 246.2667949535726 -0.17213829270361136 -0.00019332771304114466
7 30 388.6443918516874 394.0267944324705 0.37917723741023623 -0.0002060830583729185
7 31 388.6443918516874 394.0267944324705 0.37917723741023623 -0.0002060830583729185
7 32 388.6443918516874 394.0267944324705 0.37917723741023623 -0.0002060830583729185
7 33 388.6443918516874 394.0267944324705 0.37917723741023623 -0.0002060830583729185
7 34 384.82219949821035 312.1596288623465 0.8038176429853604 0.00010222201869742962
7 35 384.82219949821035 312.1596288623465 0.8038176429853604 0.00010222201869742962
7 36 384.82219949821035 312.1596288623465 0.8038176429853604 0.00010222201869742962
7 37 384.82219949821035 312.1596288623465 0.8038176429853604 0.00010222201869742962
7 38 384.82219949821035 312.1596288623465 0.8038176429853604 0.00010222201869742962
7 39 384.82219949821035 312.1596288623465 0.8038176429853604 0.00010222201869742962
7 40 369.32325872130446 264.9031150050989 -0.32161744017281496 8.004926206311068e-05
7 41 369.32325872130446 264.9031150050989 -0.32161744017281496 8.004926206311068e-05
7 42 369.32325872130446 264.9031150050989 -0.32161744017281496 8.004926206311068e-05
7 43 369.32325872130446 264.9031150050989 -0.32161744017281496 8.004926206311068e-05
7 44 369.32325872130446 264.9031150050989 -0.32161744017281496 8.004926206311068e-05
7 45 369.32325872130446 264.9031150050989 -0.32161744017281496 8.004926206311068e-05
7 46 377.79631083007195 288.86420521348464 0.980865976463261 7.802247944484796e-05
7 47 377.79631083007195 288.86420521348464 0.980865976463261 7.802247944484796e-05
7 48 377.79631083007195 288.86420521348464 0.980865976463261 7.802247944484796e-05
7 49 377.79631083007195 288.86420521348464 0.980865976463261 7.802247944484796e-05
7 50 377.79631083007195 288.86420521348464 0.980865976463261 7.802247944484796e-05
7 51 377.79631083007195 288.86420521348464 0.980865976463261 7.802247944484796e-05
7 52 377.79631083007195 288.86420521348464 0.980865976463261 7.802247944484796e-05
7 53 377.79631083007195 288.86420521348464 0.980865976463261 7.802247944484796e-05
7 54 524.9889468716094 139.10714998671364 1.5640616835662688 0.00015848894527276103
7 55 524.9889468716094 139.10714998671364 1.5640616835662688 0.00015848894527276103
8 0 306.52288108196024 507.42724305257184 -8.991701704446582 -0.0026397412526909456
8 1 306.52288108196024 507.42724305257184 -8.991701704446582 -0.0026397412526909456
8 2 358.87342039901193 194.07566548505906 1.9005443957117434 -0.0006277262301736253
8 3 358.87342039901193 194.07566548505906 1.9005443957117434 -0.0006277262301736253
8 4 358.87342039901193 194.07566548505906 1.9005443957117434 -0.0006277262301736253
8 5 358.87342039901193 194.07566548505906 1.9005443957117434 -0.0006277262301736253
8 6 358.87342039901193 194.07566548505906 1.9005443957117434 -0.0006277262301736253
8 7 358.87342039901193 194.07566548505906 1.9005443957117434 -0.0006277262301736253
8 8 509.1481117583106 153.33039700852822 -1.180532004140102 -0.0004906356335980495
8 9 509.1481117583106 153.33039700852822 -1.180532004140102 -0.0004906356335980495
8 10 509.1481117583106 153.33039700852822 -1.180532004140102 -0.0004906356335980495
8 11 509.1481117583106 153.33039700852822 -1.180532004140102 -0.0004906356335980495
8 12 509.1481117583106 153.33039700852822 -1.180532004140102 -0.0004906356335980495
8 13 509.1481117583106 153.33039700852822 -1.180532004140102 -0.0004906356335980495
8 14 358.4567918282788 287.7442616460247 -2.9957608978022066 -0.0011044443784249793
8 15 358.4567918282788 287.7442616460247 -2.9957608978022066 -0.0011044443784249793
8 16 358.4567918282788 287.7442616460247 -2.9957608978022066 -0.0011044443784249793
8 17 358.4567918282788 287.7442616460247 -2.9957608978022066 -0.0011044443784249793
8 18 358.4567918282788 287.7442616460247 -2.9957608978022066 -0.0011044443784249793
8 19 617.6057198838698 70.54585494843982 0.100817311985288 -7.101893456175377e-05
8 20 617.6057198838698 70.54585494843982 0.100817311985288 -7.101893456175377e-05
8 21 617.6057198838698 70.54585494843982 0.100817311985288 -7.101893456175377e-05
8 22 617.6057198838698 70.54585494843982 0.100817311985288 -7.101893456175377e-05
8 23 617.6057198838698 70.54585494843982 0.100817311985288 -7.101893456175377e-05
8 24 617.6057198838698 70.54585494843982 0.100817311985288 -7.101893456175377e-05
8 25 583.5125397263851 69.87252193695649 0.3718477533590101 -0.000502581995625915
8 26 583.5125397263851 69.87252193695649 0.3718477533590101 -0.000502581995625915
8 27 583.5125397263851 69.87252193695649 0.3718477533590101 -0.000502581995625915
8 28 583.5125397263851 69.87252193695649 0.3718477533590101 -0.000502581995625915
8 29 583.5125397263851 69.87252193695649 0.3718477533590101 -0.000502581995625915
8 30 585.7264257639994 69.00987282878222 0.2963531690196983 -0.0004954636901238093
8 31 585.7264257639994 69.00987282878222 0.2963531690196983 -0.0004954636901238093
8 32 585.7264257639994 69.00987282878222 0.2963531690196983 -0.0004954636901238093
8 33 585.7264257639994 69.00987282878222 0.2963531690196983 -0.0004954636901238093
8 34 429.04480763268856 124.14412978366738 -2.4407673041109064 1.8060207359403635e-05
8 35 429.04480763268856 124.14412978366738 -2.4407673041109064 1.8060207359403635e-05
8 36 429.04480763268856 124.14412978366738 -2.4407673041109064 1.8060207359403635e-05
8 37 429.04480763268856 124.14412978366738 -2.4407673041109064 1.8060207359403635e-05
8 38 429.04480763268856 124.14412978366738 -2.4407673041109064 1.8060207359403635e-05
8 39 429.04480763268856 124.14412978366738 -2.4407673041109064 1.8060207359403635e-05
8 40 471.11620429121655 85.03420869168147 -1.7988769931567363 -0.0001899898049965386
8 41 471.11620429121655 85.03420869168147 -1.7988769931567363 -0.0001899898049965386
8 42 471.11620429121655 85.03420869168147 -1.7988769931567363 -0.0001899898049965386
8 43 471.11620429121655 85.03420869168147 -1.7988769931567363 -0.0001899898049965386
8 44 471.11620429121655 85.03420869168147 -1.7988769931567363 -0.0001899898049965386
8 45 471.11620429121655 85.03420869168147 -1.7988769931567363 -0.0001899898049965386
8 46 329.8713971858223 160.51298084662457 -2.212141020218541 0.0013721585274834656
8 47 329.8713971858223 160.51298084662457 -2.212141020218541 0.0013721585274834656
8 48 329.8713971858223 160.51298084662457 -2.212141020218541 0.0013721585274834656
8 49 329.8713971858223 160.51298084662457 -2.212141020218541 0.0013721585274834656
8 50 329.8713971858223 160.51298084662457 -2.212141020218541 0.0013721585274834656
8 51 329.8713971858223 160.51298084662457 -2.212141020218541 0.0013721585274834656
8 52 329.8713971858223 160.51298084662457 -2.212141020218541 0.0013721585274834656
8 53 329.8713971858223 160.51298084662457 -2.212141020218541 0.0013721585274834656
8 54 271.6093068212501 398.92240671482847 0.6586257623311256 0.0019840598001926242
8 55 271.6093068212501 398.92240671482847 0.6586257623311256 0.0019840598001926242
9 0 260.95074960371767 233.56876550167857 0.9622400958469428 -0.0002913773047928263
9 1 260.95074960371767 233.56876550167857 0.9622400958469428 -0.0002913773047928263
9 2 581.5602112652286 127.67308563841254 0.00048755739057973756 0.001669108868479085
9 3 581.5602112652286 127.67308563841254 0.00048755739057973756 0.001669108868479085
9 4 581.5602112652286 127.67308563841254 0.00048755739057973756 0.001669108868479085
9 5 581.5602112652286 127.67308563841254 0.00048755739057973756 0.001669108868479085
9 6 581.5602112652286 127.67308563841254 0.00048755739057973756 0.001669108868479085
9 7 581.5602112652286 127.67308563841254 0.00048755739057973756 0.001669108868479085
9 8 259.43225064924394 279.6846073597293 -2.1062211565285183 4.979931432011471e-05
9 9 259.43225064924394 279.6846073597293 -2.1062211565285183 4.979931432011471e-05
9 10 259.43225064924394 279.6846073597293 -2.1062211565285183 4.979931432011471e-05
9 11 259.43225064924394 279.6846073597293 -2.1062211565285183 4.979931432011471e-05
9 12 259.43225064924394 279.6846073597293 -2.1062211565285183 4.979931432011471e-05
9 13 259.43225064924394 279.6846073597293 -2.1062211565285183 4.979931432011471e-05
9 14 319.18882921776947 273.792540883558 0.41942555944937976 3.069639213919865e-05
9 15 319.18882921776947 273.792540883558 0.41942555944937976 3.069639213919865e-05
9 16 319.18882921776947 273.792540883558 0.41942555944937976 3.069639213919865e-05
9 17 319.18882921776947 273.792540883558 0.41942555944937976 3.069639213919865e-05
9 18 319.18882921776947 273.792540883558 0.41942555944937976 3.069639213919865e-05
9 19 260.40618128009334 225.11195160023306 -0.9121759037532646 0.0003374321971032014
9 20 260.40618128009334 225.11195160023306 -0.9121759037532646 0.0003374321971032014
9 21 260.40618128009334 225.11195160023306 -0.9121759037532646 0.0003374321971032014
9 22 260.40618128009334 225.11195160023306 -0.9121759037532646 0.0003374321971032014
9 23 260.40618128009334 225.11195160023306 -0.9121759037532646 0.0003374321971032014
9 24 260.40618128009334 225.11195160023306 -0.9121759037532646 0.0003374321971032014
9 25 326.00104837146887 224.51789581254906 -1.54433498012619 0.0003722310065659081
9 26 326.00104837146887 224.51789581254906 -1.54433498012619 0.0003722310065659081
9 27 326.00104837146887 224.51789581254906 -1.54433498012619 0.0003722310065659081
9 28 326.00104837146887 224.51789581254906 -1.54433498012619 0.0003722310065659081
9 29 326.00104837146887 224.51789581254906 -1.54433498012619 0.0003722310065659081
9 30 304.4873979382478 203.36394503262318 -1.587354745472883 0.0003059505602020329
9 31 304.4873979382478 203.36394503262318 -1.587354745472883 0.0003059505602020329
9 32 304.4873979382478 203.36394503262318 -1.587354745472883 0.0003059505602020329
9 33 304.4873979382478 203.36394503262318 -1.587354745472883 0.0003059505602020329
9 34 274.30893825755925 201.23650189551475 -0.1115623401660899 -4.8130910010178264e-05
9 35 274.30893825755925 201.23650189551475 -0.1115623401660899 -4.8130910010178264e-05
9 36 274.30893825755925 201.23650189551475 -0.1115623401660899 -4.8130910010178264e-05
9 37 274.30893825755925 201.23650189551475 -0.1115623401660899 -4.8130910010178264e-05
9 38 274.30893825755925 201.23650189551475 -0.1115623401660899 -4.8130910010178264e-05
9 39 274.30893825755925 201.23650189551475 -0.1115623401660899 -4.8130910010178264e-05
9 40 264.42327879466563 384.73686994955983 2.05945963790977 -0.0011179264562115173
9 41 264.42327879466563 384.73686994955983 2.05945963790977 -0.0011179264562115173
9 42 264.42327879466563 384.73686994955983 2.05945963790977 -0.0011179264562115173
9 43 264.42327879466563 384.73686994955983 2.05945963790977 -0.0011179264562115173
9 44 264.42327879466563 384.73686994955983 2.05945963790977 -0.0011179264562115173
9 45 264.42327879466563 384.73686994955983 2.05945963790977 -0.0011179264562115173
9 46 635.6353331408566 212.15099986826465 -5.661346133840521 0.0018102353155585878
9 47 635.6353331408566 212.15099986826465 -5.661346133840521 0.0018102353155585878
9 48 635.6353331408566 212.15099986826465 -5.661346133840521 0.0018102353155585878
9 49 635.6353331408566 212.15099986826465 -5.661346133840521 0.0018102353155585878
9 50 635.6353331408566 212.15099986826465 -5.661346133840521 0.0018102353155585878
9 51 635.6353331408566 212.15099986826465 -5.661346133840521 0.0018102353155585878
9 52 635.6353331408566 212.15099986826465 -5.661346133840521 0.0018102353155585878
9 53 635.6353331408566 212.15099986826465 -5.661346133840521 0.0018102353155585878
9 54 316.81092159436 224.42980353437576 -2.9181740537608567 0.000857412848419104
9 55 316.81092159436 224.42980353437576 -2.9181740537608567 0.000857412848419104
10 0 336.89140660957395 71.80524824115571 1.9658266661911599 0.00015002482338384896
10 1 336.89140660957395 71.80524824115571 1.9658266661911599 0.00015002482338384896
10 2 320.6409354071808 62.13913602869265 1.2605469649879848 0.00024108113003429033
10 3 320.6409354071808 62.13913602869265 1.2605469649879848 0.00024108113003429033
10 4 320.6409354071808 62.13913602869265 1.2605469649879848 0.00024108113003429033
10 5 320.6409354071808 62.13913602869265 1.2605469649879848 0.00024108113003429033
10 6 320.6409354071808 62.13913602869265 1.2605469649879848 0.00024108113003429033
10 7 320.6409354071808 62.13913602869265 1.2605469649879848 0.00024108113003429033
10 8 355.94393481137274 118.06450199119105 1.9881044451768217 0.00011093591210159986
10 9 355.94393481137274 118.06450199119105 1.9881044451768217 0.00011093591210159986
10 10 355.94393481137274 118.06450199119105 1.9881044451768217 0.00011093591210159986
10 11 355.94393481137274 118.06450199119105 1.9881044451768217 0.00011093591210159986
10 12 355.94393481137274 118.06450199119105 1.9881044451768217 0.00011093591210159986
10 13 355.94393481137274 118.06450199119105 1.9881044451768217 0.00011093591210159986
10 14 275.7600557201804 229.6694679169399 0.3382318406790529 -2.47061252940441e-05
10 15 275.7600557201804 229.6694679169399 0.3382318406790529 -2.47061252940441e-05
10 16 275.7600557201804 229.6694679169399 0.3382318406790529 -2.47061252940441e-05
10 17 275.7600557201804 229.6694679169399 0.3382318406790529 -2.47061252940441e-05
10 18 275.7600557201804 229.6694679169399 0.3382318406790529 -2.47061252940441e-05
10 19 385.3997946546872 72.09685120541411 1.246347535700251 0.00037509202971759855
10 20 385.3997946546872 72.09685120541411 1.246347535700251 0.00037509202971759855
10 21 385.3997946546872 72.09685120541411 1.246347535700251 0.00037509202971759855
10 22 385.3997946546872 72.09685120541411 1.246347535700251 0.00037509202971759855
10 23 385.3997946546872 72.09685120541411 1.246347535700251 0.00037509202971759855
10 24 385.3997946546872 72.09685120541411 1.246347535700251 0.00037509202971759855
10 25 334.9580954366368 86.4566083208978 0.5349221298901707 0.00028067829093640466
10 26 334.9580954366368 86.4566083208978 0.5349221298901707 0.00028067829093640466
10 27 334.9580954366368 86.4566083208978 0.5349221298901707 0.00028067829093640466
10 28 334.9580954366368 86.4566083208978 0.5349221298901707 0.00028067829093640466
10 29 334.9580954366368 86.4566083208978 0.5349221298901707 0.00028067829093640466
10 30 281.5349578419846 198.47514731241006 -3.7553719437589708 0.00016027686584092922
10 31 281.5349578419846 198.47514731241006 -3.7553719437589708 0.00016027686584092922
10 32 281.5349578419846 198.47514731241006 -3.7553719437589708 0.00016027686584092922
10 33 281.5349578419846 198.47514731241006 -3.7553719437589708 0.00016027686584092922
10 34 277.00033443514064 201.1489324885726 -3.7006281862429127 0.00022071598521619185
10 35 277.00033443514064 201.1489324885726 -3.7006281862429127 0.00022071598521619185
10 36 277.00033443514064 201.1489324885726 -3.7006281862429127 0.00022071598521619185
10 37 277.00033443514064 201.1489324885726 -3.7006281862429127 0.00022071598521619185
10 38 277.00033443514064 201.1489324885726 -3.7006281862429127 0.00022071598521619185
10 39 277.00033443514064 201.1489324885726 -3.7006281862429127 0.00022071598521619185
10 40 372.87183606769986 71.15276888441218 -0.3987693090155291 0.0005219578710442685
10 41 372.87183606769986 71.15276888441218 -0.3987693090155291 0.0005219578710442685
10 42 372.87183606769986 71.15276888441218 -0.3987693090155291 0.0005219578710442685
10 43 372.87183606769986 71.15276888441218 -0.3987693090155291 0.0005219578710442685
10 44 372.87183606769986 71.15276888441218 -0.3987693090155291 0.0005219578710442685
10 45 372.87183606769986 71.15276888441218 -0.3987693090155291 0.0005219578710442685
10 46 367.71945806408235 83.75369852746636 -0.7719364072188468 0.0005413889882745612
10 47 367.71945806408235 83.75369852746636 -0.7719364072188468 0.0005413889882745612
10 48 367.71945806408235 83.75369852746636 -0.7719364072188468 0.0005413889882745612
10 49 367.71945806408235 83.75369852746636 -0.7719364072188468 0.0005413889882745612
10 50 367.71945806408235 83.75369852746636 -0.7719364072188468 0.0005413889882745612
10 51 367.71945806408235 83.75369852746636 -0.7719364072188468 0.0005413889882745612
10 52 367.71945806408235 83.75369852746636 -0.7719364072188468 0.0005413889882745612
10 53 367.71945806408235 83.75369852746636 -0.7719364072188468 0.0005413889882745612
10 54 321.486253325946 61.9571442285561 -0.34076337023221903 0.000394045795268639
10 55 321.486253325946 61.9571442285561 -0.34076337023221903 0.000394045795268639
11 0 218.5005159298451 309.3678367019272 0.7255748168499108 -0.0007753074141519335
11 1 218.5005159298451 309.3678367019272 0.7255748168499108 -0.0007753074141519335
11 2 220.87041938918702 190.7472980861623 1.7480783187762206 -0.0004535618615707941
11 3 220.87041938918702 190.7472980861623 1.7480783187762206 -0.0004535618615707941
11 4 220.87041938918702 190.7472980861623 1.7480783187762206 -0.0004535618615707941
11 5 220.87041938918702 190.7472980861623 1.7480783187762206 -0.0004535618615707941
11 6 220.87041938918702 190.7472980861623 1.7480783187762206 -0.0004535618615707941
11 7 220.87041938918702 190.7472980861623 1.7480783187762206 -0.0004535618615707941
11 8 215.16188331331114 142.53646490978466 -0.5394070422361434 0.0001492972568696191
11 9 215.16188331331114 142.53646490978466 -0.5394070422361434 0.0001492972568696191
11 10 215.16188331331114 142.53646490978466 -0.5394070422361434 0.0001492972568696191
11 11 215.16188331331114 142.53646490978466 -0.5394070422361434 0.0001492972568696191
11 12 215.16188331331114 142.53646490978466 -0.5394070422361434 0.0001492972568696191
11 13 215.16188331331114 142.53646490978466 -0.5394070422361434 0.0001492972568696191
11 14 215.37677553186757 68.5691411616531 -0.018881456904664536 0.00010055295035399204
11 15 215.37677553186757 68.5691411616531 -0.018881456904664536 0.00010055295035399204
11 16 215.37677553186757 68.5691411616531 -0.018881456904664536 0.00010055295035399204
11 17 215.37677553186757 68.5691411616531 -0.018881456904664536 0.00010055295035399204
11 18 215.37677553186757 68.5691411616531 -0.018881456904664536 0.00010055295035399204
11 19 215.29506076363685 132.75455732173378 0.3239216079044528 6.341660014496742e-05
11 20 215.29506076363685 132.75455732173378 0.3239216079044528 6.341660014496742e-05
11 21 215.29506076363685 132.75455732173378 0.3239216079044528 6.341660014496742e-05
11 22 215.29506076363685 132.75455732173378 0.3239216079044528 6.341660014496742e-05
11 23 215.29506076363685 132.75455732173378 0.3239216079044528 6.341660014496742e-05
11 24 215.29506076363685 132.75455732173378 0.3239216079044528 6.341660014496742e-05
11 25 216.15194781664286 183.06154806532396 -0.7892674839831807 0.00039438417369788085
11 26 216.15194781664286 183.06154806532396 -0.7892674839831807 0.00039438417369788085
11 27 216.15194781664286 183.06154806532396 -0.7892674839831807 0.00039438417369788085
11 28 216.15194781664286 183.06154806532396 -0.7892674839831807 0.00039438417369788085
11 29 216.15194781664286 183.06154806532396 -0.7892674839831807 0.00039438417369788085
11 30 220.2474031132324 133.33322407237057 -0.4781879281563945 -7.078051582223448e-05
11 31 220.2474031132324 133.33322407237057 -0.4781879281563945 -7.078051582223448e-05
11 32 220.2474031132324 133.33322407237057 -0.4781879281563945 -7.078051582223448e-05
11 33 220.2474031132324 133.33322407237057 -0.4781879281563945 -7.078051582223448e-05
11 34 222.75610847990689 114.90346942809985 -0.0634070114111892 -0.00011745085780785091
11 35 222.75610847990689 114.90346942809985 -0.0634070114111892 -0.00011745085780785091
11 36 222.75610847990689 114.90346942809985 -0.0634070114111892 -0.00011745085780785091
11 37 222.75610847990689 114.90346942809985 -0.0634070114111892 -0.00011745085780785091
11 38 222.75610847990689 114.90346942809985 -0.0634070114111892 -0.00011745085780785091
11 39 222.75610847990689 114.90346942809985 -0.0634070114111892 -0.00011745085780785091
11 40 216.94920774877465 194.2408705566075 -0.1604387580706757 0.00024729946342288815
11 41 216.94920774877465 194.2408705566075 -0.1604387580706757 0.00024729946342288815
11 42 216.94920774877465 194.2408705566075 -0.1604387580706757 0.00024729946342288815
11 43 216.94920774877465 194.2408705566075 -0.1604387580706757 0.00024729946342288815
11 44 216.94920774877465 194.2408705566075 -0.1604387580706757 0.00024729946342288815
11 45 216.94920774877465 194.2408705566075 -0.1604387580706757 0.00024729946342288815
11 46 218.49925329998817 215.20212386057037 1.751221346822736 0.00017485980121066138
11 47 218.49925329998817 215.20212386057037 1.751221346822736 0.00017485980121066138
11 48 218.49925329998817 215.20212386057037 1.751221346822736 0.00017485980121066138
11 49 218.49925329998817 215.20212386057037 1.751221346822736 0.00017485980121066138
11 50 218.49925329998817 215.20212386057037 1.751221346822736 0.00017485980121066138
11 51 218.49925329998817 215.20212386057037 1.751221346822736 0.00017485980121066138
11 52 218.49925329998817 215.20212386057037 1.751221346822736 0.00017485980121066138
11 53 218.49925329998817 215.20212386057037 1.751221346822736 0.00017485980121066138
11 54 219.29464175624477 87.3385226208334 -4.603347572530781 5.7753874748376694e-05
11 55 219.29464175624477 87.3385226208334 -4.603347572530781 5.7753874748376694e-05
12 0 178.8368283010901 40.991059105940565 0.228366278046286 0.00031262635404763126
12 1 178.8368283010901 40.991059105940565 0.228366278046286 0.00031262635404763126
12 2 156.62457375749278 49.178507261382535 1.5944833346760003 0.0001830458641107406
12 3 156.62457375749278 49.178507261382535 1.5944833346760003 0.0001830458641107406
12 4 156.62457375749278 49.178507261382535 1.5944833346760003 0.0001830458641107406
12 5 156.62457375749278 49.178507261382535 1.5944833346760003 0.0001830458641107406
12 6 156.62457375749278 49.178507261382535 1.5944833346760003 0.0001830458641107406
12 7 156.62457375749278 49.178507261382535 1.5944833346760003 0.0001830458641107406
12 8 156.29535145843926 31.298330288012917 -0.16612821620239496 7.298449036820091e-05
12 9 156.29535145843926 31.298330288012917 -0.16612821620239496 7.298449036820091e-05
12 10 156.29535145843926 31.298330288012917 -0.16612821620239496 7.298449036820091e-05
12 11 156.29535145843926 31.298330288012917 -0.16612821620239496 7.298449036820091e-05
12 12 156.29535145843926 31.298330288012917 -0.16612821620239496 7.298449036820091e-05
12 13 156.29535145843926 31.298330288012917 -0.16612821620239496 7.298449036820091e-05
12 14 182.29467363102086 44.539343510643846 0.4384673347071314 -0.0002627679566067168
12 15 182.29467363102086 44.539343510643846 0.4384673347071314 -0.0002627679566067168
12 16 182.29467363102086 44.539343510643846 0.4384673347071314 -0.0002627679566067168
12 17 182.29467363102086 44.539343510643846 0.4384673347071314 -0.0002627679566067168
12 18 182.29467363102086 44.539343510643846 0.4384673347071314 -0.0002627679566067168
12 19 168.0688188404721 50.90218332019498 1.926461186691029 -0.00014224644821896727
12 20 168.0688188404721 50.90218332019498 1.926461186691029 -0.00014224644821896727
12 21 168.0688188404721 50.90218332019498 1.926461186691029 -0.00014224644821896727
12 22 168.0688188404721 50.90218332019498 1.926461186691029 -0.00014224644821896727
12 23 168.0688188404721 50.90218332019498 1.926461186691029 -0.00014224644821896727
12 24 168.0688188404721 50.90218332019498 1.926461186691029 -0.00014224644821896727
12 25 157.4613454174663 38.51443297446159 0.34108187917973076 0.0003526806837684482
12 26 157.4613454174663 38.51443297446159 0.34108187917973076 0.0003526806837684482
12 27 157.4613454174663 38.51443297446159 0.34108187917973076 0.0003526806837684482
12 28 157.4613454174663 38.51443297446159 0.34108187917973076 0.0003526806837684482
12 29 157.4613454174663 38.51443297446159 0.34108187917973076 0.0003526806837684482
12 30 181.71688659405686 18.57695261314656 -0.022967189747372004 -7.60257405818791e-05
12 31 181.71688659405686 18.57695261314656 -0.022967189747372004 -7.60257405818791e-05
12 32 181.71688659405686 18.57695261314656 -0.022967189747372004 -7.60257405818791e-05
12 33 181.71688659405686 18.57695261314656 -0.022967189747372004 -7.60257405818791e-05
12 34 155.5439174906768 32.053148664767946 0.17042604619082508 -0.00010642687700592972
12 35 155.5439174906768 32.053148664767946 0.17042604619082508 -0.00010642687700592972
12 36 155.5439174906768 32.053148664767946 0.17042604619082508 -0.00010642687700592972
12 37 155.5439174906768 32.053148664767946 0.17042604619082508 -0.00010642687700592972
12 38 155.5439174906768 32.053148664767946 0.17042604619082508 -0.00010642687700592972
12 39 155.5439174906768 32.053148664767946 0.17042604619082508 -0.00010642687700592972
12 40 159.12500559487762 50.86244336594292 1.848586668299448 0.00030297040903037224
12 41 159.12500559487762 50.86244336594292 1.848586668299448 0.00030297040903037224
12 42 159.12500559487762 50.86244336594292 1.848586668299448 0.00030297040903037224
12 43 159.12500559487762 50.86244336594292 1.848586668299448 0.00030297040903037224
12 44 159.12500559487762 50.86244336594292 1.848586668299448 0.00030297040903037224
12 45 159.12500559487762 50.86244336594292 1.848586668299448 0.00030297040903037224
12 46 154.3978420944709 37.02172480882065 1.0107177831516065 0.0001028308161561242
12 47 154.3978420944709 37.02172480882065 1.0107177831516065 0.0001028308161561242
12 48 154.3978420944709 37.02172480882065 1.0107177831516065 0.0001028308161561242
12 49 154.3978420944709 37.02172480882065 1.0107177831516065 0.0001028308161561242
12 50 154.3978420944709 37.02172480882065 1.0107177831516065 0.0001028308161561242
12 51 154.3978420944709 37.02172480882065 1.0107177831516065 0.0001028308161561242
12 52 154.3978420944709 37.02172480882065 1.0107177831516065 0.0001028308161561242
12 53 154.3978420944709 37.02172480882065 1.0107177831516065 0.0001028308161561242
12 54 154.46558471798667 37.020291546944804 1.056418741171904 3.7014483563264106e-05
12 55 154.46558471798667 37.020291546944804 1.056418741171904 3.7014483563264106e-05
13 0 210.39761615327174 33.08799460756707 0.5191511093479184 5.561113358791389e-05
13 1 210.39761615327174 33.08799460756707 0.5191511093479184 5.561113358791389e-05
13 2 209.33700163922595 33.853840380171405 0.5905749181796602 0.00010126829102932573
13 3 209.33700163922595 33.853840380171405 0.5905749181796602 0.00010126829102932573
13 4 209.33700163922595 33.853840380171405 0.5905749181796602 0.00010126829102932573
13 5 209.33700163922595 33.853840380171405 0.5905749181796602 0.00010126829102932573
13 6 209.33700163922595 33.853840380171405 0.5905749181796602 0.00010126829102932573
13 7 209.33700163922595 33.853840380171405 0.5905749181796602 0.00010126829102932573
13 8 210.75116253986286 33.13483153624905 0.49156419591906836 4.750490139445828e-05
13 9 210.75116253986286 33.13483153624905 0.49156419591906836 4.750490139445828e-05
13 10 210.75116253986286 33.13483153624905 0.49156419591906836 4.750490139445828e-05
13 11 210.75116253986286 33.13483153624905 0.49156419591906836 4.750490139445828e-05
13 12 210.75116253986286 33.13483153624905 0.49156419591906836 4.750490139445828e-05
13 13 210.75116253986286 33.13483153624905 0.49156419591906836 4.750490139445828e-05
13 14 193.75486494474399 45.77481879106794 1.5899337644185247 0.00020569562090249006
13 15 193.75486494474399 45.77481879106794 1.5899337644185247 0.00020569562090249006
13 16 193.75486494474399 45.77481879106794 1.5899337644185247 0.00020569562090249006
13 17 193.75486494474399 45.77481879106794 1.5899337644185247 0.00020569562090249006
13 18 193.75486494474399 45.77481879106794 1.5899337644185247 0.00020569562090249006
13 19 209.409852158655 33.786912874471014 0.547527394978883 4.3571009881413376e-05
13 20 209.409852158655 33.786912874471014 0.547527394978883 4.3571009881413376e-05
13 21 209.409852158655 33.786912874471014 0.547527394978883 4.3571009881413376e-05
13 22 209.409852158655 33.786912874471014 0.547527394978883 4.3571009881413376e-05
13 23 209.409852158655 33.786912874471014 0.547527394978883 4.3571009881413376e-05
13 24 209.409852158655 33.786912874471014 0.547527394978883 4.3571009881413376e-05
13 25 211.6280394459465 31.218482291988387 0.21791039325204453 0.00013822317286501113
13 26 211.6280394459465 31.218482291988387 0.21791039325204453 0.00013822317286501113
13 27 211.6280394459465 31.218482291988387 0.21791039325204453 0.00013822317286501113
13 28 211.6280394459465 31.218482291988387 0.21791039325204453 0.00013822317286501113
13 29 211.6280394459465 31.218482291988387 0.21791039325204453 0.00013822317286501113
13 30 206.82268859149198 37.42272581819597 0.8585492995060481 0.00010985134573086256
13 31 206.82268859149198 37.42272581819597 0.8585492995060481 0.00010985134573086256
13 32 206.82268859149198 37.42272581819597 0.8585492995060481 0.00010985134573086256
13 33 206.82268859149198 37.42272581819597 0.8585492995060481 0.00010985134573086256
13 34 211.862843550148 31.81356559865999 0.12820220951101036 0.0001695752153934105
13 35 211.862843550148 31.81356559865999 0.12820220951101036 0.0001695752153934105
13 36 211.862843550148 31.81356559865999 0.12820220951101036 0.0001695752153934105
13 37 211.862843550148 31.81356559865999 0.12820220951101036 0.0001695752153934105
13 38 211.862843550148 31.81356559865999 0.12820220951101036 0.0001695752153934105
13 39 211.862843550148 31.81356559865999 0.12820220951101036 0.0001695752153934105
13 40 212.59815730695396 31.38634710823719 0.052736468505336975 0.00017577409878112582
13 41 212.59815730695396 31.38634710823719 0.052736468505336975 0.00017577409878112582
13 42 212.59815730695396 31.38634710823719 0.052736468505336975 0.00017577409878112582
13 43 212.59815730695396 31.38634710823719 0.052736468505336975 0.00017577409878112582
13 44 212.59815730695396 31.38634710823719 0.052736468505336975 0.00017577409878112582
13 45 212.59815730695396 31.38634710823719 0.052736468505336975 0.00017577409878112582
13 46 214.33387658306685 29.712629125430176 0.050684621420184414 0.00018268824537594455
13 47 214.33387658306685 29.712629125430176 0.050684621420184414 0.00018268824537594455
13 48 214.33387658306685 29.712629125430176 0.050684621420184414 0.00018268824537594455
13 49 214.33387658306685 29.712629125430176 0.050684621420184414 0.00018268824537594455
13 50 214.33387658306685 29.712629125430176 0.050684621420184414 0.00018268824537594455
13 51 214.33387658306685 29.712629125430176 0.050684621420184414 0.00018268824537594455
13 52 214.33387658306685 29.712629125430176 0.050684621420184414 0.00018268824537594455
13 53 214.33387658306685 29.712629125430176 0.050684621420184414 0.00018268824537594455
13 54 212.43869800368208 31.045696865748706 0.04591816337949217 0.00017493965570219744
13 55 212.43869800368208 31.045696865748706 0.04591816337949217 0.00017493965570219744
14 0 1222.9590960352664 60.4112910323076 1.1027176379437598 3.772974069748287e-05
14 1 1222.9590960352664 60.4112910323076 1.1027176379437598 3.772974069748287e-05
14 2 1223.4203668173236 60.15082222114273 1.1636201876904844 -3.72231352972151e-05
14 3 1223.4203668173236 60.15082222114273 1.1636201876904844 -3.72231352972151e-05
14 4 1223.4203668173236 60.15082222114273 1.1636201876904844 -3.72231352972151e-05
14 5 1223.4203668173236 60.15082222114273 1.1636201876904844 -3.72231352972151e-05
14 6 1223.4203668173236 60.15082222114273 1.1636201876904844 -3.72231352972151e-05
14 7 1223.4203668173236 60.15082222114273 1.1636201876904844 -3.72231352972151e-05
14 8 1225.2382864551255 52.57050305053704 0.4367164778646428 0.00012677908016729342
14 9 1225.2382864551255 52.57050305053704 0.4367164778646428 0.00012677908016729342
14 10 1225.2382864551255 52.57050305053704 0.4367164778646428 0.00012677908016729342
14 11 1225.2382864551255 52.57050305053704 0.4367164778646428 0.00012677908016729342
14 12 1225.2382864551255 52.57050305053704 0.4367164778646428 0.00012677908016729342
14 13 1225.2382864551255 52.57050305053704 0.4367164778646428 0.00012677908016729342
14 14 1224.1122123650948 55.90145268706254 0.7103180355919885 5.467794618592694e-05
14 15 1224.1122123650948 55.90145268706254 0.7103180355919885 5.467794618592694e-05
14 16 1224.1122123650948 55.90145268706254 0.7103180355919885 5.467794618592694e-05
14 17 1224.1122123650948 55.90145268706254 0.7103180355919885 5.467794618592694e-05
14 18 1224.1122123650948 55.90145268706254 0.7103180355919885 5.467794618592694e-05
14 19 1254.4700619534492 42.944693104258576 0.38035713539712857 9.077787409562814e-05
14 20 1254.4700619534492 42.944693104258576 0.38035713539712857 9.077787409562814e-05
14 21 1254.4700619534492 42.944693104258576 0.38035713539712857 9.077787409562814e-05
14 22 1254.4700619534492 42.944693104258576 0.38035713539712857 9.077787409562814e-05
14 23 1254.4700619534492 42.944693104258576 0.38035713539712857 9.077787409562814e-05
14 24 1254.4700619534492 42.944693104258576 0.38035713539712857 9.077787409562814e-05
14 25 1229.626470125464 52.29913317927429 0.6196878089901557 9.542703628714096e-05
14 26 1229.626470125464 52.29913317927429 0.6196878089901557 9.542703628714096e-05
14 27 1229.626470125464 52.29913317927429 0.6196878089901557 9.542703628714096e-05
14 28 1229.626470125464 52.29913317927429 0.6196878089901557 9.542703628714096e-05
14 29 1229.626470125464 52.29913317927429 0.6196878089901557 9.542703628714096e-05
14 30 1226.676717384828 50.21950161601559 0.03746933355145447 0.00013917684515124993
14 31 1226.676717384828 50.21950161601559 0.03746933355145447 0.00013917684515124993
14 32 1226.676717384828 50.21950161601559 0.03746933355145447 0.00013917684515124993
14 33 1226.676717384828 50.21950161601559 0.03746933355145447 0.00013917684515124993
14 34 1224.4860616187154 55.24354489215179 0.6677312596951072 6.421400113456406e-05
14 35 1224.4860616187154 55.24354489215179 0.6677312596951072 6.421400113456406e-05
14 36 1224.4860616187154 55.24354489215179 0.6677312596951072 6.421400113456406e-05
14 37 1224.4860616187154 55.24354489215179 0.6677312596951072 6.421400113456406e-05
14 38 1224.4860616187154 55.24354489215179 0.6677312596951072 6.421400113456406e-05
14 39 1224.4860616187154 55.24354489215179 0.6677312596951072 6.421400113456406e-05
14 40 1226.0908156650396 51.73467303084283 0.29898216200645994 8.946835967185146e-05
14 41 1226.0908156650396 51.73467303084283 0.29898216200645994 8.946835967185146e-05
14 42 1226.0908156650396 51.73467303084283 0.29898216200645994 8.946835967185146e-05
14 43 1226.0908156650396 51.73467303084283 0.29898216200645994 8.946835967185146e-05
14 44 1226.0908156650396 51.73467303084283 0.29898216200645994 8.946835967185146e-05
14 45 1226.0908156650396 51.73467303084283 0.29898216200645994 8.946835967185146e-05
14 46 1223.9112919186819 56.1870218950505 0.7932638891790866 3.415346483586981e-05
14 47 1223.9112919186819 56.1870218950505 0.7932638891790866 3.415346483586981e-05
14 48 1223.9112919186819 56.1870218950505 0.7932638891790866 3.415346483586981e-05
14 49 1223.9112919186819 56.1870218950505 0.7932638891790866 3.415346483586981e-05
14 50 1223.9112919186819 56.1870218950505 0.7932638891790866 3.415346483586981e-05
14 51 1223.9112919186819 56.1870218950505 0.7932638891790866 3.415346483586981e-05
14 52 1223.9112919186819 56.1870218950505 0.7932638891790866 3.415346483586981e-05
14 53 1223.9112919186819 56.1870218950505 0.7932638891790866 3.415346483586981e-05
14 54 1225.2094596758527 51.7538020013059 0.418738983148651 -6.368756105737364e-05
14 55 1225.2094596758527 51.7538020013059 0.418738983148651 -6.368756105737364e-05
15 0 1554.0817995649782 67.51417945342331 -0.34275293560469117 0.0013714483283055285
15 1 1554.0817995649782 67.51417945342331 -0.34275293560469117 0.0013714483283055285
15 2 1646.7784811417994 171.22553831240623 0.08577659308343469 0.0014405847901508358
15 3 1646.7784811417994 171.22553831240623 0.08577659308343469 0.0014405847901508358
15 4 1646.7784811417994 171.22553831240623 0.08577659308343469 0.0014405847901508358
15 5 1646.7784811417994 171.22553831240623 0.08577659308343469 0.0014405847901508358
15 6 1646.7784811417994 171.22553831240623 0.08577659308343469 0.0014405847901508358
15 7 1646.7784811417994 171.22553831240623 0.08577659308343469 0.0014405847901508358
15 8 1773.5428372399117 93.77642675066987 0.40898811866526746 -0.00014013956180882603
15 9 1773.5428372399117 93.77642675066987 0.40898811866526746 -0.00014013956180882603
15 10 1773.5428372399117 93.77642675066987 0.40898811866526746 -0.00014013956180882603
15 11 1773.5428372399117 93.77642675066987 0.40898811866526746 -0.00014013956180882603
15 12 1773.5428372399117 93.77642675066987 0.40898811866526746 -0.00014013956180882603
15 13 1773.5428372399117 93.77642675066987 0.40898811866526746 -0.00014013956180882603
15 14 1702.5374908021815 72.73846579771615 0.17364168500927868 0.00023144483679224756
15 15 1702.5374908021815 72.73846579771615 0.17364168500927868 0.00023144483679224756
15 16 1702.5374908021815 72.73846579771615 0.17364168500927868 0.00023144483679224756
15 17 1702.5374908021815 72.73846579771615 0.17364168500927868 0.00023144483679224756
15 18 1702.5374908021815 72.73846579771615 0.17364168500927868 0.00023144483679224756
15 19 1525.7742082227612 63.345774956381035 0.34455776230585067 0.00010213469591357192
15 20 1525.7742082227612 63.345774956381035 0.34455776230585067 0.00010213469591357192
15 21 1525.7742082227612 63.345774956381035 0.34455776230585067 0.00010213469591357192
15 22 1525.7742082227612 63.345774956381035 0.34455776230585067 0.00010213469591357192
15 23 1525.7742082227612 63.345774956381035 0.34455776230585067 0.00010213469591357192
15 24 1525.7742082227612 63.345774956381035 0.34455776230585067 0.00010213469591357192
15 25 2155.8673176255597 37.25261486602193 0.32755274384921496 9.715556926039934e-06
15 26 2155.8673176255597 37.25261486602193 0.32755274384921496 9.715556926039934e-06
15 27 2155.8673176255597 37.25261486602193 0.32755274384921496 9.715556926039934e-06
15 28 2155.8673176255597 37.25261486602193 0.32755274384921496 9.715556926039934e-06
15 29 2155.8673176255597 37.25261486602193 0.32755274384921496 9.715556926039934e-06
15 30 1557.8575424488645 43.46573542740592 0.015373019352648527 0.00039595365451312566
15 31 1557.8575424488645 43.46573542740592 0.015373019352648527 0.00039595365451312566
15 32 1557.8575424488645 43.46573542740592 0.015373019352648527 0.00039595365451312566
15 33 1557.8575424488645 43.46573542740592 0.015373019352648527 0.00039595365451312566
15 34 1572.4036130106556 60.20273255919462 -1.062772434765285 0.0005219597632680534
15 35 1572.4036130106556 60.20273255919462 -1.062772434765285 0.0005219597632680534
15 36 1572.4036130106556 60.20273255919462 -1.062772434765285 0.0005219597632680534
15 37 1572.4036130106556 60.20273255919462 -1.062772434765285 0.0005219597632680534
15 38 1572.4036130106556 60.20273255919462 -1.062772434765285 0.0005219597632680534
15 39 1572.4036130106556 60.20273255919462 -1.062772434765285 0.0005219597632680534
15 40 2209.6468890018614 34.94240197885098 0.3996052155275522 9.23871981355135e-06
15 41 2209.6468890018614 34.94240197885098 0.3996052155275522 9.23871981355135e-06
15 42 2209.6468890018614 34.94240197885098 0.3996052155275522 9.23871981355135e-06
15 43 2209.6468890018614 34.94240197885098 0.3996052155275522 9.23871981355135e-06
15 44 2209.6468890018614 34.94240197885098 0.3996052155275522 9.23871981355135e-06
15 45 2209.6468890018614 34.94240197885098 0.3996052155275522 9.23871981355135e-06
15 46 1586.0774350803604 82.19312019378108 -0.9366935896713393 0.0005459187534721669
15 47 1586.0774350803604 82.19312019378108 -0.9366935896713393 0.0005459187534721669
15 48 1586.0774350803604 82.19312019378108 -0.9366935896713393 0.0005459187534721669
15 49 1586.0774350803604 82.19312019378108 -0.9366935896713393 0.0005459187534721669
15 50 1586.0774350803604 82.19312019378108 -0.9366935896713393 0.0005459187534721669
15 51 1586.0774350803604 82.19312019378108 -0.9366935896713393 0.0005459187534721669
15 52 1586.0774350803604 82.19312019378108 -0.9366935896713393 0.0005459187534721669
15 53 1586.0774350803604 82.19312019378108 -0.9366935896713393 0.0005459187534721669
15 54 1521.2961215072328 63.87424770164935 0.359598238345179 -6.243586491442796e-05
15 55 1521.2961215072328 63.87424770164935 0.359598238345179 -6.243586491442796e-05
16 0 4054.502211199891 51.186871386604366 0.406139409937311 5.6150835630129094e-05
16 1 4054.502211199891 51.186871386604366 0.406139409937311 5.6150835630129094e-05
16 2 4046.8750158285684 52.115457766124905 0.5892114401717243 9.077787401740836e-05
16 3 4046.8750158285684 52.115457766124905 0.5892114401717243 9.077787401740836e-05
16 4 4046.8750158285684 52.115457766124905 0.5892114401717243 9.077787401740836e-05
16 5 4046.8750158285684 52.115457766124905 0.5892114401717243 9.077787401740836e-05
16 6 4046.8750158285684 52.115457766124905 0.5892114401717243 9.077787401740836e-05
16 7 4046.8750158285684 52.115457766124905 0.5892114401717243 9.077787401740836e-05
16 8 4058.6888564370474 52.62132842567587 0.43416781569119955 0.00014704492612692215
16 9 4058.6888564370474 52.62132842567587 0.43416781569119955 0.00014704492612692215
16 10 4058.6888564370474 52.62132842567587 0.43416781569119955 0.00014704492612692215
16 11 4058.6888564370474 52.62132842567587 0.43416781569119955 0.00014704492612692215
16 12 4058.6888564370474 52.62132842567587 0.43416781569119955 0.00014704492612692215
16 13 4058.6888564370474 52.62132842567587 0.43416781569119955 0.00014704492612692215
16 14 4048.8735297823014 49.842629147959954 0.42204015977773957 0.00016015768174276095
16 15 4048.8735297823014 49.842629147959954 0.42204015977773957 0.00016015768174276095
16 16 4048.8735297823014 49.842629147959954 0.42204015977773957 0.00016015768174276095
16 17 4048.8735297823014 49.842629147959954 0.42204015977773957 0.00016015768174276095
16 18 4048.8735297823014 49.842629147959954 0.42204015977773957 0.00016015768174276095
16 19 4050.143252912155 50.432896580770716 0.3716502834539108 0.00022131204603013818
16 20 4050.143252912155 50.432896580770716 0.3716502834539108 0.00022131204603013818
16 21 4050.143252912155 50.432896580770716 0.3716502834539108 0.00022131204603013818
16 22 4050.143252912155 50.432896580770716 0.3716502834539108 0.00022131204603013818
16 23 4050.143252912155 50.432896580770716 0.3716502834539108 0.00022131204603013818
16 24 4050.143252912155 50.432896580770716 0.3716502834539108 0.00022131204603013818
16 25 4043.642036065797 45.30743958365204 -0.42575699764997665 6.693601607818902e-05
16 26 4043.642036065797 45.30743958365204 -0.42575699764997665 6.693601607818902e-05
16 27 4043.642036065797 45.30743958365204 -0.42575699764997665 6.693601607818902e-05
16 28 4043.642036065797 45.30743958365204 -0.42575699764997665 6.693601607818902e-05
16 29 4043.642036065797 45.30743958365204 -0.42575699764997665 6.693601607818902e-05
16 30 4052.9406026310876 48.69635748294 0.1648825839983764 0.00011724235168983182
16 31 4052.9406026310876 48.69635748294 0.1648825839983764 0.00011724235168983182
16 32 4052.9406026310876 48.69635748294 0.1648825839983764 0.00011724235168983182
16 33 4052.9406026310876 48.69635748294 0.1648825839983764 0.00011724235168983182
16 34 4059.5789564442002 49.66933562921506 0.3994353727750267 0.00010305643098784431
16 35 4059.5789564442002 49.66933562921506 0.3994353727750267 0.00010305643098784431
16 36 4059.5789564442002 49.66933562921506 0.3994353727750267 0.00010305643098784431
16 37 4059.5789564442002 49.66933562921506 0.3994353727750267 0.00010305643098784431
16 38 4059.5789564442002 49.66933562921506 0.3994353727750267 0.00010305643098784431
16 39 4059.5789564442002 49.66933562921506 0.3994353727750267 0.00010305643098784431
16 40 4058.6319356361764 55.69928886837582 0.7708060670317456 -6.017088888362965e-05
16 41 4058.6319356361764 55.69928886837582 0.7708060670317456 -6.017088888362965e-05
16 42 4058.6319356361764 55.69928886837582 0.7708060670317456 -6.017088888362965e-05
16 43 4058.6319356361764 55.69928886837582 0.7708060670317456 -6.017088888362965e-05
16 44 4058.6319356361764 55.69928886837582 0.7708060670317456 -6.017088888362965e-05
16 45 4058.6319356361764 55.69928886837582 0.7708060670317456 -6.017088888362965e-05
16 46 4069.0614850928455 57.5832446386978 0.8413247208733743 -8.943676923801389e-05
16 47 4069.0614850928455 57.5832446386978 0.8413247208733743 -8.943676923801389e-05
16 48 4069.0614850928455 57.5832446386978 0.8413247208733743 -8.943676923801389e-05
16 49 4069.0614850928455 57.5832446386978 0.8413247208733743 -8.943676923801389e-05
16 50 4069.0614850928455 57.5832446386978 0.8413247208733743 -8.943676923801389e-05
16 51 4069.0614850928455 57.5832446386978 0.8413247208733743 -8.943676923801389e-05
16 52 4069.0614850928455 57.5832446386978 0.8413247208733743 -8.943676923801389e-05
16 53 4069.0614850928455 57.5832446386978 0.8413247208733743 -8.943676923801389e-05
16 54 4054.2180878977247 51.95596979519166 0.47147583689122813 6.479026074581167e-05
16 55 4054.2180878977247 51.95596979519166 0.47147583689122813 6.479026074581167e-05
17 0 8145.896458597009 87.02347969638384 -4.635013688570703 6.800889987790593e-05
17 1 8145.896458597009 87.02347969638384 -4.635013688570703 6.800889987790593e-05
17 2 9170.022947064306 88.01897833893395 -0.6112495046769058 -0.00017759029680725378
17 3 9170.022947064306 88.01897833893395 -0.6112495046769058 -0.00017759029680725378
17 4 9170.022947064306 88.01897833893395 -0.6112495046769058 -0.00017759029680725378
17 5 9170.022947064306 88.01897833893395 -0.6112495046769058 -0.00017759029680725378
17 6 9170.022947064306 88.01897833893395 -0.6112495046769058 -0.00017759029680725378
17 7 9170.022947064306 88.01897833893395 -0.6112495046769058 -0.00017759029680725378
17 8 9389.038951838022 86.05100226454252 -0.6813222127776701 0.00018399953840144963
17 9 9389.038951838022 86.05100226454252 -0.6813222127776701 0.00018399953840144963
17 10 9389.038951838022 86.05100226454252 -0.6813222127776701 0.00018399953840144963
17 11 9389.038951838022 86.05100226454252 -0.6813222127776701 0.00018399953840144963
17 12 9389.038951838022 86.05100226454252 -0.6813222127776701 0.00018399953840144963
17 13 9389.038951838022 86.05100226454252 -0.6813222127776701 0.00018399953840144963
17 14 7634.824684477858 61.35350896114963 1.1921430511074842 -0.0001493316996957202
17 15 7634.824684477858 61.35350896114963 1.1921430511074842 -0.0001493316996957202
17 16 7634.824684477858 61.35350896114963 1.1921430511074842 -0.0001493316996957202
17 17 7634.824684477858 61.35350896114963 1.1921430511074842 -0.0001493316996957202
17 18 7634.824684477858 61.35350896114963 1.1921430511074842 -0.0001493316996957202
17 19 8864.852607748337 59.31986839686829 0.7407299367841689 -3.2484531611721964e-06
17 20 8864.852607748337 59.31986839686829 0.7407299367841689 -3.2484531611721964e-06
17 21 8864.852607748337 59.31986839686829 0.7407299367841689 -3.2484531611721964e-06
17 22 8864.852607748337 59.31986839686829 0.7407299367841689 -3.2484531611721964e-06
17 23 8864.852607748337 59.31986839686829 0.7407299367841689 -3.2484531611721964e-06
17 24 8864.852607748337 59.31986839686829 0.7407299367841689 -3.2484531611721964e-06
17 25 9304.430822929578 57.50927540165796 0.46156151896070075 -1.809000991541985e-05
17 26 9304.430822929578 57.50927540165796 0.46156151896070075 -1.809000991541985e-05
17 27 9304.430822929578 57.50927540165796 0.46156151896070075 -1.809000991541985e-05
17 28 9304.430822929578 57.50927540165796 0.46156151896070075 -1.809000991541985e-05
17 29 9304.430822929578 57.50927540165796 0.46156151896070075 -1.809000991541985e-05
17 30 8398.27947015654 104.74426000059995 0.5564796816180106 -0.0008363738332276794
17 31 8398.27947015654 104.74426000059995 0.5564796816180106 -0.0008363738332276794
17 32 8398.27947015654 104.74426000059995 0.5564796816180106 -0.0008363738332276794
17 33 8398.27947015654 104.74426000059995 0.5564796816180106 -0.0008363738332276794
17 34 9425.06415948168 54.372491778061104 0.22471749223322363 -7.56681254247965e-05
17 35 9425.06415948168 54.372491778061104 0.22471749223322363 -7.56681254247965e-05
17 36 9425.06415948168 54.372491778061104 0.22471749223322363 -7.56681254247965e-05
17 37 9425.06415948168 54.372491778061104 0.22471749223322363 -7.56681254247965e-05
17 38 9425.06415948168 54.372491778061104 0.22471749223322363 -7.56681254247965e-05
17 39 9425.06415948168 54.372491778061104 0.22471749223322363 -7.56681254247965e-05
17 40 9566.59805023433 55.81991003369662 0.6049594876787182 -0.00021973252650741613
17 41 9566.59805023433 55.81991003369662 0.6049594876787182 -0.00021973252650741613
17 42 9566.59805023433 55.81991003369662 0.6049594876787182 -0.00021973252650741613
17 43 9566.59805023433 55.81991003369662 0.6049594876787182 -0.00021973252650741613
17 44 9566.59805023433 55.81991003369662 0.6049594876787182 -0.00021973252650741613
17 45 9566.59805023433 55.81991003369662 0.6049594876787182 -0.00021973252650741613
17 46 9500.991094480214 54.04427183653595 0.29416660911432857 -2.381211110932463e-05
17 47 9500.991094480214 54.04427183653595 0.29416660911432857 -2.381211110932463e-05
17 48 9500.991094480214 54.04427183653595 0.29416660911432857 -2.381211110932463e-05
17 49 9500.991094480214 54.04427183653595 0.29416660911432857 -2.381211110932463e-05
17 50 9500.991094480214 54.04427183653595 0.29416660911432857 -2.381211110932463e-05
17 51 9500.991094480214 54.04427183653595 0.29416660911432857 -2.381211110932463e-05
17 52 9500.991094480214 54.04427183653595 0.29416660911432857 -2.381211110932463e-05
17 53 9500.991094480214 54.04427183653595 0.29416660911432857 -2.381211110932463e-05
17 54 9471.388055126768 69.52566800222267 0.21393677071874623 -3.277902330752049e-07
17 55 9471.388055126768 69.52566800222267 0.21393677071874623 -3.277902330752049e-07
18 0 10129.499944243571 24.0737461327434 0.3633998317976247 7.71880174434126e-05
18 1 10129.499944243571 24.0737461327434 0.3633998317976247 7.71880174434126e-05
18 2 6110.2782665497725 66.88065252416067 0.06873296113058466 0.00016352827306198087
18 3 6110.2782665497725 66.88065252416067 0.06873296113058466 0.00016352827306198087
18 4 6110.2782665497725 66.88065252416067 0.06873296113058466 0.00016352827306198087
18 5 6110.2782665497725 66.88065252416067 0.06873296113058466 0.00016352827306198087
18 6 6110.2782665497725 66.88065252416067 0.06873296113058466 0.00016352827306198087
18 7 6110.2782665497725 66.88065252416067 0.06873296113058466 0.00016352827306198087
18 8 6063.113603837371 68.34895530989482 0.30428898378401725 -9.045004711423518e-05
18 9 6063.113603837371 68.34895530989482 0.30428898378401725 -9.045004711423518e-05
18 10 6063.113603837371 68.34895530989482 0.30428898378401725 -9.045004711423518e-05
18 11 6063.113603837371 68.34895530989482 0.30428898378401725 -9.045004711423518e-05
18 12 6063.113603837371 68.34895530989482 0.30428898378401725 -9.045004711423518e-05
18 13 6063.113603837371 68.34895530989482 0.30428898378401725 -9.045004711423518e-05
18 14 6149.088780993809 66.00876444755784 -0.11697485817160985 -6.526706446636348e-06
18 15 6149.088780993809 66.00876444755784 -0.11697485817160985 -6.526706446636348e-06
18 16 6149.088780993809 66.00876444755784 -0.11697485817160985 -6.526706446636348e-06
18 17 6149.088780993809 66.00876444755784 -0.11697485817160985 -6.526706446636348e-06
18 18 6149.088780993809 66.00876444755784 -0.11697485817160985 -6.526706446636348e-06
18 19 5904.975928380419 79.42694103374726 1.203443508853494 0.00012391839804875248
18 20 5904.975928380419 79.42694103374726 1.203443508853494 0.00012391839804875248
18 21 5904.975928380419 79.42694103374726 1.203443508853494 0.00012391839804875248
18 22 5904.975928380419 79.42694103374726 1.203443508853494 0.00012391839804875248
18 23 5904.975928380419 79.42694103374726 1.203443508853494 0.00012391839804875248
18 24 5904.975928380419 79.42694103374726 1.203443508853494 0.00012391839804875248
18 25 5967.954559495229 73.59079578007433 0.7606896364785661 -0.0001546441673360111
18 26 5967.954559495229 73.59079578007433 0.7606896364785661 -0.0001546441673360111
18 27 5967.954559495229 73.59079578007433 0.7606896364785661 -0.0001546441673360111
18 28 5967.954559495229 73.59079578007433 0.7606896364785661 -0.0001546441673360111
18 29 5967.954559495229 73.59079578007433 0.7606896364785661 -0.0001546441673360111
18 30 5979.265465431648 73.484585128383 0.7130765410731635 -3.223993593813048e-05
18 31 5979.265465431648 73.484585128383 0.7130765410731635 -3.223993593813048e-05
18 32 5979.265465431648 73.484585128383 0.7130765410731635 -3.223993593813048e-05
18 33 5979.265465431648 73.484585128383 0.7130765410731635 -3.223993593813048e-05
18 34 7055.657476595778 47.774416889863616 1.040293408030017 -0.00015893573624185472
18 35 7055.657476595778 47.774416889863616 1.040293408030017 -0.00015893573624185472
18 36 7055.657476595778 47.774416889863616 1.040293408030017 -0.00015893573624185472
18 37 7055.657476595778 47.774416889863616 1.040293408030017 -0.00015893573624185472
18 38 7055.657476595778 47.774416889863616 1.040293408030017 -0.00015893573624185472
18 39 7055.657476595778 47.774416889863616 1.040293408030017 -0.00015893573624185472
18 40 6141.882019647723 66.04497994871961 0.18488974120322044 0.00015717744670336293
18 41 6141.882019647723 66.04497994871961 0.18488974120322044 0.00015717744670336293
18 42 6141.882019647723 66.04497994871961 0.18488974120322044 0.00015717744670336293
18 43 6141.882019647723 66.04497994871961 0.18488974120322044 0.00015717744670336293
18 44 6141.882019647723 66.04497994871961 0.18488974120322044 0.00015717744670336293
18 45 6141.882019647723 66.04497994871961 0.18488974120322044 0.00015717744670336293
18 46 6275.527954289015 64.53286784197294 -0.3899471051449588 -6.726368966110743e-05
18 47 6275.527954289015 64.53286784197294 -0.3899471051449588 -6.726368966110743e-05
18 48 6275.527954289015 64.53286784197294 -0.3899471051449588 -6.726368966110743e-05
18 49 6275.527954289015 64.53286784197294 -0.3899471051449588 -6.726368966110743e-05
18 50 6275.527954289015 64.53286784197294 -0.3899471051449588 -6.726368966110743e-05
18 51 6275.527954289015 64.53286784197294 -0.3899471051449588 -6.726368966110743e-05
18 52 6275.527954289015 64.53286784197294 -0.3899471051449588 -6.726368966110743e-05
18 53 6275.527954289015 64.53286784197294 -0.3899471051449588 -6.726368966110743e-05
18 54 5950.874883526844 73.49727719351918 0.8628469103429822 4.589557700770271e-06
18 55 5950.874883526844 73.49727719351918 0.8628469103429822 4.589557700770271e-06
19 0 10248.699910358915 51.504241369326465 0.22212790760859125 0.0001261830329792436
19 1 10248.699910358915 51.504241369326465 0.22212790760859125 0.0001261830329792436
19 2 10104.885131668627 51.60293356399003 0.1404714968741747 -3.1796395441457254e-05
19 3 10104.885131668627 51.60293356399003 0.1404714968741747 -3.1796395441457254e-05
19 4 10104.885131668627 51.60293356399003 0.1404714968741747 -3.1796395441457254e-05
19 5 10104.885131668627 51.60293356399003 0.1404714968741747 -3.1796395441457254e-05
19 6 10104.885131668627 51.60293356399003 0.1404714968741747 -3.1796395441457254e-05
19 7 10104.885131668627 51.60293356399003 0.1404714968741747 -3.1796395441457254e-05
19 8 10376.756656364578 56.36839114275169 0.7667005502396791 -2.3037195207891494e-05
19 9 10376.756656364578 56.36839114275169 0.7667005502396791 -2.3037195207891494e-05
19 10 10376.756656364578 56.36839114275169 0.7667005502396791 -2.3037195207891494e-05
19 11 10376.756656364578 56.36839114275169 0.7667005502396791 -2.3037195207891494e-05
19 12 10376.756656364578 56.36839114275169 0.7667005502396791 -2.3037195207891494e-05
19 13 10376.756656364578 56.36839114275169 0.7667005502396791 -2.3037195207891494e-05
19 14 10160.355240463447 49.9644901549216 -0.3302599984294155 0.00043255082213592333
19 15 10160.355240463447 49.9644901549216 -0.3302599984294155 0.00043255082213592333
19 16 10160.355240463447 49.9644901549216 -0.3302599984294155 0.00043255082213592333
19 17 10160.355240463447 49.9644901549216 -0.3302599984294155 0.00043255082213592333
19 18 10160.355240463447 49.9644901549216 -0.3302599984294155 0.00043255082213592333
19 19 14750.535280913422 23.250463787047458 0.34365326201610585 9.709597425998497e-05
19 20 14750.535280913422 23.250463787047458 0.34365326201610585 9.709597425998497e-05
19 21 14750.535280913422 23.250463787047458 0.34365326201610585 9.709597425998497e-05
19 22 14750.535280913422 23.250463787047458 0.34365326201610585 9.709597425998497e-05
19 23 14750.535280913422 23.250463787047458 0.34365326201610585 9.709597425998497e-05
19 24 14750.535280913422 23.250463787047458 0.34365326201610585 9.709597425998497e-05
19 25 10952.410742339365 50.52856051114293 0.5231847007610593 -1.0222190280985641e-05
19 26 10952.410742339365 50.52856051114293 0.5231847007610593 -1.0222190280985641e-05
19 27 10952.410742339365 50.52856051114293 0.5231847007610593 -1.0222190280985641e-05
19 28 10952.410742339365 50.52856051114293 0.5231847007610593 -1.0222190280985641e-05
19 29 10952.410742339365 50.52856051114293 0.5231847007610593 -1.0222190280985641e-05
19 30 10448.40211851845 50.64584291591679 0.1653055839784165 0.00010508298843078478
19 31 10448.40211851845 50.64584291591679 0.1653055839784165 0.00010508298843078478
19 32 10448.40211851845 50.64584291591679 0.1653055839784165 0.00010508298843078478
19 33 10448.40211851845 50.64584291591679 0.1653055839784165 0.00010508298843078478
19 34 10412.921310516225 53.76119768622305 0.6857178812228149 7.986966618022545e-05
19 35 10412.921310516225 53.76119768622305 0.6857178812228149 7.986966618022545e-05
19 36 10412.921310516225 53.76119768622305 0.6857178812228149 7.986966618022545e-05
19 37 10412.921310516225 53.76119768622305 0.6857178812228149 7.986966618022545e-05
19 38 10412.921310516225 53.76119768622305 0.6857178812228149 7.986966618022545e-05
19 39 10412.921310516225 53.76119768622305 0.6857178812228149 7.986966618022545e-05
19 40 9980.024802607993 57.751409961110895 1.0323463749318236 0.0001587271718864144
19 41 9980.024802607993 57.751409961110895 1.0323463749318236 0.0001587271718864144
19 42 9980.024802607993 57.751409961110895 1.0323463749318236 0.0001587271718864144
19 43 9980.024802607993 57.751409961110895 1.0323463749318236 0.0001587271718864144
19 44 9980.024802607993 57.751409961110895 1.0323463749318236 0.0001587271718864144
19 45 9980.024802607993 57.751409961110895 1.0323463749318236 0.0001587271718864144
19 46 10503.150449783876 48.574095766222385 -0.3823804855556279 0.00018924475072687244
19 47 10503.150449783876 48.574095766222385 -0.3823804855556279 0.00018924475072687244
19 48 10503.150449783876 48.574095766222385 -0.3823804855556279 0.00018924475072687244
19 49 10503.150449783876 48.574095766222385 -0.3823804855556279 0.00018924475072687244
19 50 10503.150449783876 48.574095766222385 -0.3823804855556279 0.00018924475072687244
19 51 10503.150449783876 48.574095766222385 -0.3823804855556279 0.00018924475072687244
19 52 10503.150449783876 48.574095766222385 -0.3823804855556279 0.00018924475072687244
19 53 10503.150449783876 48.574095766222385 -0.3823804855556279 0.00018924475072687244
19 54 10201.477208799013 51.560975110855736 0.029491851912467816 0.00017530490101171547
19 55 10201.477208799013 51.560975110855736 0.029491851912467816 0.00017530490101171547
