order obs chisq vsini limbdark rv
0 0 3.6276510276941814 33.12870224261761 0.25223713582750207 5.620717982439028e-05
0 1 3.0308138553636272 38.45591251790262 0.23210397700603363 0.00010901689645590395
0 2 3.4274651234989313 40.252367754576156 0.5323232458176267 5.5168609495377126e-05
0 3 4.090454090732956 37.26575190386339 0.2556902768442214 0.00016146898298775294
0 4 4.140629407759256 38.940340289834225 -0.07991126391004136 0.00013858079904156793
0 5 3.592837011550755 29.37223118512628 0.20495166290651712 0.00019019841933295902
0 6 3.7922536028549754 31.71141486977865 -0.036041151075711535 9.981015672327007e-05
0 7 5.189335157213181 30.117280033591868 0.45923471448899694 0.00011545419694523556
0 8 4.908910878307465 43.36872332105075 0.8969133454436942 2.1040439609519626e-05
0 9 3.777456307869678 36.02971721746127 -0.02963234459569089 9.721517556145299e-05
0 10 4.210759214365696 36.561514436727805 0.25899483482334884 6.705522664487483e-05
0 11 8.465536016332049 22.034384093109466 0.30681936922214653 8.922815315947637e-05
0 12 5.860806107035389 31.04151620401163 -0.10351870108594396 0.00013071298233674245
0 13 5.2755164249387425 27.06548282042762 0.41552638817993104 7.277727142886037e-05
0 14 5.517470939267815 29.784218120311884 0.32603081613995355 8.982419972018078e-05
0 15 67.87857926591566 21.59271761638241 0.3072074506508562 9.716383550623914e-05
0 16 62.59493953423374 27.891231990789834 0.3302865902981784 0.00010126783999205895
0 17 4.980456542557439 32.53913471599153 0.33287702348314885 8.767843229031502e-05
0 18 6.089785191159751 24.863454429709122 0.409236724679495 8.207559757851223e-05
0 19 72.85121931765534 21.234075265046414 0.3031156734392538 9.099091770922092e-05
0 20 68.56522409214583 21.239235316885015 0.30331784616379165 9.093398845545482e-05
0 21 5.398805133842018 37.28080526422639 0.22093042502851806 0.00012177228930879724
0 22 6.463326258066892 25.221052720712326 0.34032920072333966 0.00012058019434355052
0 23 140.08906006841454 26.661632961504978 0.18916344342000102 9.358154736438309e-05
0 24 66.72445734937699 21.23726533547387 0.3034017180000367 9.097256359180056e-05
0 25 4.422301424814227 28.057963996956822 0.23072878314874962 9.191389558665255e-05
0 26 5.3350367062648445 30.52326303348625 0.40747480109927164 9.959936147311161e-05
0 27 77.48211565037204 21.241132539289584 0.3034947224109973 9.08932584436106e-05
0 28 78.42749590667694 21.241461289098154 0.30352885128539153 9.089728372414476e-05
0 29 3.9441811161566367 33.05806509792632 0.14629328202614134 6.550550464421025e-05
0 30 5.244311060081615 32.96944677790945 0.38601134669282117 5.5625975535524205e-05
0 31 76.71395068635675 21.431201827112027 0.3042181852942425 9.14969547360322e-05
0 32 69.79041765769311 15.924135816005078 0.37815837578907546 9.518858290950682e-05
0 33 4.976108047405833 34.952144884643204 0.29352216290137545 0.00012336774012518758
0 34 5.53587820315774 27.18602101340872 0.3656358176393143 0.00010627519282348748
0 35 10.293360203674524 54.16989912569916 -0.026300155802074565 0.00012582540514000635
0 36 10.19424407040105 13.478916915316884 0.05952922245960716 7.00354570368109e-05
0 37 8.194022134467613 26.88453200331403 0.4068391321928767 7.468462167075248e-05
0 38 7.5674763861509895 21.360936247500007 0.36832793346429515 0.00010222196730700969
0 39 9.257356693358886 33.40849311087011 0.6504147611650417 0.0001124739742694323
0 40 8.917626810234095 37.96048709905742 0.5779355817652176 2.5808812129691422e-05
0 41 7.837171201681704 51.02381878858565 0.5108434835546185 1.6887328096428612e-07
0 42 6.450026090306745 44.7474582623196 0.3529209878330767 0.00015741587935877552
0 43 10.72190687988343 23.21338600244514 0.38231882941844053 9.769201690386016e-05
0 44 58.89046083561307 11.048143224016158 0.5897542690117344 8.634305412690262e-05
0 45 6.993265682475004 32.83016900519712 0.47222508704245736 0.00012344116308967654
0 46 9.602577444192061 17.69830556866212 0.46654006253108005 0.00013810418311998365
0 47 9.213219081357877 24.417776165803943 0.37076513658694144 0.00021499341135867078
0 48 9.266826106205809 23.60740206353417 0.7381966729438547 6.735323809307311e-06
0 49 9.274254293491303 32.04472432635151 0.2022928596924773 0.0001228451728844535
0 50 10.42343625101235 33.735467237381435 0.20488523680528414 0.00011307013122982264
0 51 106.56841398719087 21.232708802070846 0.3032891063839266 9.098608074776378e-05
0 52 84.77638408412527 21.226655641866635 0.3032547472397775 9.095331768581061e-05
0 53 9.488285903837777 27.282354395935254 0.2892418568743828 0.00010353317378983208
0 54 9.388859995936455 41.30499008840451 0.04946024700553082 0.0001426627800511822
0 55 80.95893527900691 21.073447102864883 0.29599783576492933 9.411566198962009e-05
1 0 0.9016014330465575 47.4127604027439 1.2749731273270044 6.717535427780502e-05
1 1 1.258509529786916 37.85840851261519 0.36032157670615184 0.00019790005400871198
1 2 1.209042945559446 37.683201685656734 0.08309657571431307 6.18100168695619e-05
1 3 0.9263589986154543 38.38605906661155 0.2109499752026554 -2.0158675126234552e-05
1 4 1.0781227538241942 37.898245999960636 0.09438221802148272 0.0001464486122316272
1 5 1.4317817431394044 59.111943653309794 1.2293818212082446 0.00010851944184996488
1 6 1.5617623350677665 35.27955508292163 0.14477738178004723 4.619359948137106e-05
1 7 1.2444026022300219 41.995919277981564 0.5791130487226308 3.85670732316239e-05
1 8 1.3831815781053054 39.148918773481384 0.1338440698609994 0.00020295381596934517
1 9 1.7303197324753623 40.72563252526201 0.34179975857314016 -1.743435685848659e-05
1 10 1.8016425200836608 39.864104110159566 1.0933401215901988 1.6033677336739397e-05
1 11 2.158512424722198 40.842510527278755 0.43935173337150485 0.0001341648291762976
1 12 1.8771550897655016 34.12074696898296 0.1088432889296853 2.902746205855969e-05
1 13 2.5057458330728037 25.300454637249686 0.30311078848380585 9.721517589944827e-05
1 14 2.3197483077910945 40.89841262608324 0.3377812623094703 2.640485743058816e-05
1 15 3.0389133517352147 41.69275142485791 0.26200757888559845 -1.2367943091969607e-05
1 16 2.94762197325449 36.619256998179694 0.2781347473596605 9.411573418553645e-05
1 17 3.1821721912635095 22.508278839083136 0.3152846259742035 9.244680433811462e-05
1 18 3.431305957728916 37.20717897543608 0.15268059294564967 8.215083502378207e-05
1 19 2.632099194588873 38.344789058003514 -0.09203773495771855 9.733438519074871e-05
1 20 1.4240272155646845 39.607609817455085 0.2519226925159862 7.432699461133694e-05
1 21 2.6669694182890877 43.85608021287401 0.08402617434499032 9.971857068037294e-05
1 22 3.055330298033343 40.31918377255809 0.1654337386375489 0.00013297897368178625
1 23 3.2423857768169704 36.90956175379205 -0.33577751024191727 3.737211887202353e-05
1 24 2.5382550191682367 40.06564248165879 0.4232408332990862 6.121350678282368e-05
1 25 2.20315064417389 45.221025166871016 0.6661650220224686 -0.00010111928099994395
1 26 2.326006232535829 39.613953203718374 0.24607964266668653 -2.73288361250928e-05
1 27 2.3024800836081933 38.82162632141745 -0.0898082350534875 4.6670436828427826e-05
1 28 2.123159343375677 34.01369291505296 -2.7766776801791155 8.708238604040123e-05
1 29 1.8480667651833733 34.01642188782721 0.03242978436760347 2.5808814952861428e-05
1 30 2.545469510425529 39.59570411859367 0.23262919718600844 7.468461990537561e-05
1 31 2.773831261768859 38.95571919663644 0.11771039911624953 0.00013500452050224678
1 32 2.0647617761542856 30.18877264561501 0.5580814088404129 -2.4169681457433795e-05
1 33 2.8698955710746645 35.264248029227836 0.12923732825022943 0.00014346837990526564
1 34 4.554572990152369 32.85636256362432 -0.7809016658069208 9.876489823621566e-05
1 35 2.8909716460778543 35.30569796209319 0.40621135154233456 8.171796777388726e-05
1 36 3.402675529924015 48.9892906341214 0.23290652110903565 0.00018972156322567493
1 37 5.988212140394442 20.52725555895122 0.3149947865160974 0.00011879018644232204
1 38 4.64413941037402 29.651743116987507 0.37313582842552806 8.326768899060672e-05
1 39 3.4921283068656734 31.70984403278669 0.15313635398679026 0.00011342763681249743
1 40 2.807932559744243 40.76409641897851 0.6671567245985561 5.9425864737012066e-05
1 41 5.669313312648709 39.996310974618424 0.40717302718528553 5.155802133085067e-05
1 42 3.975625930059268 37.72606507281897 0.27380725242052284 5.846939262353979e-05
1 43 2.8239118143027837 37.17695433924865 0.2314262237031356 8.064508353885103e-05
1 44 4.347894896970869 34.68960394225897 0.3444623469643937 8.49190162187593e-05
1 45 5.232896790579505 39.20849561562045 0.187716810091745 0.00010830163485295615
1 46 5.156496057422917 33.34670121490949 0.07035828985686834 0.00010889768460200432
1 47 4.946883671994156 46.18318509804192 -0.04434579810984941 0.0001301169714982047
1 48 4.990279009273412 48.64423829484898 0.47320132220258704 0.00010114939915702685
1 49 11.749999754581399 20.361604640369503 0.4412284003654764 9.554624748828969e-05
1 50 7.653278904819977 27.921200566327357 0.13598729161993897 9.816884992772823e-05
1 51 5.904895937905765 44.07079160225155 -0.061553261629925235 0.00024873052839494245
1 52 6.218141930518148 36.49490039805471 0.3819767608024798 8.577105166896322e-05
1 53 6.845853648772356 25.34010384891976 0.34681406158280503 8.851289730335233e-05
1 54 8.873461850714818 33.25046730780559 0.06916996824848995 0.00010652382097152279
1 55 8.65494229211287 28.867050800342625 0.24357270341528525 5.692243879707159e-05
2 0 0.4824758505672129 34.50648190278351 0.39578904813161 9.685754723009296e-05
2 1 0.4893451428728473 34.47417290916874 0.2864643837486015 4.619359962782939e-05
2 2 0.849563616696642 33.05799201113741 0.2505226295712948 3.2785338843444986e-06
2 3 0.5670963842086428 31.995329439715082 0.34222999734011866 5.17964364245784e-05
2 4 0.5173911863762901 31.447794989616117 0.17959783769432308 0.0001817345619126094
2 5 0.671198520237591 30.84720612072126 0.0549127018168843 7.718799730024341e-05
2 6 0.6404494853568716 30.04015131424966 0.3418214169697439 4.953146022868313e-05
2 7 0.959709181887265 33.69984823895949 0.34259757785587763 0.0001029387528202371
2 8 1.0339418970463101 32.520616323865454 0.4270366884718067 0.0001270174209041266
2 9 1.0541130315668057 31.3694302122703 0.2714710804872547 4.4524669841003705e-05
2 10 1.2248068659457605 31.203541611750587 -0.047507800767505784 7.086416084943332e-05
2 11 1.5469802676269944 22.375204756736807 0.30669412472764246 9.255614414446398e-05
2 12 1.2416190684450814 27.689233193393502 0.6671485421918679 7.694959676235943e-05
2 13 0.7374235622145011 30.034344125029982 0.24305098834003988 6.335973761169284e-05
2 14 0.9682637984016345 31.248978539141735 -0.004017635821430592 0.0001985432913094891
2 15 2.442192896866998 13.2308752764623 0.35530563184333197 8.827447940671347e-05
2 16 2.1952277650875125 13.898215268776443 0.3324076728544125 0.0001094937328674604
2 17 0.8263563953482383 33.69990975285124 1.3119256439414122 9.441111497246714e-05
2 18 5.469203435596348 20.70550544698596 0.3707889611068158 8.6796555526149e-05
2 19 1.9730351658272383 21.23950100921887 0.3136425126502803 9.328127242732339e-05
2 20 1.6423321914048823 33.07579369679293 0.33361507582731253 9.197383577919761e-05
2 21 1.1203873851386872 27.24004952149558 0.29834409151440644 5.990266878256787e-05
2 22 2.0679308135260626 22.166538936040197 0.2999219012136891 9.566041181818197e-05
2 23 2.741683927974865 9.658280415763596 0.32644940326020755 0.00011545417390167753
2 24 2.5837990080574067 10.8789123255724 0.3855350528120739 6.212708660741682e-05
2 25 0.9383585554537515 30.35673778222379 0.005826230463732322 0.00012689830183505377
2 26 5.306004610768757 22.64226795656539 0.30446635800038224 9.316164689126598e-05
2 27 2.1949358040571916 21.307092362671277 0.31103948339038634 9.615970412951716e-05
2 28 2.1080619598416317 26.057711191451162 0.3090088008830606 9.137392045379116e-05
2 29 0.882081564922811 31.834256571722626 0.024300457387198923 0.00014252107239746392
2 30 0.9470719276742028 32.18148404810138 0.2163816042702564 5.263090122217252e-05
2 31 3.1907601870073976 10.30097502602764 0.2843313270595713 0.00015217065462542405
2 32 2.280599233688068 20.783415214752786 0.32067744754398375 9.399088712935544e-05
2 33 1.271491253657292 30.514090866390198 0.34505225505441495 4.822015881758896e-05
2 34 1.2647495544141272 28.774434348034788 0.20179887556997922 0.00010181836172666906
2 35 1.0661646703263639 25.792115114697708 0.25712419194316916 8.79484412823523e-05
2 36 1.8829966555004911 19.101843803519245 0.3841666360147068 9.137393991802672e-05
2 37 6.9226525709293325 23.78929669601291 0.1038285515235547 0.00012642150218518985
2 38 2.5721669591310206 24.96287620499306 0.33348721376716506 8.919756921912022e-05
2 39 1.7955063799419368 20.756366400824085 0.2950781295211917 9.3049916539271e-05
2 40 1.6305910549262719 21.519037878981123 0.30360032297771533 9.244681147545296e-05
2 41 3.55994847260738 8.281815078265362 0.6715191884170575 9.660437512680898e-05
2 42 2.5535764200032567 18.30914774919328 0.3394576173367747 8.899055310934034e-05
2 43 1.6945713094131802 21.988871799133 0.30525416253535287 9.459247475094613e-05
2 44 2.5244707006068507 14.015884300263846 0.3955336739018085 9.554624588531689e-05
2 45 2.4185337714305404 17.62783392207436 0.3970671556181282 8.268544865655547e-05
2 46 2.3963360277184242 18.282991617340002 0.31188566158980613 9.111514469516875e-05
2 47 2.381594536380942 16.45488493634916 0.3270300038710401 9.328211590124014e-05
2 48 2.878113464408414 16.89426976939705 0.4219259418601714 9.255515340251107e-05
2 49 30.062031431373025 32.11705070461359 0.401031786480314 5.5611389735591246e-05
2 50 3.978430152731635 20.406322725441694 0.3014018849084593 0.00010734832148253336
2 51 2.430991907532986 16.37489315713501 0.33969323753405434 9.483102022778192e-05
2 52 2.368558044992894 16.93410913164601 0.3068025301060211 0.00010865926739878648
2 53 7.7319931863865445 22.030598133072747 0.32584161003915896 0.00011055742016263131
2 54 8.313182943809515 23.560736039354868 0.34093663066508223 6.63399675627336e-05
2 55 3.873716207582792 8.394470303549536 0.277358780914721 0.0001229643820924149
3 0 0.3974398205674253 32.33723267325112 0.2840836130740706 6.133318178112343e-05
3 1 0.32147039259452115 33.17764350389547 0.48784536364058895 6.89632787785455e-05
3 2 0.28916496437300965 31.40043265552916 0.1620335742178392 7.194280605536086e-05
3 3 0.35970585927908705 32.64920296370636 0.4180849357489962 -8.732080589776674e-06
3 4 0.35402545923827455 31.149468122264253 0.2250210114861098 4.4047831849220705e-05
3 5 0.2964551396617506 31.183116713596625 0.3958857281417917 0.00012379884695707587
3 6 0.2858075431479486 31.296563425435693 0.240283149658444 8.267164229134173e-05
3 7 0.47092024097413937 32.417026866369056 0.4846974175111617 6.94394110922351e-05
3 8 0.43456545171964767 32.69752666210807 0.36781185699499586 0.0001451373174804019
3 9 0.34396183411758013 31.752370691598728 0.21603177579110533 7.58767127481159e-05
3 10 0.3815189515410776 31.954325280396432 0.38562485882513275 7.241964685190337e-05
3 11 0.5232922879167715 31.359037293539945 0.15925963907945861 7.325128555649663e-05
3 12 0.5695617585550385 31.79051517996391 0.28287962041544473 6.204843520785073e-05
3 13 0.35815959020830224 31.14042022428454 0.22226558859175483 9.149313161795118e-05
3 14 0.3351229455164044 30.563050023791273 0.13329704567276243 6.073634973211128e-05
3 15 0.538209995905389 31.751495754085955 0.20346406111622808 2.4735927590069902e-05
3 16 0.57168379871062 31.267063299339647 0.12398971920320004 5.5015088497721115e-05
3 17 0.36236930788457966 30.559422388092116 0.16314681137921855 9.119510496035046e-06
3 18 0.35852793841305414 31.045275232799654 0.31792567891039103 5.942586302135919e-05
3 19 0.541295939771316 31.853215464317238 0.31328516509878257 -4.500150284152315e-06
3 20 0.4524723294215434 32.48450853367473 0.30457198394052976 2.902746059682583e-05
3 21 0.2871000909888647 31.07523781144785 0.1687603174493481 7.621531329171656e-05
3 22 0.3107518360377393 31.86492330232737 0.4848108824800309 5.278925462466119e-05
3 23 0.5428946368409148 32.31320775610929 0.32222173491774786 6.90817831961813e-05
3 24 0.5096709679057208 31.058567487568354 0.18477976487407133 2.7596950780648546e-05
3 25 0.2801761718211105 31.37168328849959 0.2833329307022402 6.94394111185641e-05
3 26 0.32944226435708823 31.09475997152422 0.25093041057439314 6.657838796477771e-05
3 27 0.5351797189326235 32.992729544649634 0.4429377356990344 6.574392382010438e-05
3 28 0.4720633940891618 32.386163478648015 0.3388228076684298 8.88109730903716e-06
3 29 0.34825720321003606 39.20794329962898 1.4487545708336937 0.00010139494215658644
3 30 0.3336665825769876 36.632526195599056 1.1771139383477447 6.496907080919293e-06
3 31 0.6753772060842327 31.659059179110685 0.2646861797410564 4.440546075037519e-05
3 32 0.5009297984276926 30.629955476090714 -0.2794333731784837 8.660555005198588e-05
3 33 0.4458921698149758 30.760585386492316 0.23559912124273757 6.788969004471581e-05
3 34 0.43844008488785446 30.746958551084585 0.23632793929111173 5.704162846243839e-05
3 35 0.42577957290357415 31.911121986125128 0.2560833609507881 2.7716159452670045e-05
3 36 0.5388526691552437 31.865892523121353 0.2836871675447989 5.882978406731094e-05
3 37 0.5296911660557541 30.47393075190314 0.20762691436950603 7.122754348916539e-05
3 38 0.5030208856373227 31.300576687264225 0.3135508353324809 0.00010222196572918672
3 39 0.5357564440793274 31.410136907751152 0.2591014159819798 9.54270362469834e-05
3 40 0.5034013213741402 31.99859799710702 0.3264719112521296 0.00011962653722435668
3 41 0.7150465577237056 29.80577453726665 0.2442489303656003 0.00011342763880660635
3 42 0.658484768700602 30.395136565572606 0.1866150287576781 9.292364104936134e-05
3 43 0.5064462059510864 31.04754020248447 0.019422052875000116 5.060434341862376e-05
3 44 0.5954737903337273 30.478376252094474 0.20767408767845424 7.611513176299273e-05
3 45 0.6400475709385175 29.72781847695764 0.1792728083400001 6.12139705842357e-05
3 46 0.667625065017382 29.72247169887828 0.19403534679164397 8.004907052637256e-05
3 47 0.7200723929175414 29.41307088988271 0.31206862033285765 6.192944740019016e-05
3 48 0.7940699546537419 29.353974602879845 0.30813784806343025 9.26852226922949e-05
3 49 0.9204502844644409 30.354481519488083 0.25739994409786027 9.10560611862336e-05
3 50 0.8910890518875113 30.089407473954672 0.2996784647833434 5.07235494082677e-05
3 51 0.8376730503908838 31.825677026382568 0.41028289318193834 6.181001674627458e-05
3 52 0.8708477389550995 31.973462525562347 0.33073971912923017 9.065866462372475e-05
3 53 0.9942983685221511 26.210230169805396 0.2907903720510434 5.5015087233344545e-05
3 54 1.0999672310704405 30.35451887313613 0.2795572404218292 6.12146774845356e-05
3 55 1.683493943250693 21.64300395843959 -0.6538298650348071 7.075071336467575e-05
4 0 0.5176769441083833 31.4881083611574 0.22224916719064952 0.00010102987285095141
4 1 0.28525350530638754 32.899227140577125 0.35142231100068144 9.16123391802676e-05
4 2 0.26344949744592916 31.040033024107316 0.08072085941401717 6.526708513682673e-05
4 3 0.3310671458667021 39.58011539999778 1.400430882333159 0.00012224912640230946
4 4 0.324962556538736 31.648486094468723 0.428178814068364 0.0001919865637867767
4 5 0.2797511984684099 32.103582401412226 0.44369567116805053 0.00011903047553358853
4 6 0.25566682758287956 30.8835698065266 0.06025345475099919 4.082906696668526e-05
4 7 0.6564825435220634 30.972191524134487 0.21397931461137448 8.922815323054515e-05
4 8 0.36710469792711387 28.90686401714077 -0.7065849193533121 9.126474375343959e-05
4 9 0.2553074422884682 30.829335074284117 0.030605847766441624 -3.427265527111993e-06
4 10 0.29149018698956397 31.606037424681872 0.23694366361290853 8.803606038429288e-05
4 11 0.4438112469543132 28.27853532537508 -0.9983518348622018 0.0007352233051695732
4 12 0.7131921171163726 42.92654363982082 1.5641844842806807 8.548155023576596e-05
4 13 0.2892066353222459 32.852160346244126 0.5878917376309203 9.828805876015059e-05
4 14 0.3175052981751287 31.49339894696243 0.1618903232945189 0.00010222196623356229
4 15 0.5470280818578095 32.88573749695132 0.5332211906484734 8.481739997451846e-05
4 16 0.6319697390597973 30.78621446320195 0.3128736135398794 6.443262128667308e-05
4 17 0.24686995218310245 30.871495330440197 0.10901628649533979 6.65785292156534e-05
4 18 0.2787435200727291 30.99341761978353 0.22588083311042256 7.456571417026022e-05
4 19 0.5196527174997789 30.93431851953271 0.31933206355899135 8.016824665359205e-05
4 20 0.34264840660995927 30.39685134692045 0.15299565348923033 0.0002528807847393017
4 21 0.21932750161598374 30.86148485662589 0.37380018530159237 2.4020611608524768e-05
4 22 0.22451512685665959 36.51958057080522 1.2149349122286917 7.559495582207753e-05
4 23 0.3430418833661248 37.16024624889178 1.2979761899696856 -0.00011596082102438045
4 24 0.38411878415345085 35.1508966244211 1.0494313783956188 0.00010063402056309306
4 25 0.25888635819490136 31.48014161258932 0.23680920143672404 0.00014536984453725785
4 26 0.24817343106755219 34.916787667931985 0.983918071490635 8.69118396691406e-05
4 27 0.48837289914764404 30.96609789731084 0.3174835874004537 7.981061964976223e-05
4 28 0.5080847746122821 31.720391930068395 0.21600742620087887 5.7876110076326044e-05
4 29 0.2733742509271427 30.90665952291226 0.36065982826182835 7.838010811802842e-05
4 30 0.297606284629475 30.86805202155144 0.15164980632193523 7.65935035158029e-05
4 31 0.536885645045255 29.78551389062781 0.11195310472194168 9.769201240625292e-05
4 32 0.4672452873504857 30.479891786438486 0.23824819505420683 0.0001055598258615565
4 33 0.3253068356343322 30.46730864712592 0.004112250332962562 0.00012725591709487243
4 34 0.29983440803222217 32.1265477657342 0.35237215138466876 9.244755569842481e-05
4 35 0.3651302046852164 30.859983231796548 0.25911318544319994 5.69224358756097e-05
4 36 0.33558050618987467 32.96714320463742 0.585491009473641 7.706880565805371e-05
4 37 0.31318304357639826 32.28238922492683 0.3661618982211603 4.559755200331707e-05
4 38 0.3025835153454054 32.36302279182438 0.3645554257376174 1.2934207906104139e-05
4 39 0.384876893626349 32.07676534783809 0.288365448029243 5.775690403580029e-05
4 40 0.357769528776206 32.80365115921016 0.2777716152757791 0.0001038908957656254
4 41 0.34452183134658027 32.1437297152636 0.36913245683421914 8.405838050350016e-05
4 42 0.3518963390901527 30.788658884986106 0.03595249426433697 9.357929258995133e-06
4 43 0.36193353428613007 32.20757704546389 0.42487914217177636 9.834766340994863e-06
4 44 0.41921978340827476 30.217125495586167 0.09794050203013305 0.0001720623490340945
4 45 0.372465302392728 31.088653752202795 0.5014673900101655 3.725290020765787e-05
4 46 0.3685548862282064 30.152543947776664 0.2615765105378697 0.00010758639013712517
4 47 0.5151972384186951 30.298524263941694 0.23366794232051163 7.134675959662772e-05
4 48 0.5165997935900788 30.260946058277796 0.2806294067428321 9.685753570336604e-05
4 49 0.41389451228204366 29.766513899821042 0.24091480988098057 7.134675976812408e-05
4 50 0.4120299708615275 30.181134260216325 0.1120656550054226 8.157735816089169e-06
4 51 0.5094141704229073 31.611366851146236 0.3385000887143421 5.1796434850038875e-05
4 52 0.4286960785841425 34.7043004556547 1.0531575351460334 0.00026613473934730247
4 53 0.39368782283924275 31.63917290206424 0.6439266420667027 3.20076942530268e-05
4 54 0.44374254141536096 32.02005142711977 0.3378022567711209 7.575750350318514e-05
4 55 0.7227588206707269 32.483900985637106 0.5399297693221313 8.553266525164954e-05
5 0 0.2936103210044216 32.75084049889595 0.267955051813638 4.3928623371972575e-05
5 1 0.28592869604887483 33.383808230495134 0.2789222731457628 6.966794639182463e-05
5 2 0.24444276345547478 32.82492074227564 0.336521567856723 3.796816097476398e-05
5 3 0.2754331712145004 32.705060759374305 0.2673072582938141 9.148913153142992e-05
5 4 0.27274232678129423 32.630022070322845 0.23012051554344914 9.506940948328848e-05
5 5 0.24042963556031016 32.75978708512057 0.2768514585332368 0.00012963855388985941
5 6 0.23968022865055455 33.24824916076532 0.4549355673607953 -1.0460614678085895e-05
5 7 0.32285369398302766 32.47816327295884 0.22935187266782592 3.6537647506168074e-05
5 8 0.2784730040072143 32.15979962541945 0.18396035878965267 7.897615166894238e-05
5 9 0.32132013606542187 32.183641225925534 0.14505173787641143 9.495019834309233e-05
5 10 0.29671760819810505 33.22397052737723 0.3389284775121004 2.5436366074259276e-05
5 11 0.28526525400005504 32.608024723424094 0.21043866933318867 0.00014537572857019332
5 12 0.32170509944778214 33.41086887636985 0.4165583048191138 -1.0639424166659495e-05
5 13 0.29976576608039285 31.367050079549735 -0.25956905523143164 0.0004105695377116293
5 14 0.31780342916371507 32.1310871089808 0.2114809402939957 3.5226344954964175e-05
5 15 0.2977685472645331 32.55632962530551 0.21121787673763684 5.99026554960693e-05
5 16 0.322234991447618 32.608029568630286 0.2417032858276696 9.709596638044117e-05
5 17 0.2685962368584389 32.47677784927238 0.19417995833304813 0.00012820959019473982
5 18 0.2641071129121562 33.261122990739615 0.3947972636137428 -4.2401809946510586e-05
5 19 0.29298873527130276 32.52044617346935 0.27879192435938477 6.300211007234371e-05
5 20 0.27080361311598977 32.65668874032927 0.3033585303022762 5.513427249454847e-05
5 21 0.23348564201481195 33.383006714627335 0.4539988551857168 -8.663542550743168e-05
5 22 0.22674147544426237 32.781817577412575 0.33114446792716856 2.1040428975159897e-05
5 23 0.2560165518170741 32.66291522313523 0.320978505686575 3.5226345226358234e-05
5 24 0.327282464953612 32.21542373072211 0.03860764303672201 0.00010544061682018704
5 25 0.21827941041460197 32.637229381706376 0.2260317706930488 9.721517559241609e-05
5 26 0.2542206662780654 33.250716131416794 0.3595300955662259 1.949071689363824e-05
5 27 0.47491875724747235 32.62231229438591 0.14762845612517134 8.898973532539673e-05
5 28 0.654960906333608 32.619783427434974 0.10194125103145549 0.00012654066314907625
5 29 0.2907029372370825 38.939627328264116 1.2183981135075517 8.379954520760958e-05
5 30 0.35991452569755156 32.93199647566677 0.33152391903971695 1.5437606214242204e-05
5 31 0.5182211540746083 32.71043215551644 0.2829218631017173 7.63535500537416e-05
5 32 0.41787607077994693 32.78729890399798 0.3067204062669665 3.88026165815593e-05
5 33 0.2805406324404788 31.993304134143738 -0.01561051620687504 0.00010663244075069717
5 34 0.3030208750136987 33.235869571436794 0.26983003479284184 6.12139704033913e-05
5 35 0.24209744447658393 33.427057362110276 0.3621155831029245 2.74777405697751e-05
5 36 0.2501281797737747 33.20149502191779 0.22586133367582242 8.011308558634035e-05
5 37 0.31602875230707533 35.19826523011084 0.6018221373449555 8.600950256202919e-05
5 38 0.3035580298297301 34.05988298249501 0.3294535946541929 5.191568451290765e-05
5 39 0.2993942478411419 33.29207667146373 0.07854068399309744 0.00012499094135220518
5 40 0.27141853139784616 33.89845861362903 0.31521133159031745 -3.752112256886661e-05
5 41 0.4205309554729781 34.21148877626699 0.4092043742498853 0.00015228988181877876
5 42 0.4168234529662177 33.157034686351025 0.17021677470817437 4.166364734470986e-05
5 43 0.3199810192377464 32.77939885640616 0.2264453347131553 3.987551945651895e-05
5 44 0.37932234590469394 33.368720678369996 0.33544965959166373 0.00012248754571447817
5 45 0.4066993756280442 32.49729347869152 0.2123930983827857 0.00010234117523527734
5 46 0.4218342398528688 31.897692575360054 0.17606109736190145 6.455183205786704e-05
5 47 0.41273397262506534 32.71967033840546 0.353506949986292 2.8909740707710185e-05
5 48 0.41487717757601145 32.56102828814825 0.29319310477470106 6.45518323345595e-05
5 49 0.44854054422543943 31.92177422797422 0.32348883308351617 2.1398067609758938e-05
5 50 0.426349204660602 32.31236610695463 0.03172721297156654 9.482881838962208e-05
5 51 0.2954265939866968 32.72951375227443 0.14628583806519208 0.00010031461569933131
5 52 0.2981173663898404 33.162197147254275 0.17532997264822028 7.289645003624994e-05
5 53 0.36368124247185485 32.72998714150067 0.06469245665926068 7.861852820886244e-05
5 54 0.36100777497007536 37.048664783055926 0.8950640599004829 -2.041455106871939e-05
5 55 0.37601694622596793 33.47303566025245 0.3311957251648997 3.9636942341988185e-05
6 0 0.17432999002592925 29.841398741546737 0.35471325912491813 7.801572906641842e-05
6 1 0.2086015620496098 29.31025380699877 0.3179930433075082 6.800893617405664e-05
6 2 0.14605927036773808 30.50298974269292 0.6100066505630612 6.526337327250541e-05
6 3 0.1456798729647557 29.349682173591024 0.2735518839367348 9.959936250575628e-05
6 4 0.15357244632574407 29.688238508650066 0.25396994767906816 9.626221062030446e-05
6 5 0.152250768403807 28.43568319054296 0.31459044501174327 0.0001092553199699342
6 6 0.16993033585879586 29.033619470810812 0.400986917403909 0.00013226275249784107
6 7 0.24464747179514662 30.300646559596487 0.4091153264856849 0.00010932516513960028
6 8 0.17457245869503607 29.844007403473896 0.28432862387220026 9.28044308177731e-05
6 9 0.2260071472571262 28.666118269814593 0.20650354782922367 8.577108433503372e-05
6 10 0.25611922591721503 29.322694287814684 0.2660210103868881 0.00010294727723834547
6 11 0.2344886774252338 30.279523622823838 0.23586251700710897 0.00010555982595031252
6 12 0.23687028513238045 29.147280561910513 0.2105177786613555 8.585020585123433e-05
6 13 0.23898312686599493 28.671418393770224 0.2063880865978397 0.00018018483292859215
6 14 0.22777607268351263 28.71593572538742 0.34120370917847953 0.00010222196574806711
6 15 0.20363237621290353 29.74629050192646 0.43670607549671925 7.992982863559796e-05
6 16 0.2165431953542342 29.36359900035343 0.44220567315823067 9.006265363005337e-05
6 17 0.200164795170237 29.060205192290127 0.31124033928445494 9.173157085770302e-05
6 18 0.2072644786287196 28.956665181117344 0.32521545397418816 8.74312386043837e-05
6 19 0.2311742100084607 29.036086261550686 0.30930616044991377 8.818300032326163e-05
6 20 0.20783614151773205 29.023911600352648 0.29260345883724304 0.00010091066330619966
6 21 0.1689729884647838 28.76346617084385 0.3532735125900339 9.995698929059739e-05
6 22 0.14809236391928132 28.63024832602809 0.2740634240735491 0.00011307001547788888
6 23 0.18141526933856197 28.430782036158835 0.3147092497306849 7.945299149992593e-05
6 24 0.2343225386281917 27.072198257395275 0.21040467117118983 0.00010782480249573492
6 25 0.14829870321492777 26.543405952532936 0.2695433805684888 6.514787737701822e-05
6 26 0.18640447911824773 28.719085445810094 0.3252830659274215 8.755922353015629e-05
6 27 0.3224145007291515 30.271244907779348 0.19099490082454146 4.7743320467954806e-05
6 28 0.4457962123084341 33.52182411962629 0.4401452900243299 0.00010770644612331619
6 29 0.21812195399613113 28.933536598551804 0.26677540006954903 0.00010389087597867711
6 30 0.2768626636669813 28.50733758300926 0.24454720002890973 0.00011044742132075276
6 31 0.24133572229102135 25.0722455144858 -2.9835648005687765 0.0002993941360680392
6 32 0.2566937994294176 36.80825823656474 0.4474096974430084 -1.063936153060125e-05
6 33 0.17562996450244361 43.3798616368899 1.8837776853330053 2.4897863354183286e-05
6 34 0.2407737221660049 28.441203225575077 0.267351258783238 7.754615368914719e-05
6 35 0.13246597724211281 27.744753925439362 0.2810887748715547 0.00010305643031713265
6 36 0.13169044583177036 29.308011318491896 0.31537856287966115 8.255243280666765e-05
6 37 0.22713803619009443 28.434780603233378 0.2628984608770266 9.065866476524244e-05
6 38 0.1486885546119398 25.75229803330504 -2.480444368824855 0.0002177357602006843
6 39 0.18209425558178616 32.20726239576443 0.334369565089208 7.909534036378907e-05
6 40 0.15273020040834856 30.235467943294402 -0.06216182162299812 2.028804670220692e-05
6 41 0.28994014986720873 27.69536259301426 0.21276806141212729 9.721466073945532e-05
6 42 0.29917063083947487 28.44004905615021 0.3279645818869505 9.244680404956121e-05
6 43 0.15382349948003915 27.823587610664635 0.3271401762132458 7.00090323709807e-05
6 44 0.26782655229752356 27.85608598686447 0.34977393638741117 9.399652477497285e-05
6 45 0.21270287167398536 25.169013088666475 -0.40626297803095357 8.735725693466453e-05
6 46 0.24188742490436738 29.578090826103804 0.18373662258775708 6.693567919361323e-05
6 47 0.20352208748108308 23.875834150399456 -1.3386640047448615 9.065866828163516e-05
6 48 0.2043778313257034 25.12387744126851 -0.667758764815769 -0.0003834068770453915
6 49 0.20610184343465224 25.13998927004361 -0.6178204228802178 -0.00015261769356058813
6 50 0.28658197824917686 28.192115499403137 0.30158806474625477 6.526704460420494e-05
6 51 0.16476494662765934 27.962499296541445 0.2989767598913623 8.744001388530505e-05
6 52 0.16340732106924516 27.94074608907244 0.23537474507114892 8.636713027868271e-05
6 53 0.18400059408813074 24.463954259555152 -1.8474733980091047 9.225308942809632e-05
6 54 0.21862771744600157 27.262870816125037 0.3655261918673746 8.505582840894221e-05
6 55 0.20112719502399234 27.780647712805504 0.29597434317845633 0.00016027688978964083
7 0 0.15155904805586143 24.022780097624405 0.2670153027015477 8.660555685555325e-05
7 1 0.1359472286584668 24.671244433603185 0.2526792462949586 0.0001077657056104691
7 2 0.10927284161164355 24.748024099877487 0.3203076406987682 8.386373573918222e-05
7 3 0.12875575160988165 22.017768835252895 -0.23572803038781326 0.00010138750084185322
7 4 0.12904614793617786 23.4519677817904 0.29438494755112643 9.506940729319449e-05
7 5 0.10574638373004477 25.391521802164604 0.33793511493284784 0.0001025795889266593
7 6 0.11340720296430357 25.53039104437476 0.3477593765224043 9.149312992645729e-05
7 7 0.4984346453750984 28.31512722121532 0.4246947077690888 4.23788968299076e-05
7 8 0.5714874564256794 17.970775941840728 0.3755686087264649 8.46981991442841e-05
7 9 0.13594474095977382 25.65138419673822 0.261293680399197 9.483265388435591e-05
7 10 0.17400454532393572 26.134974908068735 0.33138539491369906 0.00011187790326242281
7 11 1.0321747609283074 21.29863184477221 0.3097281821042543 9.125471078987314e-05
7 12 1.5482732918166138 12.16107717868963 0.6292722512973241 9.769201292633657e-05
7 13 0.17347587717622515 39.25816314639612 0.4222138471889944 8.386373520022247e-05
7 14 0.15219426652213705 27.289006485979016 0.22247898592299797 9.399652367608665e-05
7 15 7.874590494240371 5.168302728701213 0.28321433514915406 0.00016409161211783678
7 16 8.291709022856782 2.8514286503421165 0.09634987898304614 0.00018281599172272235
7 17 0.13004097850184215 26.12508623220176 0.28906438636860704 9.757279989319577e-05
7 18 0.12873502246448648 24.936572642359238 -0.7337010574391024 0.0001365543144324388
7 19 5.557326346337885 7.986986545472309 0.3148598823015556 7.606205775419314e-05
7 20 6.533713668467437 5.526445982683234 1.070613329388143 4.9057881966742906e-05
7 21 0.10302420773733566 25.238399055329978 0.32183797791393154 8.600953219409325e-05
7 22 0.09613002648535655 25.517820961186153 0.31283019735190787 9.042024607100232e-05
7 23 9.07612045822222 11.058166177810339 0.4838044635097689 5.382627165300834e-05
7 24 4.850646427800896 -83.67140548282615 1.000283718674008 0.00018309044738997046
7 25 0.11582369068505236 26.576591645530968 0.4744205940002782 0.00010210275612478826
7 26 0.14031385963247617 24.041281754970093 0.2751547180737254 9.685754774303078e-05
7 27 10.786026198985656 7.300673709973827 0.14929971331590358 5.3584577170558926e-05
7 28 5.767636659960251 -80.27045297978322 1.9108241978418734 0.0004469533346613517
7 29 0.12056436491117947 27.11415350764411 0.3027397981065011 7.21812609424931e-05
7 30 0.16745058831174742 23.328844000926257 0.2946545696510364 8.326769075597839e-05
7 31 9.248481299422005 0.6655217131559982 0.9051840340289152 3.557885704724684e-05
7 32 8.36544781312037 -31.339504908265454 -0.3608201863298963 4.029405134772782e-05
7 33 0.09042298233380708 25.958749675987974 0.3086993319146887 0.00010055654634138034
7 34 0.11529829222797627 25.00653883292821 -0.10252000825823637 7.313489916910976e-05
7 35 0.46030394556784904 16.639635892676868 0.2929767590261161 9.543083258005159e-05
7 36 0.5483777259412523 15.973924744819266 0.4087666750573902 8.832152004081127e-05
7 37 0.10084802194518275 26.547099839010365 0.2837061392148905 9.14931300436449e-05
7 38 0.09879930481092299 26.129143897842557 0.293525924336948 9.638071083156087e-05
7 39 0.2684917500876106 18.63638155200019 0.11069083048946812 7.992983612912353e-05
7 40 0.44641809418252354 16.639628689553106 0.30985831752285226 0.00012259832757186207
7 41 0.12835504230652167 29.951216609464378 -0.6370779784503352 0.00037509303391851004
7 42 0.16746889978976523 58.560638889408736 -1.0375577144813857 0.00010007620087256497
7 43 1.4802676903225722 13.977290006993627 0.2947049393862855 0.00011092357867787935
7 44 1.6741965431666583 14.642718832341465 0.5522476076715401 0.0001288052110750994
7 45 0.14202249376368833 24.206700740838144 0.16448694117574741 8.500916782640526e-05
7 46 0.13959815754343718 24.876778717813607 0.35156166941990197 8.231401476125932e-05
7 47 3.1285284702874754 3.381389172903903 0.8075304290905254 0.00014643629822038307
7 48 2.4312109700407256 2.6623395816632547 0.44330322203283584 8.647687989541155e-05
7 49 0.15073517832857386 23.960971994483934 -1.6905092168722138 4.607365742809024e-05
7 50 0.14802750167776013 25.571481865674997 0.2419340868971258 8.958698816831481e-05
7 51 0.8442040645191995 15.308410198354956 0.3057615952478071 0.00010336138219532934
7 52 0.9511975067574813 14.642870439731038 0.3182633435863522 0.00010651225079700788
7 53 0.11417213423542391 25.403380183120774 0.27368084254973435 7.40885755678431e-05
7 54 0.11499894533400895 26.01855531980457 0.31229129947246037 0.00010198354723844438
7 55 4.250018289336795 -0.665131844870769 0.42715241454223507 1.5723303353117486e-05
8 0 0.09688857824928007 29.111888517216574 0.31653601310930246 0.00012783576384617514
8 1 0.13980815415364894 22.43647490589761 0.2705057216061091 8.267163293946666e-05
8 2 0.11768227926569688 23.372398955462792 0.1846006139241096 7.63437731892572e-05
8 3 0.08555366536800549 21.42580302703243 0.3048316770755588 9.089392563482241e-05
8 4 0.08780735525618104 21.407713761896016 0.3060643055616368 9.030122103581169e-05
8 5 0.11271340988702748 23.083333453704604 0.3109602958877295 9.495022750100724e-05
8 6 0.11567336812156656 23.668204155815637 0.5092782694405436 8.243322374515137e-05
8 7 0.1667798633516744 18.30132509137041 0.21871458054561405 0.00011581182871235646
8 8 0.11044422706370746 21.809967333763716 0.3121116618531579 9.042026525415134e-05
8 9 0.13587858072311018 22.978939591016825 0.585752261706755 6.252527257639515e-05
8 10 0.16708219772293087 24.259276216346464 0.31224550145992047 9.69768065506742e-05
8 11 0.12999800398566716 24.089631740880225 0.3464792783677152 5.549192348186436e-05
8 12 0.1407669554906834 24.933189641723622 0.32195303038784007 9.554620720616459e-05
8 13 0.17222368540487387 22.054442480602063 0.46570747648866995 7.84993208624855e-05
8 14 0.15029861511413362 22.911722628913413 0.24943707330732418 9.042034752076198e-05
8 15 0.14957317351090132 21.237732037237528 0.3699476340198795 0.00011783838164734702
8 16 0.15234625462786267 20.54844796761079 0.3846211952655749 8.004904005710125e-05
8 17 0.12812871113823054 22.439923967726124 0.4951711277226306 6.180997856395905e-05
8 18 0.12697341204698448 23.58551090069643 0.27709588329440477 8.971179978379303e-05
8 19 0.09711098817509255 23.585517498751518 0.3459886019882744 8.43407555883325e-05
8 20 0.09803622575116347 19.759849468666808 0.2991186368899462 8.863422715090139e-05
8 21 0.10990315921966545 21.98228381885677 0.29593691623311735 9.043690218255513e-05
8 22 0.10994292339487058 21.98685881823979 0.29619135884439673 8.970499379191974e-05
8 23 0.1200534370931298 23.512156330774005 0.2939835401403174 8.612871620834301e-05
8 24 0.15299666853468147 21.75401264082599 0.21226897584661952 0.0001640915870725999
8 25 0.1184467602540657 21.595050298185654 0.29964341575536846 9.089706019393325e-05
8 26 0.13315885607780517 21.818443010113143 0.2890320760881607 9.292360086245569e-05
8 27 0.24225312917689373 24.039593810736246 0.13395139827234823 9.077787428950345e-05
8 28 0.21723123655003373 116.5599903610858 -1.6955295967035742 0.0003980996529603443
8 29 0.15059651915561245 22.46713230794973 0.2932962355096671 9.089708299670266e-05
8 30 0.21045907595872831 26.94740890903688 0.3013232119297907 8.994340924990153e-05
8 31 0.19665394852246026 97.42619806758984 2.0319308035922656 -0.0002903713412623081
8 32 0.1825152806278863 261.04133189243396 1.8965622442845067 -0.000682443450868938
8 33 0.0799568261078618 21.52363648182861 0.3028375884936475 9.173148639701368e-05
8 34 0.11462171548512384 24.315505522186626 0.279541064261381 8.541345935835737e-05
8 35 0.11406553425205997 22.370713944716414 0.2710854612561051 8.553266157173761e-05
8 36 0.098862303316721 22.637378347537805 0.2830940331745866 8.934736428729435e-05
8 37 0.10905204355257969 27.087276616500873 0.3051533551424241 9.003828673954886e-05
8 38 0.0923577280746271 23.441752087482563 0.20202242270138895 0.00013172540483486628
8 39 0.1471676982929017 24.52166834112134 0.2758677743916672 9.065962083460897e-05
8 40 0.13133821863487316 21.501012436129123 0.3039838300035135 9.101631602587769e-05
8 41 0.13067835434180375 58.99206604171577 1.74515319472547 -0.0001893517375385853
8 42 0.16262755821371921 87.59031791355645 -1.3351896526702791 -0.0003892481158593212
8 43 0.17762681398521957 24.25941930732604 0.06765175866503466 8.559402375648232e-05
8 44 0.19572832878450186 21.406796734462628 0.34455212112464517 9.065866488157961e-05
8 45 0.17455980002328145 20.93008280062161 0.2899961147129859 9.089708326409689e-05
8 46 0.1497535548905016 29.65036348480858 0.468076635758755 -0.0002999604135063771
8 47 0.195854121007911 22.598603023061436 0.29635441075841423 8.64863401689122e-05
8 48 0.17432597775878803 23.689727501872085 -1.3761978324115107 0.000146210195681964
8 49 0.15170371777147568 210.46238850444416 -3.5824685073182776 0.00024896859947149595
8 50 0.16145229650735898 19.929515777193632 0.11801136577835554 8.010545050599838e-05
8 51 0.10175416370060753 21.94142032704665 0.2902009852085192 8.946657902162111e-05
8 52 0.09084294335895057 24.341224636925375 0.3056441347205727 9.816862983659947e-05
8 53 0.11390399876004946 21.989842324240904 0.30910299973481303 9.065867126853595e-05
8 54 0.11539886412976634 26.2810092953861 0.3184094778917961 9.624588468593066e-05
8 55 0.11485865103645679 23.585595773889438 0.29164077319447557 8.909062755273878e-05
9 0 0.09380042355554236 33.763669897569656 0.4245836405736514 7.182359695358828e-05
9 1 0.1619653027449211 27.058627255386945 0.49697505789526886 0.0001107486593846102
9 2 0.12304009441320221 21.54316537530822 0.5281630892490927 0.00016552210380384346
9 3 0.06708748238441672 19.56947913748421 0.35381407433193457 9.709596597405547e-05
9 4 0.07829973161242257 20.747163088241308 0.39284942712079635 1.8179416817027975e-05
9 5 0.12859591636016615 40.247297653464905 0.372698996260014 4.535951662367941e-05
9 6 0.13319217128301786 36.931276743267276 0.2576700130726439 7.206201659787661e-05
9 7 0.1517079622890258 85.70926956754772 1.412507021936234 0.00012737239613960926
9 8 0.11760552199465399 49.04046878999628 0.3177221201271827 9.208918124417709e-05
9 9 0.1452896499099941 19.557853553377882 0.3881664911468269 9.82878445553938e-05
9 10 0.18035569706279891 33.75737401240933 0.13788263180878751 7.563827620940902e-05
9 11 0.13173653269731905 27.773082224186837 0.30502183131903926 9.87587176245559e-05
9 12 0.13917443211883784 40.24716603978999 0.5331502892697721 0.0001471325972051406
9 13 0.16981815319608445 20.149321013999216 0.31961613497624436 8.064509490477119e-05
9 14 0.14207252921355315 19.062003636314103 0.29315966599778764 4.8696915644888506e-05
9 15 0.13269198472937319 18.418222394956615 0.3003313170076673 8.8462496417604e-05
9 16 0.13614092442169776 18.389128155860178 0.21854546619700582 7.015564883549889e-05
9 17 0.1304744730241918 20.967536681594616 0.4807427620842515 4.273652598888002e-05
9 18 0.13390867464082873 19.013097724414468 0.37645905470521357 4.0233135306548645e-05
9 19 0.09785702991149954 27.968384638306915 0.33495638740838896 9.973872144233414e-05
9 20 0.09897430998161633 14.619460035398767 0.2464594896752469 0.0001682639121368424
9 21 0.11820270090254004 19.547820997078297 0.29997994834221137 7.730722486167072e-05
9 22 0.11794821618546689 19.100296007016432 0.33276009133879203 7.146583252838385e-05
9 23 0.11473295852801424 19.974234859950485 0.3182575905320757 8.147954878327441e-05
9 24 0.16158109280289262 9.728606634580473 0.20093113090990716 5.7637431826984304e-05
9 25 0.12366463345058389 21.14541102635404 0.29019505155026964 7.623431149980309e-05
9 26 0.1318495018229371 22.7781799638935 0.25371758255294097 0.00011116224339280365
9 27 0.1667256327476071 38.65044715623492 1.0661124808490312 0.0009375214522248235
9 28 0.16144140640021387 221.70111429718605 1.4536095827908921 0.0001733476133052665
9 29 0.13925618382730273 30.01489838451122 0.46964957307477173 8.922813574483948e-05
9 30 0.1659895952966931 59.308034017243585 2.42404181455486 -3.3527557474098974e-05
9 31 0.18175490091839233 20.464699438082498 -1.8306048454905657 0.0007860343305445611
9 32 0.17930071872159675 57.31482206802758 0.7941453730112693 0.0004456639300245499
9 33 0.05295824622589781 24.20412332121773 0.38532013605346127 0.00023883619431442108
9 34 0.09456377738959676 79.8123340869684 2.382633839625818 -1.9965417112796887e-05
9 35 0.10299481714257114 21.24784562152796 0.36421178473178867 0.00010466844088684103
9 36 0.10371997559984124 23.069751742680328 0.2743044383685923 9.125556300675662e-05
9 37 0.07255231634200557 64.12273521886328 2.386076028938775 2.8859704484262948e-05
9 38 0.0937755299614944 22.511115213665864 0.2989389499819943 9.017324676900195e-05
9 39 0.1275459748820195 22.012045341977228 0.2504031430660155 9.216557215660398e-05
9 40 0.11801216824789458 18.582926554306297 0.04351426188403054 9.10162924872836e-05
9 41 0.14544266015320512 15.689618156428129 2.001186718856867 -0.000500424068272655
9 42 0.220569579140661 17.8829663909914 0.28234915298615954 9.125471120282693e-05
9 43 0.16853773237951702 22.952075265873688 0.3004535625304432 8.517503780628027e-05
9 44 0.16987391560111423 47.56843719815541 2.539399244726023 -0.0005484661879906574
9 45 0.1696767638604748 21.592071590983615 0.3316299712448473 8.243323043924157e-05
9 46 0.15781023466308677 9.858566208330465 1.0814115370707382 -0.00022938879222045603
9 47 0.17506494255681476 20.10849032112658 0.30992679524964056 7.885696463631391e-05
9 48 0.18513399461396207 13.79330445780198 -0.40434151296157306 0.00010794401169892737
9 49 0.19939302375636533 19.134787528068514 0.34609585043312996 9.292364193307044e-05
9 50 0.11246606794360912 36.83649209398202 1.4746917188205977 0.00015062878909730246
9 51 0.10143355816423508 19.63845240663092 0.2946560967759817 9.518856657779762e-05
9 52 0.10201206851331208 16.548738595696665 0.2564870620550058 9.471178056357194e-05
9 53 0.11097691535942086 25.239828701640604 0.2279047197804504 0.00010412920996240288
9 54 0.1130340082473493 47.06877722602826 0.32396462198496745 0.00012499068861748558
9 55 0.13409105626551562 26.484876002401723 0.6227602565850127 6.407508617701707e-05
10 0 0.09691697814419564 23.594903282210943 0.5486003138661637 5.418055725807658e-05
10 1 0.1575329147227817 11.514647741175942 0.2687523354149196 0.00013737991108065013
10 2 0.13390676402213503 28.667365190991276 0.4914649813995645 5.286931541772898e-05
10 3 0.051502612239719414 21.314303847515944 0.16994919171939848 0.00014418448486878832
10 4 0.06289042550887988 21.146923837840603 0.4036853285298845 0.00010222196729073968
10 5 0.10451776406476626 28.301643150941647 0.5076107528628157 7.897621620292871e-05
10 6 0.13408681221244947 16.674425769361704 0.3927758440688487 0.00010341407508679908
10 7 0.14332745709522865 21.135166873544655 0.15808428166388594 9.793044700534332e-05
10 8 0.08931954334504681 15.18957831988163 0.358259096895192 0.00017989861272998362
10 9 0.19301814358030095 17.95126232829179 0.3972874143806787 9.673818935168857e-05
10 10 0.22560898391214135 26.37947794093222 0.3379952229210491 8.708240482952584e-05
10 11 0.15207750444236928 30.379153042268705 0.21802396015067094 0.00015040093270771176
10 12 0.17173936486301938 30.583001214778907 0.35623445832590866 9.709595454558452e-05
10 13 0.17392475944495003 17.251737758805554 0.3469616036190232 9.54021344282392e-05
10 14 0.16507665959956053 11.737368197058924 -0.20078420206957392 0.00010686378530388186
10 15 0.13495351432484268 16.256385343296976 0.29605214986337036 0.00011187791889736609
10 16 0.1397162314841329 15.879988573232982 0.2755170144981032 8.815208464301493e-05
10 17 0.1528130644056067 14.498475029077976 0.34102361728258435 0.00010646449735426918
10 18 0.17595849278225575 17.260853759964455 0.18944916387629468 9.211572935838794e-05
10 19 0.10831675902506674 19.802740161539482 0.2863273428396358 0.00010616600929492982
10 20 0.09902959626496864 15.427699218587147 0.27372983934561756 9.794384474320802e-05
10 21 0.16865618589351766 12.708661743199055 0.3308508573791057 0.00011497735986568114
10 22 0.1624947413518592 12.799152814814637 0.7128408019859515 9.793043140006234e-05
10 23 0.16393893285678654 19.33216473282451 0.33817872149658534 9.189937565057309e-05
10 24 0.13907126190916114 15.416822875502804 0.7876917247936761 9.387731781228134e-05
10 25 0.1639019085102281 20.022599475684466 0.301322886532742 8.315744753978568e-05
10 26 0.16203619808509587 10.529531499095018 0.28441942591455616 9.11341650908615e-05
10 27 0.22189821124394926 9.243693936792305 0.45939250596887726 6.206514975198536e-05
10 28 0.2922334503124714 40.65329155134441 2.4436334488031024 -3.716350235170831e-05
10 29 0.1587857770365089 15.879974180696422 0.31428940451929155 0.0001342530994749974
10 30 0.19171011871551513 29.688685926160037 1.9082497432981302 -0.00014200813336637448
10 31 0.25503671948198514 20.71297546828486 0.31339661754495796 9.108543570613477e-05
10 32 0.16894029692168838 12.272523229414553 0.46654763163062785 5.3346182753149935e-05
10 33 0.049195077526207415 29.688707649900167 0.4059449174820029 0.0001574159021794036
10 34 0.08822091211773395 20.71304801860846 0.36431911955508833 9.161203816484081e-05
10 35 0.10921335506071571 14.168817582062935 0.32376691203472224 9.340047827511085e-05
10 36 0.12391862491823777 20.245958335340998 0.30478084087791146 9.304285014754836e-05
10 37 0.08029563664496482 22.093865645976216 0.30357354109229095 9.042023514466018e-05
10 38 0.09595048524846742 16.530317272652496 0.32010675684386847 7.25388532789701e-05
10 39 0.14120522456823245 12.582908401000942 0.3036971547150367 0.00011188898419623518
10 40 0.14344735363989555 14.49912322009788 0.3141284546616389 9.268521305835802e-05
10 41 0.1400117039108861 76.58005005316748 -0.08545822311395027 -0.00017008184232045757
10 42 0.2479525209979297 28.291272996825988 -0.07550985610404401 8.684319768314249e-05
10 43 0.20593372675588673 19.25567394153137 0.3168122070638497 0.00010222163032651193
10 44 0.21171356730775442 180.89414928593754 -1.1101858413620749 -0.000810299540122852
10 45 0.18507353392899117 17.260883721446774 0.20343489082158472 9.888398446874933e-05
10 46 0.2093796371886491 15.879953710771154 0.20705621011886022 9.184828478344482e-05
10 47 0.20331936085897612 53.16353754066565 0.18407454380245178 0.00014898004744643984
10 48 0.20369684465891652 27.617428119770068 -24.936733739092308 0.00010527189274532609
10 49 0.20470117966751228 16.291878316060405 0.21679146706981078 9.411569830205735e-05
10 50 0.13867025594461194 11.964088685746841 0.23741064700291947 0.00010102987328086454
10 51 0.11765486902862538 17.731580307545194 0.5826593889549009 9.948015185966136e-05
10 52 0.11269783411485204 14.367786098873939 0.3491887697537495 0.00010208782234949742
10 53 0.10224912815923304 21.380560778579216 0.3079071939533987 9.065870797338879e-05
10 54 0.09776166757476015 20.71302873490071 0.30605303384191895 8.808151117771984e-05
10 55 0.11833990397326755 19.332066445744466 0.2764454221772722 0.00010305653620351133
11 0 0.07637066227516039 19.580888152632724 0.31921539831557016 0.00012499102345831943
11 1 0.13961367013553094 18.77210415118944 0.31842251849876296 0.00010305643209593057
11 2 0.12582386580656224 20.351062076853154 0.7250819885282388 9.852647783842243e-05
11 3 0.04606709051805636 21.470980103755704 0.295171715697091 9.220850420230707e-05
11 4 0.05435184286811417 20.469137470739017 0.3100603384428944 9.793043138600524e-05
11 5 0.09519897005360331 24.01991919671316 0.3282369058379476 0.00011128187179849604
11 6 0.10648677943655602 25.153474131545643 0.33651110325303857 0.00010244363130043992
11 7 0.1431238043069865 32.791201963890074 0.7494359035643042 4.619852759035356e-05
11 8 0.071307402289666 15.745042298181197 0.43595180679673473 0.00010615587802649738
11 9 0.14193777684481146 18.044083216470284 0.30524721884842987 7.969140976255132e-05
11 10 0.16438774145214102 33.53784104195748 0.16231526178020989 6.443251557153158e-05
11 11 0.10521946653901046 35.49171985392411 0.3294371615024816 6.627519566614366e-05
11 12 0.1141042993246519 24.52827310512068 0.44128979685687564 0.00010460615159041583
11 13 0.13398568626090307 21.339084718919096 0.34653571157206287 9.146525386727785e-05
11 14 0.11869142832833961 19.1493376097198 0.3175682769948565 8.457899132667461e-05
11 15 0.1101300901461485 22.503935984434218 0.3154551509487885 9.649991760326425e-05
11 16 0.11589363078402107 18.795968713655572 0.2758725664379844 6.371736534555581e-05
11 17 0.10555469666863569 19.981692665883525 0.3079144835159022 7.87375196114608e-05
11 18 0.11949089968792803 18.019101846121984 0.3306530890460594 9.232759539964875e-05
11 19 0.07353934756747979 20.203075922577533 0.29485628701256017 0.00012701749789489257
11 20 0.07070852849191536 16.365951990738957 0.007718440622121395 0.00010626979427971558
11 21 0.13133721494713138 19.881027679115533 0.2892988024506612 8.888591605579483e-05
11 22 0.13730750208348336 19.70746763155771 0.3405709563432067 9.137392042374913e-05
11 23 0.11280588056760918 25.153466379903584 0.29223917240590513 9.089721590870963e-05
11 24 0.10765298592753765 21.325462026693295 0.4007216271836529 9.649813306818167e-05
11 25 0.18703778159577022 14.775404892861323 0.40010568720996276 0.000103533271754417
11 26 0.15728058078967805 21.399402204923533 0.3101915661172068 9.224467111695553e-05
11 27 0.1665650027343648 26.250850264738645 -1.7025246453786387 0.0002285838119170718
11 28 0.21058848578203876 235.46466887669885 -0.08471166154131674 0.0003521282291854568
11 29 0.1592444961261691 69.24782778965938 0.4935330339008184 -9.992692969826815e-05
11 30 0.18373692567086947 8.384495272780235 1.7186371247280463 0.0001449138192022429
11 31 0.1738929251669813 92.81316407079427 0.639485678013898 0.00019282102317613742
11 32 0.15175483949880225 31.43085603389239 1.3375339356193252 -3.764033305832366e-05
11 33 0.0410860140656424 42.399621223371724 0.4163064463297478 3.677927186917945e-05
11 34 0.09768650215313428 22.237206526961366 0.36380465377400273 0.00011831425770245872
11 35 0.1043887936879456 13.645670132473446 0.23497019372692096 9.86456847272689e-05
11 36 0.10953931443145173 22.358646586604536 0.305962945307019 9.332382585267997e-05
11 37 0.06755578681469518 49.608200329523754 -1.5917058086829932 0.000549498522818828
11 38 0.08881133481723552 25.171504276805106 -0.39225750070581167 0.00021761396020265737
11 39 0.19211729952612328 9.336520430244057 0.48132470196930377 0.00010000464910023716
11 40 0.1656751720187759 9.37073019110052 0.7015744938243218 7.9572610774278e-05
11 41 0.2649086282807044 21.474734506036484 0.3478605300114539 8.565186880471373e-05
11 42 0.3984395014491493 24.186981809126443 1.9467736652821186 8.565184978552284e-05
11 43 0.2406226888707758 6.475366432818006 0.8985434083709104 7.468462243246461e-05
11 44 0.26150563455382936 15.069720035391928 1.685988183692578 0.0008566839563188892
11 45 0.18436382685090386 63.58238683605427 2.504430535383068 0.00014694621415027522
11 46 0.1992323746048416 8.763844600754723 0.8759820682907065 0.0001464480176639703
11 47 0.1749777516584115 127.86353932619349 -0.5552761355232841 0.00014249473593128275
11 48 0.16539786005619966 386.6287209664208 2.364730542789691 -8.013844490109163e-05
11 49 0.12169998449656537 131.25745999847166 0.9897738020543427 -1.1116266312460521e-05
11 50 0.08925940046650212 180.26663368748882 0.785418401762359 -0.0004593433468859545
11 51 0.10008580781355064 39.81607610895592 1.001606492748258 3.021955511624326e-05
11 52 0.0880155058995704 23.057365280946016 0.282567702387287 9.07442824112316e-05
11 53 0.08192141670873049 115.28684229080359 0.055401844519940596 0.000389326483136582
11 54 0.0823796787349166 23.05733759451809 0.28786014575537877 9.582884543436491e-05
11 55 0.08781708345503242 27.249604101780577 0.29305049741346173 0.00010092540588311065
12 0 0.08083239796313009 39.590616104688635 0.41540129054271635 8.374940621379315e-05
12 1 0.14864676149662118 21.666031765002863 0.26238172323820463 0.0001278519656225769
12 2 0.1401841701792469 27.572029556181114 0.8026144541346265 9.502491196196859e-05
12 3 0.043681101175344836 21.061485263244982 0.22493814684456892 0.00011807680119750306
12 4 0.05354483915042141 27.41226695725026 0.8047600481531076 8.982419944963338e-05
12 5 0.10208889768538824 20.636859047590956 0.37574756415509214 9.864568727132691e-05
12 6 0.1208250752803095 18.437542721122846 0.3390536591068205 0.00013977289709961454
12 7 0.15372739366033317 21.719558376859155 0.48176067436829006 9.494994896692968e-05
12 8 0.0724398419788849 21.462322468770708 0.3334100783654752 0.00012880563736002924
12 9 0.15343455190382432 17.69933494479742 0.451109482567793 5.8948992686861706e-05
12 10 0.1788375714859063 21.800198497836938 0.2940721174722436 9.971857091470239e-05
12 11 0.12007851955679844 25.030249264938195 0.33724246078198983 7.051229438213826e-05
12 12 0.11127469644647411 23.177592043389083 0.508708117427508 9.673836229627075e-05
12 13 0.15875071888009143 18.982723784002193 0.386957247520966 0.00010365240119093941
12 14 0.1507978181716679 21.63480976593616 0.2981531510666763 9.292363994113508e-05
12 15 0.09943902678938692 21.140477910964464 0.3062151583699563 9.089708313198981e-05
12 16 0.10245728438542713 23.330110477720652 0.32763676020899174 8.883202648962506e-05
12 17 0.12885506248472145 21.20614962054249 0.303997504135501 9.053956785495454e-05
12 18 0.1430805761547233 21.088751500594917 0.31218848768353524 9.06586647913992e-05
12 19 0.07847200923237772 22.273388502539945 0.30215618761127394 0.000124752526895376
12 20 0.06688660847173154 21.77630146200466 0.37342169429464545 0.0001017450984746595
12 21 0.14938959839646165 23.330163304543916 0.3373480193797547 8.69439186424554e-05
12 22 0.15862472332832311 16.522698367766502 0.3148313419525346 0.00011438130936825607
12 23 0.09244681471618149 23.315237504905 1.0609659660513386 7.575750177501271e-05
12 24 0.1037591182052356 20.569900563794505 0.31800044059560273 0.0001009106500908008
12 25 0.2267753586775659 21.757115952687357 0.2850175131301138 9.399641415298574e-05
12 26 0.20896643876208829 15.716254233379779 0.27417363233998665 8.600955962474949e-05
12 27 0.30935318910904774 12.799819678003999 0.31476118004481857 0.00010179512170008283
12 28 0.23955718878233687 38.41558129518444 -6.4867067823284055 0.00031902369491159017
12 29 0.1881963973963925 132.1008154159549 2.3907518881510192 -9.050965321845042e-05
12 30 0.24705332942957423 8.145309133197447 1.1122846831116506 6.991626368887216e-05
12 31 0.32417783308478065 10.028510299852972 0.7765999255523384 7.56382952103207e-05
12 32 0.19655638077288623 21.2091806114113 0.3082018130855291 9.099673658063907e-05
12 33 0.06254917669833186 22.141736276590514 0.4262565520938083 0.0009170174598686701
12 34 0.07782121149220769 51.60914663870449 0.3363672730140885 6.681675780317325e-05
12 35 0.10789283287001747 31.105018395681398 0.6194040188939174 -4.503249912884896e-05
12 36 0.11793829771348556 22.157046938897544 0.30894123248557925 9.292357167464934e-05
12 37 0.08147820613239215 19.830891086820788 0.29125535023554866 0.00010126866450012445
12 38 0.14792614621307845 20.67020660577731 0.319648955398381 9.435423208352263e-05
12 39 0.15708870229203759 35.46980277936005 1.3469834870051054 -9.796022064203142e-05
12 40 0.15031540895858314 69.51888306129291 1.6885094423052927 -0.0004550524618228346
12 41 0.2939478614238241 21.278553596976543 0.3490647363514725 0.00010114890455823166
12 42 0.4011824147009654 15.690234927446816 0.21940673260347482 3.0577183283171086e-05
12 43 0.32687168589983284 32.210665009980815 0.31092087772138655 4.3332568392964576e-05
12 44 0.2719726655724169 20.10605679809529 0.06233893197902604 5.3207691454580964e-05
12 45 0.2636206389924206 21.91622107467542 -0.017358259796558997 0.00010679037279485014
12 46 0.28911604115377354 19.088323419896113 1.9278314579196651 6.765660984937497e-05
12 47 0.26386234555558596 10.733024479740024 -0.01814665207271087 0.0001097321511761053
12 48 0.18720691775723589 45.269462110242316 1.2676503000467656 -0.0005850971008755463
12 49 0.1382790931961612 62.421382700414696 1.5494728878308264 0.0006049275393339194
12 50 0.17249188772070198 18.48105598492775 0.2996473861749738 9.328126920464054e-05
12 51 0.1280602685644374 23.269354089299657 0.3197115508452989 8.422136759163822e-05
12 52 0.1020679895714855 21.20206461213742 0.30901297107723 8.851290195672058e-05
12 53 0.07862193178960872 38.36841612181614 1.7602165525834081 0.0002997517484668867
12 54 0.07351363985986248 21.127865331431387 1.2255109461565117 0.00021308660529984955
12 55 0.09071833986043158 21.209245461755735 0.4905632110063171 0.00013920561997869815
13 0 0.07884591569948224 23.0759551872979 0.2863256546020485 9.125471471815282e-05
13 1 0.13907321288764957 21.27334016405453 0.2983571701696047 9.232759629062157e-05
13 2 0.14777925395187336 21.45643189219677 0.3041657958159668 9.649993033840581e-05
13 3 0.053232966141856755 22.984988816167885 0.3186499208140292 7.84993133230563e-05
13 4 0.056415232332883404 22.52447608587817 0.3139137020275061 0.00010508286432728991
13 5 0.10608726504532656 20.7770622987966 0.3566520182990708 8.981320770205762e-05
13 6 0.12709107148416787 23.602636975686718 0.28215511820411093 8.328058006424847e-05
13 7 0.17915524637833502 37.90724952757593 -0.1144789380747695 0.00021657402059059062
13 8 0.07603519067445921 25.185353459954506 0.21586754736990166 9.685754775129771e-05
13 9 0.14105385979278762 23.18146744601009 0.21678347071292375 8.457899166512253e-05
13 10 0.1608052796710253 21.867841127804425 0.3849262759010724 0.00012129545547440938
13 11 0.09775880008305805 24.661182387954682 0.602024959829056 1.2695789295842602e-05
13 12 0.14265954697971026 24.355019799746408 0.5012521033902553 0.0001593232022858021
13 13 0.1481616210817996 22.81755249451377 0.31130368917194307 9.435414489020514e-05
13 14 0.13102677983324518 19.40031367239422 0.1130532411018144 8.183717732476416e-05
13 15 0.08272781570284801 22.65083092011535 0.34172068483034657 8.696317641369713e-05
13 16 0.08500588719044849 21.850872510462914 0.29412518928321896 8.994283941341169e-05
13 17 0.11863269636501828 20.831376754123337 -0.005569446397765333 9.065866465132864e-05
13 18 0.14775830266224863 20.398257636093152 0.29888411394432235 8.875131590412526e-05
13 19 0.08897803364684537 23.9678462534584 0.35508080851106916 1.5079945158634764e-05
13 20 0.06981319666938471 22.368582861034632 0.2839359917747385 8.290064646258958e-05
13 21 0.15359645068961214 22.313010415166474 1.1303888156535815 0.00010520221408630829
13 22 0.1637253308319429 20.052192989179616 0.31029527257764644 9.381701497162528e-05
13 23 0.08793020062579528 23.5918709321125 0.6700867481390496 6.88432837039369e-05
13 24 0.08800240088386051 21.873381979392086 0.4900124889323861 5.4181321509418564e-05
13 25 0.2646414719826119 16.401448662027708 -0.0018979849960615476 0.00011414286439249038
13 26 0.2864512744514299 20.979297245675156 0.8138537138546531 5.9068202989987575e-05
13 27 0.30723771754545615 20.556903218392023 0.30276663451463737 9.387731535538648e-05
13 28 0.49834683987941675 19.337652178410778 0.3205032061355507 9.316205377063493e-05
13 29 0.2822011059959182 19.3112514925742 0.2982170175373109 0.00010532136234517732
13 30 0.29240944539384367 17.682937198082325 0.31337663320800235 0.00011681789533555457
13 31 0.21785128096782236 195.97379801204238 2.63750223674002 -0.00073954407476643
13 32 0.13106696636697154 44.344424084332076 2.314686675812993 0.00019282089004496906
13 33 0.09854725366109884 31.416704249492053 0.2011437783863549 0.00014299155634569946
13 34 0.08968131861058881 25.74834911909754 0.15709806943605226 0.00011187773402977612
13 35 0.12234646758940901 21.357943088752542 0.35639875395919285 9.351968759435204e-05
13 36 0.13802361350144637 24.31791039646175 0.32955993482151724 9.350302557295523e-05
13 37 0.08811673137744956 25.8270027729841 -0.9139466991344712 0.00012034176084069697
13 38 0.10730737815970207 20.17277930578601 -2.2921558496353467 3.6358880297480884e-06
13 39 0.2075603361962414 21.584950819468194 0.30709629563612456 9.602295508093641e-05
13 40 0.19794645569170485 21.703308522807088 0.3189041547053557 9.32812743070328e-05
13 41 0.2825849606943582 138.7551707020629 -11.616643495154669 -0.00014701530570210725
13 42 0.7265121075670207 11.21788532258591 -0.3365698683212328 -2.405047419112187e-05
13 43 0.39375208748171503 15.648430802490978 0.3675524339771137 7.349252708465233e-05
13 44 0.4593320957127972 12.368511073213302 0.5115990092969932 -1.3083256329933983e-05
13 45 0.26509522535984265 112.29148305885607 -1.1506051470771055 0.000332171735755706
13 46 0.3199733868158306 230.30499779116923 -6.597929859176116 4.560595063041019e-05
13 47 0.26235805422347974 21.456934042918064 0.3390867930933892 9.094303402473693e-05
13 48 0.2736330757255024 18.241412143807004 0.5063949975926256 9.369046235673111e-05
13 49 0.2007897089792437 10.92868642903755 -0.43761606291472754 0.00039428472429102685
13 50 0.13620874836121308 55.78815521473352 -1.4480725441871156 0.00016516451128030453
13 51 0.13128513267607572 23.130933913164824 0.2502457963476208 0.00010722875595001175
13 52 0.10717848417071776 21.75416773073831 0.3191377184048865 9.399652434069899e-05
13 53 0.08149200206923653 25.033082292982044 0.7034497103149557 9.435414771793323e-05
13 54 0.11162351573318505 22.354384876538703 0.29788107056428503 9.411573413897574e-05
13 55 0.09898686501154624 26.978743529557338 1.171457153127307 0.00024455785924474183
14 0 0.20828921037034193 28.360760174600667 0.31548346640109703 8.636712941547276e-05
14 1 0.498797465671829 37.246070643450324 0.42677790334975063 0.00010555982589715405
14 2 0.3990595756804425 33.834618186730054 -0.00880439012333398 8.004651932539067e-05
14 3 0.29748277572876464 28.72625605859561 0.304351732994375 0.0001291632647751864
14 4 0.20029005050951731 29.899760896005578 0.2926636433284332 0.00011783838275697712
14 5 0.4878877278277981 41.42732629686158 0.3459736789372201 7.353896997099304e-05
14 6 0.4057345858183984 35.61232336629546 0.245462214186023 9.256601333287711e-05
14 7 0.3069020160175998 30.63719426887652 0.4109232498504397 7.957220079679174e-05
14 8 0.30033645039876833 31.813305581194818 0.17227647960544723 6.407625314002754e-05
14 9 0.5513288352421515 37.96371915083499 0.40814876342150275 7.110834142991337e-05
14 10 0.817614300672343 34.356665982663785 0.3414824936385444 0.00015777351815943614
14 11 0.44690907419687537 37.62141527245393 0.3184240639945891 7.3088030465188e-05
14 12 0.5202907540456116 242.2542231295448 -0.11977154020208869 -9.134411919404626e-05
14 13 0.5123150955033964 29.16562028339601 0.12402543175852249 9.22083853430497e-05
14 14 0.6299709823846951 31.118580542091806 0.45585678954126185 6.002187730227526e-05
14 15 0.38783623725711763 32.13155061957636 -0.31886105360981676 0.00035005814771826664
14 16 0.4083565148585625 41.23876023079376 0.28120945128098557 7.122754162538852e-05
14 17 0.5022653729817496 30.386442090362706 0.09697878415777297 0.00010198351441112995
14 18 0.917758005209949 60.845800390962 0.11681626160999153 0.0003319382662427735
14 19 0.35831532973316543 31.833478662757855 0.3149823587446696 7.301556039139795e-05
14 20 0.32588547423179964 29.47907280302629 0.31756792764972924 6.181001648342867e-05
14 21 0.723183990483293 35.54252959488766 0.1282774601445213 0.0001426339215955579
14 22 0.7756398385626171 48.83904965806893 -0.05777881807950094 0.0002164245010209891
14 23 0.6388299822763991 124.06211782736332 1.0790950867841307 0.00030285120011823663
14 24 0.5121937886133989 36.672952343687086 0.7922516542199132 0.00027447938987523084
14 25 0.7637177190158482 47.17342077256985 0.238818639848708 5.869243332006398e-05
14 26 0.8227757521289458 37.22673670435658 0.6552606543024259 9.113550036389932e-05
14 27 0.8517591305887924 63.66701485968155 -1.4154503391103965 5.921691932320681e-06
14 28 0.716597781807726 36.8979195554279 0.577935557466661 9.888191787772474e-05
14 29 0.7765599074368781 56.43206717779994 -0.947352972187947 0.00011317069012034836
14 30 0.9866651288937555 58.349149909604314 -0.4874700057752952 1.4126300756902445e-05
14 31 0.684633078191093 177.97819194195318 1.862225896504834 -0.0013902482659999419
14 32 0.499945553331167 42.6858004747814 -0.3472410109829225 9.92411566214421e-05
14 33 0.6845991271440469 39.068316223351545 0.05490476761527788 0.00015550811253947698
14 34 0.5068261571185628 30.514362050022605 0.18942481174620324 0.00018161534801994206
14 35 0.4690180405716884 62.86555882829545 0.3850813029050406 0.00021249055867890904
14 36 0.3768190877493115 33.603152621006416 0.6647292157733484 -0.00018778454444881823
14 37 0.9346527385934376 38.34489576424157 0.40449155404986503 5.931765776184299e-05
14 38 0.9551414811980217 162.06092624360758 -0.7773250579526718 0.00029724835615553254
14 39 0.8597380458157883 52.09110169230776 0.22239812995703923 3.7493016812404864e-05
14 40 0.6929790897968602 19.442478935550476 0.40806784880632196 0.00028985709863857693
14 41 4.132692557847992 20.125882431238537 0.3091090157909274 9.042023905797908e-05
14 42 3.5929383345118913 21.48445263167713 0.30629029061609114 9.345329079975579e-05
14 43 0.6549745949624899 234.41037582069288 -3.4392628369646427 -8.872150377394833e-05
14 44 1.419623848293174 14.542826096997892 0.7955807353336092 0.0001335740082353516
14 45 1.3412321188206753 20.133411977355642 0.611269826674816 -9.039045386906202e-05
14 46 1.129449942579692 46.251333535863864 0.3093853350790079 0.0001272559131140388
14 47 0.6335193176788144 68.55301342882774 0.9325716693177482 -7.119770090247091e-05
14 48 0.6921931334173032 46.96289068459626 1.178703208150841 6.932020050650961e-05
14 49 1.4566231070611253 41.96234946694008 -0.41590583787034174 0.0002081768202180796
14 50 1.0581518906767882 62.65920561227834 2.084789794868195 6.633996966494815e-05
14 51 0.5171911405041252 41.238856119264995 -0.024426499482474398 0.00011894592421615542
14 52 0.5023158784317588 41.63422145888077 0.619140668604865 0.00016661133794109963
14 53 1.0330508750668432 34.92040714418632 0.20976381249913773 0.00022444917611084964
14 54 0.8917214258111068 43.92434672922242 0.23543214509872348 6.276369146327021e-05
14 55 0.617373085694615 47.49306436023504 0.47231653148114006 8.362531653440463e-05
15 0 0.23343038023329388 28.708374138572317 -0.6494926744370279 9.828804952161053e-05
15 1 0.4731085323270692 27.830868590906 0.18217242899377845 0.00023359061097768592
15 2 0.5320193617993733 27.476501527674685 0.27298530651493313 7.444620125380725e-05
15 3 0.33642041956303725 30.31594604955321 0.6487036445202121 0.00019901992538039808
15 4 0.2507304622196857 29.434479034857265 0.25994746177198735 9.864568648336184e-05
15 5 0.4790668310875882 28.04075247028463 0.2328596544034789 9.506940873579072e-05
15 6 0.3578444456792348 27.650324638504134 0.08469222322284034 0.0001321434974852028
15 7 0.3133630720968892 28.911628399920442 0.14612024147997604 0.00015858048445922262
15 8 0.29853375219630307 26.68350089081069 -1.7121336135951213 0.0001356005453823122
15 9 0.4337537893927769 28.697790535297834 0.5207333535801599 -0.0002200901531250325
15 10 0.4854038511326494 29.56408472953389 0.6832503469475251 -0.00036653874155845225
15 11 0.34473365090257324 36.584295733150576 1.6914898887639205 -0.000950709788536517
15 12 0.4314974993207167 28.68083186977652 0.1504686253968453 0.00015574693673231868
15 13 0.5023342322341117 28.643574465768367 0.26232402698181667 8.255243298856021e-05
15 14 0.5340295341300392 26.701649825858972 -0.5562579109112415 0.00012972720865013715
15 15 0.5939956689365653 44.48809481022796 0.2926189534493189 5.978344426808657e-05
15 16 0.4173737842993095 28.62172862054433 0.34306248843870124 8.958580489447457e-05
15 17 0.41681708490092284 30.442458552185872 0.6169900032928858 3.951787939849758e-05
15 18 0.511478684533055 28.868562906539424 0.5266351164918193 -7.453714252364688e-07
15 19 0.33923129073563074 30.148476781384026 0.3636362959282772 8.398294448731043e-05
15 20 0.2910249322771745 29.955477717457313 0.7044771634071537 9.185075750771146e-05
15 21 0.5454483123114512 27.150089661762248 0.17271372656727935 0.00013488530969982146
15 22 0.6216419144181295 27.82233004637127 0.293286165184401 8.767843259399526e-05
15 23 0.42756275566785484 27.818504519274963 0.26929353319112614 4.7147315405536935e-05
15 24 0.46124485098992263 27.579067132529808 0.19919632338306853 0.00018137408427444077
15 25 0.7234931556504222 27.389393731812184 0.3094634763267301 9.53077579299003e-05
15 26 0.8882747823179524 26.34239289290032 0.1293349828261156 7.241542481522566e-05
15 27 0.8684774092248595 26.861574784164382 0.19962730377256466 0.00021392107008798755
15 28 0.8712969549537295 27.805819707688244 0.3156203332791635 8.982416774935247e-05
15 29 0.7553908167574217 26.671855201130946 0.30904062048419934 6.312131901445693e-05
15 30 0.9105755673181241 26.56356665278394 0.2847615074064447 5.864756598697511e-05
15 31 0.6549948777878518 28.137709896274945 0.31700168296458725 9.173154798189937e-05
15 32 0.5566481321672331 30.732768648466383 0.2570014229421287 0.00010472364726387541
15 33 0.5133215122354828 27.85312819180155 0.3831062382955776 2.0648786411566966e-05
15 34 0.41373673470349337 28.234580606570965 0.2785384997084309 0.00011104345322357853
15 35 0.42195235159781375 30.70874429155255 0.206071048298331 9.84072670163669e-05
15 36 0.4552350513534795 29.436852035485927 0.17751151199195503 7.218092471481435e-05
15 37 0.9779004603459951 26.493892240887682 0.2682442590834876 9.149655917179225e-05
15 38 0.8401977659483066 27.33357274973804 0.3144411074709712 8.314847956452989e-05
15 39 0.7218464861009897 28.79057565491361 0.3454699133880579 6.145239237460108e-05
15 40 0.7693886202711685 30.001080455079 0.6261075414713351 6.347777100288276e-05
15 41 1.4195278564474498 27.074128886508078 0.3513277173395092 0.00010269883501137138
15 42 1.5984616183231777 26.529311206124618 0.22136240509012184 0.0001276135590203516
15 43 0.9706375506717932 27.784872803667596 0.33605862628910976 9.0181821029574e-05
15 44 1.232877834795479 27.074137972731855 0.2540579112141566 8.958579408450447e-05
15 45 1.4780968144351543 23.6795640949272 0.30095599065691847 9.530782663728017e-05
15 46 1.5236636675302448 24.24735240353477 0.3082014783242315 9.340047871885627e-05
15 47 0.7319768805123565 26.82369496719997 0.2535206537179213 7.849931509926352e-05
15 48 0.9351151208979676 27.091480464637257 0.288803767065521 8.708238604198044e-05
15 49 1.6377241760705923 23.880895468502196 0.3846564742138412 8.89897400799001e-05
15 50 1.1459174123338651 25.497292486791387 0.2885312833162431 9.828805934437133e-05
15 51 0.640266992428583 28.871667064285663 0.32327367217140746 0.00011175870058426882
15 52 0.5562403962553639 30.233027451088105 0.6798382965473175 0.0002731622287521097
15 53 1.0151055311410768 26.64809607493612 0.30127240343996364 0.00010746711851582761
15 54 0.9386553972423144 25.79704398489767 0.2597006322519691 0.00012475166246356546
15 55 0.5865964361736079 25.750637134781307 -0.7023268356506369 0.00012427568821619814
16 0 2.2119227575055405 28.39623684887728 0.18813632514083528 0.00011637058150536507
16 1 2.0709107094598487 35.51897772328836 0.2460524630064723 6.681681696758628e-05
16 2 1.527167261032801 37.40791494595493 0.41604131030864083 0.0008162902012711746
16 3 1.0961517592722996 35.13705581025895 -0.85314371093764 0.00020342580042846854
16 4 1.0434994667939481 41.43885661592034 -0.08046615199371968 -2.7467880906902456e-05
16 5 1.557257233500273 29.20603213271393 -5.6795450305654835 -0.0003829896402898816
16 6 1.3161760462225982 33.45591137272803 -3.915294449015971 0.0005634429253115666
16 7 1.4494152629716948 34.1020145509643 0.3482390022683306 0.00018733739936492306
16 8 1.2765120267205425 42.76193658887631 0.27121646294547047 6.87241144993116e-05
16 9 1.8378867448895158 34.173999007407375 0.2822617764165809 0.000207483768437352
16 10 1.7676716233510812 36.99898944532767 0.5869952090570775 -0.00010195209302433471
16 11 2.028453430308596 20.941800086880903 0.36885692643259055 5.739927338355215e-05
16 12 1.8299335836433825 34.62934260014487 0.43758042710520806 0.0001490712196101003
16 13 1.653811989365674 41.5360610919564 1.072776257541683 -7.638335251359187e-05
16 14 3.226640921247576 36.99898402069556 0.0018661299347729576 0.00028337830342635813
16 15 2.9580964916280745 34.77902628755062 0.6054948612661135 -0.0003627324421365916
16 16 1.8850442529828393 68.07796098130454 2.132387734968008 6.559989345692941e-07
16 17 1.7890902101743986 67.74992573912138 0.4942438056577477 9.924173394231044e-05
16 18 1.9978013758592226 67.33818097381345 2.1873651041971574 7.504220379497297e-05
16 19 1.4842672804283104 39.84430979937045 0.49222614411307664 8.51765077688744e-05
16 20 1.8997196891337989 39.21886866405216 0.3278708063433079 7.313506950443373e-05
16 21 2.2569059438148527 45.87577688616914 0.41058923123053503 -8.460877980742881e-05
16 22 2.277786610578944 38.34666827717318 0.7079770948008139 3.880262446245504e-05
16 23 4.391379608438708 11.295295589958918 0.3299068865451494 0.000138938466958068
16 24 2.559523096021334 61.416167694091875 2.2676515396814283 0.0009855630392746543
16 25 2.292609374995172 48.83867124400941 -0.16866042988449398 6.773167305991498e-05
16 26 2.2663848547952914 39.95891113028579 0.6224694529014027 4.2034226978700474e-05
16 27 6.466461575074272 25.468295784016565 0.30255821896355384 7.153319234460194e-05
16 28 8.712924383560503 39.035648600315774 0.0877698024847921 0.00010222206163764442
16 29 1.8568177305452969 35.67852063725806 0.2884468636588564 0.0002667366375529912
16 30 2.5728881520436544 134.67636284478334 -0.1608046844097334 -9.38838753543958e-06
16 31 3.2922066114652333 17.351259728949884 -0.16907035133159148 3.3076738410423044e-05
16 32 2.1389514890004455 68.81802931932376 2.1446085008082223 -0.00026669746308749065
16 33 1.6477296970993027 49.612322092314 0.5053278185680625 -3.769993863267653e-05
16 34 1.0261873546147022 42.17882129432165 0.28397085066743866 0.00045984971357220867
16 35 0.8671739153436024 43.443384768260785 0.8462248232937879 -2.6911498291824408e-05
16 36 1.3937518030365654 41.59267963039329 0.7178248787274444 3.3557416641215456e-05
16 37 2.4495993824407574 442.5080129745709 -2.98321344317117 0.0011080640895312307
16 38 1.4086441883525722 46.618680730784575 0.764870312050244 0.0001993380535885285
16 39 2.8126006850412484 24.4190362296126 1.7086109731869663 -0.00021943407481333756
16 40 1.6510987018409387 37.76427971993232 -0.635718300083158 0.00029533544285119764
16 41 1.937476863614704 40.37757050408031 0.4316353436579903 2.580880376728101e-05
16 42 10.40475894223881 21.01226703475764 0.3078347490280594 8.577014712707538e-05
16 43 13.055628092795317 23.932432403420876 0.2836200412068899 8.62478815063034e-05
16 44 16.637081100369272 21.074624780481805 0.30039005883317976 9.83448326145757e-05
16 45 1.9631413916022504 38.66504244183313 0.5246865777720284 0.00020545721062001414
16 46 2.4766916287743106 272.31253376939605 -0.2110345525959289 0.000838935257263491
16 47 7.967024476893174 30.20416868078599 0.2385973414315669 0.00011414300793873144
16 48 9.029676090124271 76.36063330930895 -0.532032261840722 9.217480629312297e-05
16 49 3.392969012004502 24.64865825719076 0.07610825116060677 0.0003152489875781438
16 50 1.7274067388881305 55.4984856207154 0.8655914573033983 0.00025612160239924767
16 51 1.1452141957249329 29.209054171340142 -1.7484646095874825 0.0004947781565363774
16 52 1.3127511577953084 72.51799546608851 2.0774147360583832 0.0006585923181295177
16 53 1.9518973755190177 51.42992007866502 0.6143647102357083 0.0005120634030365891
16 54 2.3131892289687546 44.39876314797286 -0.11005177591317891 0.00014573233670259151
16 55 2.5056810283373565 29.768667443468733 0.3582372444186221 7.480382916214982e-05
17 0 2.972701165081852 34.653144093098 -0.14864823641721797 -7.680058452835944e-05
17 1 15.576450390939183 35.36747854393161 0.04581242311255404 0.00018578767700476063
17 2 4.863756317959266 35.27506131213906 0.3923836477596029 1.162290602661406e-05
17 3 2.794331390623192 32.31057435135898 -2.5230773754943936 -0.0003250075057703021
17 4 1.9402050645469835 45.097708844937515 0.23221008670665996 0.00029891730312264233
17 5 5.267393318203945 42.61112316006885 0.47152158128615645 2.6405313452687138e-05
17 6 2.937545868455243 44.406821766342524 0.42806665444717146 8.863210666992582e-05
17 7 2.4124182851021017 41.235369555401164 0.128803821550605 5.775690035025043e-05
17 8 3.4119732074813625 42.20598236088391 0.22235922003309033 7.766485217680663e-05
17 9 4.940978435932982 41.146397970728046 -0.08931094829214155 0.00010865926466098743
17 10 3.7089262909236047 49.382061476055654 -0.4287040815744956 0.00022679573212611338
17 11 3.3445870825564135 34.65497719945952 -3.0853658084703426 0.00035828351780256383
17 12 2.7813900541064056 35.03679857653948 -0.03037696893859793 -5.498529080771244e-05
17 13 5.767942060899578 34.62001325059399 0.2877797694826582 8.480488598246142e-05
17 14 5.564004047841193 43.39640279999179 -0.17261604621450855 0.0001814868085824042
17 15 4.318176960048827 46.38927184417174 -0.5421991570043402 5.0007529562092634e-05
17 16 4.177732439746384 30.93694452657879 0.4018010969827709 -0.00025561458329295293
17 17 5.929277335751009 178.82319839593424 -0.6209940242238348 -0.00020035691425469919
17 18 5.1102676096075035 42.735797808290044 0.42709215044087223 -5.015730827757526e-05
17 19 6.482259473817191 33.174183774772864 0.06214047844041288 -4.07399772726817e-05
17 20 4.080944840320329 35.345805937191344 0.07458367515650952 8.982419994888141e-05
17 21 4.818002591066587 43.23375655011422 0.5856362235470662 -2.057080750880036e-06
17 22 4.794754113767262 42.7303996315114 0.154332247704837 0.0003888011830198777
17 23 4.680596831584616 36.11484815619411 0.21713871228869114 0.00010091066357393475
17 24 5.76851169324717 28.765217241250184 0.23464938367783283 0.00011473894083443754
17 25 3.5909914922797395 51.753051700117794 1.0306901644355158 7.451154874485431e-06
17 26 4.860862910804336 27.969628109021116 -0.08822965525880383 4.913580535847815e-05
17 27 6.271897274015822 36.80411214731447 -0.014378682626467632 0.00010503170626154795
17 28 6.600730930432358 35.3387441824854 0.3728133580787353 1.0311058728273438e-05
17 29 4.224105273396775 34.065197640862436 0.368501150340954 0.0001311898232048491
17 30 5.472847993262657 39.1369240072179 0.33699804736944017 7.265806079008311e-05
17 31 4.360900479917569 34.71916556752451 0.45352144515705095 -1.8447642251698345e-05
17 32 4.446439209996916 37.454030725698196 0.37816305726301636 -5.453807848470433e-06
17 33 2.2908411959010344 44.1445787322031 1.1684339909826507 5.763522642207392e-05
17 34 1.9443502506182935 36.86063046206107 0.37014307274290104 0.00035482644484869806
17 35 15.596701315145474 46.58010818080248 0.677758483104959 0.00014346848264142092
17 36 3.610971707029836 30.183466965209888 0.2288468959311387 0.00010250001576811397
17 37 4.099375198056132 27.898514403280004 0.33646804350184567 1.966954229686358e-06
17 38 3.804961781653974 30.157537139315526 0.3876134814401744 0.00011926889676858442
17 39 5.501657615338088 84.54391837846455 -0.5582009720127266 0.00015379591454794755
17 40 12.590624605046179 45.03209707978139 0.3769079292053406 -4.962090836895971e-05
17 41 4.938718629589241 29.491513322671132 0.19657728635514868 0.00014346836654280544
17 42 83.43071540915886 23.694050211125905 0.3611478523341281 8.308306532790508e-05
17 43 5.520718293157945 39.92017338417847 0.4887278583569149 -8.496643967723514e-05
17 44 7.291898485449412 53.12320890581847 -0.8417140715714493 3.0305263177185965e-05
17 45 4.726445244654683 36.2704371543722 0.6429684812867554 0.00013428926412269496
17 46 5.259162562110695 31.708472251842664 0.17518316396792188 -2.047419543365678e-05
17 47 6.051037592973104 29.195886399665202 0.28636323573366296 8.50558288369403e-05
17 48 5.131749434178291 33.78777546014071 0.21024334493258465 8.481739447305911e-05
17 49 5.578529404965485 25.605220157687484 0.42881073168224626 6.490946385226984e-05
17 50 4.225836735417214 29.99563198840808 0.5764941385575759 3.3914818305083106e-05
17 51 2.796322895975476 47.268372141111996 0.6922010688310807 -5.021691323326971e-05
17 52 3.070952477667697 39.82907254572598 0.3622967209473591 0.00014728307709269424
17 53 4.200912163716038 52.37492398076101 1.792043606372094 0.0005561709398746748
17 54 4.15519423660762 32.47093665566628 0.18151883498049776 0.00010257959363273795
17 55 4.132297053570874 33.27941956924842 -0.5577512539018233 -4.3004744720526644e-05
18 0 1.305990575711432 33.52888033817182 0.25387380646883395 8.2910060953001e-05
18 1 1.8354678298136793 34.25990138499249 0.28620403329464583 3.1173229506367586e-05
18 2 1.5545636419083284 36.41055411185512 0.5738265234558207 -8.174777292393425e-05
18 3 1.318986861829711 40.337030438526114 1.02642481886979 -1.5228984096439359e-05
18 4 1.0837775521247024 35.84732458837733 0.5726451514337971 -0.0006054341807308995
18 5 1.7608859599779771 34.80482472811639 0.47160231691980536 6.324052833464095e-05
18 6 1.3898829916685633 31.936132404458228 -0.3402844219806482 8.93542522959678e-05
18 7 1.409019449582765 32.89363521389341 -0.22551274702779409 -7.2419577824317655e-06
18 8 1.203819829380906 34.142582118580336 0.12142640896400053 0.0001091361046402202
18 9 1.714377065351489 34.92317570208918 0.3818845513008927 6.157159813672587e-05
18 10 1.615128850719809 33.8467066696179 0.11898286013036954 3.2603736878019784e-05
18 11 1.7737434775025718 36.60236648318231 0.5771590522805059 0.00016421079639238956
18 12 1.6557335807636884 34.86331598769104 0.31800683559128395 0.00010663270941614262
18 13 1.9938569543891744 37.21962529330776 0.3958210582541114 6.0583115694280036e-05
18 14 2.492172487227566 35.89778842591252 0.3347497579717488 0.00010734796671258814
18 15 2.396378379025116 33.59479244329795 0.2768429223434669 4.774332777134267e-05
18 16 2.395754867300998 33.794813339385286 0.2893983654124911 8.982419892848684e-05
18 17 1.6726485504095592 33.488255140473555 0.25641805780610516 7.976189875325408e-05
18 18 2.0838538519527736 35.68260368587795 0.40750778367626644 0.00011736154707558529
18 19 2.551059384872117 27.68757142269464 0.8647959394656037 0.00012046097815776447
18 20 1.49632976215111 34.23551872832516 0.24948216597348022 0.00018507242927525027
18 21 2.5017981611172053 33.536958220007214 0.16928083868232185 0.00011497735957776629
18 22 2.6330621092054063 42.587493292334955 0.018624510202281154 0.0003671050475979009
18 23 2.027050326757771 33.577814812114326 0.27036469542543556 0.00011485815008680853
18 24 1.7408554820455313 35.6779079627526 0.46655139143206525 0.0001636147522554728
18 25 2.096221640383136 38.7939686228912 0.42193723917625003 3.141164779406485e-05
18 26 2.9402894688262915 42.51968015791096 0.015874069592951085 0.00011823338427414479
18 27 2.2020365480805415 33.60101556455141 0.30952708998877054 8.147954939122355e-05
18 28 2.19692429361683 33.263460792697416 0.2302862265199782 2.5331974021589064e-05
18 29 2.080714561662026 46.89964356862089 1.5386168999593934 -0.000425726321542641
18 30 2.4778528766985293 34.19391466061077 0.2812140926042379 7.981061948834911e-05
18 31 2.069826281027121 34.23501321169263 0.3612302322466504 7.408856821580919e-05
18 32 1.5851355298340049 29.58631583570046 -1.8319911092314944 0.0003281235557595514
18 33 1.8874398956520622 34.93605633696288 0.6467773877103256 6.610155191374075e-05
18 34 1.6445644926164806 35.03989381854514 0.3848415059169821 0.00015634183447942073
18 35 1.6502637812541945 34.948993309812394 0.5363531088064541 0.00016456842273799226
18 36 2.0673904344289844 33.81910623575419 0.1889349600162016 5.596876186371585e-05
18 37 3.4781426798982853 33.02842911682637 -0.1665292481504574 2.920627487825835e-06
18 38 2.5149061678304063 34.91152706525184 0.14824137745618307 1.841797808606534e-05
18 39 2.7644050043747925 34.978606650736154 0.3478270517472168 6.896257064347561e-05
18 40 2.3358947720184497 31.206438749036657 -1.572706266961994 -7.650254703048381e-05
18 41 2.8451000823164994 35.03564860226999 0.06352981163164342 0.00011187791827602689
18 42 3.4717630125923433 47.120567959311714 0.42449888911165257 0.0002225115841028327
18 43 2.797860783207166 46.996725662121854 0.0720563698828193 6.40749931965989e-05
18 44 3.4331204491546816 35.035765222645836 0.3012254135353517 7.861852657625862e-05
18 45 3.0643387429537055 36.50109357316099 0.3177240502235622 5.799532031794926e-05
18 46 3.395927133570477 32.06545747775601 0.10516087877400249 -3.858835169310623e-05
18 47 3.323874578724872 32.79500056082302 0.280927963059513 8.565187432932469e-05
18 48 2.6669627740815236 32.0453019572314 0.25871445890613987 4.702807768057826e-05
18 49 3.8816859925273315 43.873910380548466 0.5209939578930258 0.00010889754858806912
18 50 3.3811654466660377 31.792354965296308 -0.4305932041677214 8.460663137502943e-05
18 51 2.8323562401020483 38.5787174535215 1.1517950636673702 0.0002234584603900414
18 52 2.928134746987407 33.54978161147064 0.24945862675463515 8.529424664643335e-05
18 53 3.775722793910055 34.43862315510945 0.32283522391444625 8.52466120057986e-06
18 54 3.917957563903504 35.79497520381382 0.29714111811881155 4.488228667963233e-05
18 55 3.8830080881103024 38.36013730961447 1.0674906597707805 8.11647022247459e-05
19 0 2.0302337090924185 38.40563287605532 0.3823896610205667 0.0003536343368756497
19 1 2.945529206157584 34.61466831038119 0.39114131534939367 4.011390821445038e-05
19 2 2.8564250989575353 33.85753621270753 0.06961715574771364 9.959936529158335e-05
19 3 2.2887809386581663 32.289004994216796 0.15489350935555019 9.196996905273455e-05
19 4 2.1356514476079385 30.850038141136423 0.17380278768199514 8.982419962912054e-05
19 5 3.1868909524087488 34.49667501447517 0.20196304520586122 6.526708602555952e-05
19 6 2.9329661180208957 31.07489883423907 0.0946510078901718 0.00011140108108577743
19 7 2.64435556513438 32.41332289162657 0.34849657415822477 1.0907575361853687e-05
19 8 2.880508819543711 28.431389602694573 -2.016034993384974 0.0002788901537706166
19 9 3.7229790384167476 24.947062791370698 0.26405010196903145 9.602334978829857e-05
19 10 3.702585227417583 30.806436070663132 0.2792171688282077 5.954468544611703e-05
19 11 3.7319453598020362 32.33189570416421 0.3736335961028228 9.495019913980228e-05
19 12 3.265529279483445 30.018825948313843 -0.04733552328777232 0.00010173504681216677
19 13 3.8107955797841035 31.08130905136973 0.22081676024252156 0.0001518130302690968
19 14 4.517895402284607 30.12108796953511 0.11542102194639214 9.566545511763643e-05
19 15 4.299928476739544 29.225078506647204 0.269435404806737 8.088350338990885e-05
19 16 6.220816907766714 26.451690125411048 0.32298257338185987 0.00010031461811413021
19 17 4.075717514388032 27.239482784289535 -0.18554122852150473 8.404528911439194e-05
19 18 4.934714609702547 29.283148080940293 0.37407015897121654 6.109458803508209e-05
19 19 3.4464641719717486 29.452932551420204 0.2809209673170281 0.00010257959375294809
19 20 3.021961546696371 31.467480458963866 0.2861947655347292 9.456314593838171e-05
19 21 5.017336811795408 30.832094612893876 0.2993294684158626 9.006261813893422e-05
19 22 5.56290034862782 28.68534827328002 0.27328953969510916 8.991723273665166e-05
19 23 5.026853321594439 23.77426193033837 0.312311694804469 6.0379510504386525e-05
19 24 4.3944333940291855 29.619063710805847 0.29069843200433976 6.467103561407013e-05
19 25 4.775053473309871 31.51621591076521 0.4778419275021757 7.90953619198195e-05
19 26 7.4205821495750826 35.93954872226706 0.19590699417629281 9.984530194593106e-05
19 27 15.821342295137619 -10.64873636657623 0.28593921414325496 0.0001400627014817843
19 28 4.919554885567722 31.78828947464529 0.3906220561273815 7.861846864178156e-05
19 29 4.909514765438798 35.35972132854046 0.5435820415579282 3.129243892055268e-05
19 30 6.249790867235579 29.9856117366979 0.20611209564794603 9.20891759520553e-05
19 31 4.221992545419898 31.985476228056278 0.254103338905427 0.00019031705142696443
19 32 3.3874225307349626 31.632854342866942 0.3749230044998068 7.992982829734747e-05
19 33 4.939331152079063 31.619211143516836 0.20783385823885325 0.00016552215292744358
19 34 4.326612747220814 24.398441381876612 0.3239268941137228 7.945298788791401e-05
19 35 4.367724334151676 31.658850253539413 0.24132689611257327 0.00014096498435192938
19 36 4.524594212264912 26.928164746199904 0.21791160298003007 8.684396797311968e-05
19 37 7.92568730147221 22.476027845886534 0.3068395593967469 0.00010734033652874802
19 38 6.348028963436656 30.134220230649223 0.1889537649420241 0.00011080503993740795
19 39 6.128340153199229 24.766939870641686 0.3328338607009485 9.638071064762051e-05
19 40 6.14653302016916 35.939600359676035 0.26464221170692703 6.947737628523352e-05
19 41 9.253933951736316 29.94025789913724 0.5526718852296015 0.00010330476770064833
19 42 9.116658814946225 21.712246148768955 0.3878600180825772 9.232783300263157e-05
19 43 6.061336756329898 30.992275711325753 0.2381529063387698 9.839032778825201e-05
19 44 7.403435674766323 25.436426592878192 0.32631716974465863 0.00011044740994884262
19 45 9.025840868076122 29.227459143155627 0.5359521847301774 5.6088041500125584e-05
19 46 9.43961596182896 44.0979866119961 0.7262597099358838 -3.0607000845955264e-05
19 47 5.545371652324405 25.489942538217257 0.29693543731630107 0.00010102987279680629
19 48 15.974632977343763 -17.098164615633934 0.38502375494953434 1.9133119668375698e-05
19 49 10.194731249133563 25.24117829257615 0.34096638813196173 9.513633590795415e-05
19 50 9.134766787150106 28.841063256112413 0.0465976204729701 0.00012344121940422923
19 51 6.376208003002644 27.227136204999063 0.24177404620393345 7.40885734522696e-05
19 52 6.808705169104214 25.30680702976432 0.29955044836651346 7.802254890479498e-05
19 53 8.315744728299684 23.835847083196384 0.1417016453491673 0.00011771929022702857
19 54 8.703659002154936 23.530294597487256 0.32891912113977884 9.495019649287569e-05
19 55 8.59834975348289 21.83483936107563 0.22855726434010631 0.00011402368914807025
