order obs chisq vsini limbdark rv
0 0 4.878817824849186 34.70062737502732 0.39340708308457284 6.753206279909603e-05
0 1 4.0873034900282965 42.187438781391364 -0.048722347921422826 -9.566524796642774e-06
0 2 4.814284034231355 38.41525383589965 -0.020786416035052192 0.0001571774192531752
0 3 5.966039777123504 25.197990774315983 0.3594364701821392 6.920099260673002e-05
0 4 5.4785384275380835 34.13092864214937 0.1310022295985567 5.5952672335982334e-05
0 5 4.451594633241378 43.763606261058825 0.16231881301145207 4.5835972007782095e-05
0 6 5.705753913121658 23.225251115998987 0.2671210375367863 8.461316904402103e-05
0 7 7.536230015449261 25.24731772983388 0.3671465980952862 0.00010949373706523623
0 8 5.740570406596086 56.837993762534694 0.1258579220305966 0.00013285875336282925
0 9 4.758553279432161 40.27237004870799 0.22844179309342993 9.939818059197041e-05
0 10 5.100570718318503 40.259374548367745 -0.05364995257702778 8.219164965802493e-05
0 11 14.252293769264798 213.20463019535856 1.8939779998835302 -0.0004574359005582464
0 12 8.098867476970765 21.969397114272546 0.3188650909222105 0.00011223542754835918
0 13 6.7336589684358445 24.73645516161681 0.3234467192280229 5.263092864792625e-05
0 14 6.4892317622691245 37.507820173435235 0.2502638630439489 3.951787935234673e-05
0 15 66.15957365719827 28.1084359158421 0.3146620283516377 8.372922525179692e-05
0 16 70.16431439051917 21.29377461118716 0.30394199158817414 9.137378441455524e-05
0 17 5.821583673065935 34.31391382423849 0.4989518096772687 3.844493057647075e-05
0 18 6.5754631475895415 31.670515422333693 0.27810699592669763 6.574393622580234e-05
0 19 70.5503558916754 9.567479706054513 0.4021143683309615 8.821958726076796e-05
0 20 67.54485660948794 15.081949809316392 0.4035747101254131 0.00011783784815512101
0 21 6.239513280520856 35.95785196165011 0.20142964091533005 0.0001149773602322725
0 22 7.084344805819777 27.135684173273617 0.22014669916614174 0.00010031461484940018
0 23 149.0389837911226 21.218875113904488 0.3007334008649165 9.137368599606573e-05
0 24 66.26706480579415 19.695171444804146 0.4015469215230456 6.169191874078335e-05
0 25 5.232040968283961 34.20470975630918 0.3048093703615242 0.0001233220209188348
0 26 5.8236150610552215 32.33297767333983 0.28540075564112516 0.00012010335905170372
0 27 79.85067213455183 20.933452027354573 0.3034456878196685 9.113629899068355e-05
0 28 74.206269352599 26.901111022214298 0.39939506686334875 9.346087195732884e-05
0 29 4.949627278101056 43.44646906175857 0.1277782186380192 0.0001348853113750642
0 30 6.257742416691739 38.410436338784464 0.0270573963177025 0.00013452768285476298
0 31 79.39809282774546 21.23584592571038 0.3034076468318677 9.091351910803088e-05
0 32 74.129366688425 12.567272650007048 0.3748497999261649 0.00011346374226752809
0 33 5.69627621697555 54.06099924601931 1.3054862112401016 -0.00010368130962297339
0 34 6.26341431378677 30.588845479461796 0.3154628084502814 6.657838923656569e-05
0 35 111.82429209209582 44.20663974033786 -0.09594412033733948 -1.1275230660498017e-05
0 36 66.83358282961525 21.704910333104706 0.3013079467104104 9.003933242212204e-05
0 37 8.300746454277128 44.658832790262096 0.4985271141766323 8.457899621901343e-05
0 38 69.675083954224 21.0 0.3 9e-05
0 39 14.349654882043765 29.76390967299797 0.2634553709577482 0.00022167055657866536
0 40 8.285781303262006 29.902874774942443 0.7919391704368193 9.614231201669264e-05
0 41 9.048318752527718 25.09229950529556 0.284355582829662 0.00016957520999569628
0 42 8.308024526579935 42.318920142976225 0.25680815787798217 9.340047856814532e-05
0 43 12.751196919110837 21.690068420948737 0.3201022671001097 9.566553780573591e-05
0 44 75.92331393657118 23.626695374433574 0.34851892606410706 0.00012356046008941114
0 45 7.506645043292286 34.72504569959328 0.45908014705327416 8.803606184589087e-05
0 46 10.944973387558452 21.14860693370911 0.401691514757194 8.100274664014145e-05
0 47 66.15956175000221 22.998961749167584 0.312744003300047 9.724748701300895e-05
0 48 54.58235790563553 25.428578124396477 0.5941484164858489 9.300694230782056e-05
0 49 11.581458197275941 21.983855439736978 0.30416914120537114 9.924173229379772e-05
0 50 10.375886525682851 35.83816930904936 -2.1976581898465977 0.00011819597841804065
0 51 110.18651686376612 21.23010928980188 0.3033239003378857 9.099823429162003e-05
0 52 81.44061156152725 26.29843561359558 0.3481606285405119 5.171917638623734e-05
0 53 8.987872987953473 49.96379872745305 0.7390965550305633 -7.242559846933902e-06
0 54 11.357656983597188 19.705592036539954 0.5546650167017726 9.74927097709417e-05
0 55 79.94125908951001 19.36944075085042 0.23861892243115485 0.00010353347685796826
1 0 1.4554637168673399 49.41290198324803 0.22153864316369284 5.978345869064138e-05
1 1 1.6187063477152204 81.89475161229967 1.5584189765045853 -0.00039311944884170115
1 2 1.5663682724009211 64.6537626067213 1.226300772830822 0.00010948331077411481
1 3 1.3861877077879536 43.229591060662216 0.4356515752724041 2.914667054092094e-05
1 4 1.4449881481576377 62.889853331869176 0.8587850037633575 6.0975551947311686e-05
1 5 1.57982567283332 55.035585255876356 0.8717666464352337 0.00010412931444696683
1 6 1.8359839039065295 41.46947704879418 -0.12869408479747343 6.836652670479389e-05
1 7 1.5351619591394567 60.95925269393243 1.104123385035273 7.363599225716896e-05
1 8 1.6204046847154903 70.19551653239921 1.2691204537137781 0.00010399124583034049
1 9 1.9745375538259071 45.27322616548038 0.41440960049993364 8.552959747961277e-05
1 10 2.0652406561450545 43.28934175174221 -0.2880881893879123 0.00010174512868876748
1 11 2.2675861765287983 41.395634755999296 0.012305078811181376 3.0398350703637736e-06
1 12 2.067575863122402 39.10968479216497 0.08610035161089967 -2.1964407574314198e-05
1 13 2.0999335893872555 61.57499251065447 1.0338552574992361 0.0002188235005285602
1 14 2.400304097245356 38.19144626448019 -0.24397108414603103 3.2278447613125843e-05
1 15 2.861937018303405 43.22351583425339 0.27158872344447393 9.793045118210037e-05
1 16 2.84818881769006 35.764136494191916 0.5152954630265945 -1.5646218271103346e-05
1 17 2.71600887288052 40.21304530008665 -0.28961578456966974 0.00017482060428387032
1 18 3.164755149322593 39.1705084187595 0.04823440407950462 0.00010157686445518235
1 19 2.4980401565444534 42.802530868964865 0.44053806909175824 8.052587619940752e-05
1 20 1.7378869667911019 42.16262486420482 0.025579327006842578 0.0001241564750662213
1 21 2.6653647798076427 45.76234814199129 -0.778777359170616 6.885164508838681e-05
1 22 2.877536003257654 43.291140865225444 0.24691422403067298 9.590387337390412e-05
1 23 3.0664676279395646 48.19114912877413 0.020326048257687197 7.99298286459157e-05
1 24 2.6345935924320782 38.05082781146109 0.070828082785175 8.875131607239382e-05
1 25 2.2656266366770987 44.50156158386777 0.06855457258124803 0.00015980005306477803
1 26 2.422711790878937 48.240987009279124 0.5217406116554755 -9.378794752211317e-05
1 27 2.597194688172136 42.64541481881568 0.555538887198874 -2.55405046713892e-05
1 28 2.3401144679818775 91.96282304660596 0.048679398112723586 3.939867088985582e-05
1 29 2.1885382938209768 42.13230099813817 -0.1933687172609951 0.00013929648606461257
1 30 2.8368412676878103 37.20891350102201 0.22550979159576712 0.0001381039446983579
1 31 2.866876282618925 42.040287728196475 0.3056811863145742 6.74128536147293e-05
1 32 2.2267904349797543 46.95785533652287 0.5453920144695048 8.624792095631738e-05
1 33 2.9629485005357243 37.110059387206945 -0.13713698141251587 6.276369159969496e-05
1 34 4.507601744739343 44.572980792515466 0.8815469166188212 1.639157658051395e-05
1 35 2.8321506393483555 40.15658278681035 0.3953510611084845 7.516145682296156e-05
1 36 3.23517209219975 40.27195336483892 0.17695014523737257 0.00011593103421064495
1 37 5.098486663538902 33.929419236113915 0.15047844909638308 7.754564306334459e-05
1 38 4.063048659827118 38.32098543645466 0.2200560487233122 0.00014990567635304674
1 39 3.129788214619796 60.87998405130318 -0.4397207736113362 1.5318410043216332e-05
1 40 2.680640265280903 42.04262749545474 0.3205644542727825 -7.107854181058788e-05
1 41 5.83373497751935 23.64773213204399 0.34989243376315604 9.518861776497112e-05
1 42 3.8708849543185253 39.643026022696944 0.47860891544746886 0.00011593103445515168
1 43 2.618846845695015 59.11200971089015 1.251235481491423 4.304521227967901e-05
1 44 5.035694620798117 22.704439770859587 0.35980913800952063 8.994340941046477e-05
1 45 4.721025712080897 38.176499670804844 0.2258980184494257 0.00010430909426732543
1 46 5.028885138619001 24.507472096224923 0.2924839150410616 0.00010770546992506087
1 47 4.535961898875828 37.036494930218446 0.2261799671511071 5.537271491074738e-05
1 48 4.510266189352581 49.68988826721246 -0.4788431210111047 0.00015753513256097624
1 49 10.270190773850729 20.646053455061157 0.33429043301836314 8.553267593703373e-05
1 50 6.777455251521154 38.17648053090224 0.2836161575727184 7.683029562505718e-05
1 51 5.325615575875009 38.52111533799639 0.04397196527063303 9.28044319222266e-05
1 52 5.619465560150105 47.412727562599244 -0.005095972674763954 7.730721466915784e-05
1 53 7.305857488028346 28.4901900870523 0.4021506588832103 0.00010544063207566067
1 54 7.80303579461367 33.866185007357494 0.20490387402159993 0.00010055303584989857
1 55 7.8206707822789925 41.87099295697443 0.12084718994293733 0.00011354698038889368
2 0 0.8121596830441662 45.19107044097514 0.6577916161747774 9.340047829682759e-05
2 1 0.790797977206708 38.84889638137601 0.2995917028335089 1.2099743263835076e-05
2 2 0.96151102195666 37.61411725545295 0.22262060909115688 5.46574624755052e-05
2 3 0.7965260615329399 38.810152789228354 0.3125053331435159 7.3313736391808835e-06
2 4 0.7808315947232394 38.799827847658136 0.33103172644718204 7.706880572859719e-05
2 5 0.8321380023951628 37.045517248888615 0.2538085519957489 4.178287695276441e-05
2 6 0.8423561908647599 35.679226348088406 -0.048000178132821335 3.570318288147755e-05
2 7 1.051551547545536 41.812770685217416 0.09879825362557057 0.00016874076186615796
2 8 1.155963833453823 36.96441235191353 0.05147711897505443 0.00017458200080974133
2 9 1.1748847814562335 35.0721040242134 0.10777414312594433 6.63399704218425e-05
2 10 1.2620652687948555 35.609852787812564 0.23239974670040453 4.9531459952593804e-05
2 11 1.705954667270433 36.34649767801044 0.436041867237682 4.953145982395285e-05
2 12 1.6613751886700214 40.56464377662285 -0.08928647348684679 0.00020331099462165284
2 13 0.9027757305486764 35.11420118791682 0.07034952202525346 8.994340873028024e-05
2 14 1.0483285166016993 35.090054582214904 0.1426565012128383 7.718801497841514e-05
2 15 2.6412205986701016 21.64686786273758 0.31273405287538414 9.089672448940088e-05
2 16 2.381217770735104 22.6733563191977 0.2864140919758437 8.803606020259137e-05
2 17 1.025570150242545 33.89003910197969 0.18037201287245516 5.7160842532644544e-05
2 18 5.83059421627984 22.07765922836097 0.30096648031095463 4.702819520171076e-05
2 19 1.870392191375325 42.01250861852226 1.0224254480036166 7.94529871302795e-05
2 20 1.4792678311483913 45.557237600182525 1.4668828378556469 0.00018042321458695205
2 21 1.1344184426397592 34.66954033361342 0.1791124863262437 1.687922005875707e-05
2 22 1.8077655393946053 33.075807435521355 0.060790501258974304 8.306131200525675e-05
2 23 2.9569536970338266 14.042210989047415 0.32433561186545357 8.767846989524521e-05
2 24 2.913057935882023 21.23715735236945 0.30821528277691346 8.791685189338723e-05
2 25 1.0115368547834627 35.77583835097576 0.39026359327362425 0.00016540288697579092
2 26 4.317248986335933 7.069707592349511 0.5946561655766636 2.5928008804225703e-05
2 27 1.9813812385506469 33.60379291274889 0.26926680943917136 5.9068203119043514e-05
2 28 1.9209580599644285 34.94259051522056 0.19436236001837615 0.00011807680323958281
2 29 0.995977731195701 35.107427381250325 -0.19121242018202786 0.00012034177120789089
2 30 1.0334126262035004 36.374499556824205 0.33811805098734893 8.636712965055344e-05
2 31 3.0175518682454516 33.07580855480271 0.18878037025835712 8.548967576071939e-05
2 32 2.001789608871034 34.323902445586256 0.09804879443019038 0.00011670931831932359
2 33 1.2901053725381086 32.84044609081721 -0.14814584826633198 9.256601334201533e-05
2 34 1.2687240738594427 33.51973429267127 0.35061507124328867 0.00011428627740726476
2 35 1.223348613067786 32.00438916785712 0.38392928236864565 2.87890423156915e-05
2 36 1.9650483058053343 25.193753308704657 0.24919884363595635 7.65761477506233e-05
2 37 6.290063650434811 23.31028949594223 0.32238297970723273 8.922813447816589e-05
2 38 2.1448834969488972 32.09304228914438 0.07573661837896345 3.7491364219527446e-05
2 39 1.8221101604158174 27.080590545833402 0.31548681391579236 8.0049037014421e-05
2 40 1.6840978467189383 29.570992287623042 0.12985215139517414 0.00013774636634871003
2 41 4.1274938957464204 20.594343083076605 0.34433193643791216 0.00010114907451072385
2 42 2.2477099669950644 32.06181214437583 0.20625071356520724 0.000126302237882861
2 43 1.7582828140397382 29.49284748595344 0.1262304761930001 0.00012463332046267465
2 44 2.5733354873923284 21.855047772819965 0.30320138214405845 8.982419339085648e-05
2 45 2.318766078529171 26.524977973025635 0.2776443390078153 9.07785452006426e-05
2 46 2.2762914293340657 24.5382026079307 0.29204671328229265 8.92280744842151e-05
2 47 2.4013896392689356 21.16095159802547 0.3218716409228023 8.851800340080523e-05
2 48 2.849390532455049 20.622921218855865 0.30115500527498307 9.706933163842718e-05
2 49 39.80276929891871 20.982451252699818 0.27825528399959587 7.945023952669426e-05
2 50 3.5122394547506612 21.5477774388377 0.3184444709684722 8.684395421685505e-05
2 51 2.3666261117563656 22.47733879064744 0.3263223541849778 8.219485276487654e-05
2 52 2.2851758660407393 21.279593142590898 0.34949146945716963 8.14562710397485e-05
2 53 8.117203011973254 26.63956597484156 0.2932054013690315 0.00010147148600094702
2 54 8.677664509892265 27.765082549822935 0.3030716830284632 5.739926735981523e-05
2 55 3.4679242893465485 11.897914152249747 0.3203999139833097 8.398294361890816e-05
3 0 0.737972912366994 39.43463944796734 -0.061986021090804644 0.00018137693627605096
3 1 0.6112166813314697 39.972139604737805 0.11465347785395613 0.00013273954604778207
3 2 0.7059131752510293 38.10859367102415 0.21294612909092026 4.708769110948412e-06
3 3 0.6749625734284561 46.1641908331794 1.1754757845381647 0.00010031217299893275
3 4 0.6609716950105688 47.428887174731216 1.2745292789564906 -3.152928175047095e-05
3 5 0.6543932410287119 41.2723202820683 0.0020422181034528497 3.9994716637520095e-05
3 6 0.5774440230064282 50.99783481519637 1.0696174997959467 -0.00013485550805391572
3 7 0.7392040491333293 43.20331248431512 0.8706479567391693 1.5307087291878574e-05
3 8 0.7199177646644881 39.394052840471545 0.26497869974596283 1.0132790515832368e-06
3 9 0.6446310064471229 39.46417689012863 0.3409851945990746 -2.4408102069704225e-05
3 10 0.6784833918250627 38.72209465670046 0.13204813267056748 0.0001427531243501238
3 11 0.7699399906281748 38.230096228055956 0.18478209070732668 2.1398067537771376e-05
3 12 0.788428825799621 45.531800641220606 1.111727665397232 9.012103738889385e-05
3 13 0.6544999488007841 36.32792392867432 -0.14438626593044074 0.00036674741520099257
3 14 0.6299852617908686 35.622616034376875 -0.279061812768841 8.958577983676387e-05
3 15 0.7792079438005035 37.97655948254417 0.30451807971493505 1.1622506900178643e-05
3 16 0.8012112007963537 36.81878102570984 0.19955696131369755 4.7266483492018636e-05
3 17 0.6481979766009625 37.523776362243844 0.540643219828495 9.816884996192968e-05
3 18 0.6591639569874008 36.290974543866575 0.18766214668213507 5.441904173537292e-05
3 19 0.7536557521785275 39.28527222390542 0.35689863987807735 6.774522837296994e-05
3 20 0.6792748446828094 47.428960533920105 1.191562892203872 8.98242019440419e-05
3 21 0.5698334178667779 37.275477339654685 0.8780343542837107 -2.6732679116704387e-05
3 22 0.6199729256941913 40.58171577995061 0.2913641601855208 3.999471241701996e-05
3 23 0.7493789470532317 38.71242682143104 0.37958820541224536 -9.447351301870499e-06
3 24 0.7484970812558036 38.25555313316151 0.24383341027019123 7.38501542623945e-05
3 25 0.5970323252246328 38.69766055533203 0.31411473266937734 0.00011509535020775781
3 26 0.6158513431359884 47.41582708989469 1.284918042145101 -0.0003546773776648916
3 27 0.8214370505186578 35.64213258053507 -0.6567249975254706 8.035028385356313e-05
3 28 0.9549267359912875 41.25668196986414 0.5654753698580531 -2.0116567920859312e-05
3 29 0.8390253616375734 36.89502910336705 0.02599841932694318 0.00011390447538235564
3 30 0.8381612842823079 47.42896572613693 1.4002083009428272 0.00010832298540855805
3 31 0.8571788054808771 34.25820867166691 -1.4799740610541776 8.854891825055306e-05
3 32 0.7446266781493541 46.79655120377163 1.1498705090137022 -0.00044980931382888314
3 33 0.7951790788348674 38.247192825694356 0.14789897613099912 5.632638933764932e-05
3 34 0.8163490636892563 37.451675009555856 0.2920057539126597 -3.1560652725845056e-05
3 35 0.6942482836523391 38.17339570603956 0.07719267524583934 8.10027122107448e-05
3 36 0.7566057055346098 38.13436099593753 0.27542215020147837 9.888410604453211e-05
3 37 0.8422757186422587 36.19122340829911 0.2829265062825259 -9.945032369721347e-05
3 38 0.8552740850430482 39.10034606995982 0.8691081332562988 4.249811172068534e-05
3 39 0.8077322446784903 38.03805771867114 0.3244782491285486 5.251169244227517e-05
3 40 0.7371714744523685 33.68450225660761 -2.017977233893244 2.073819955671179e-07
3 41 1.064644017199664 35.023226773985314 0.46696180533688597 8.88109208201837e-06
3 42 0.9717655739468583 36.30910529756265 0.2991359003475384 0.00014048814769530152
3 43 0.7117055585244345 35.597401477679234 -0.6583760565421126 4.118681190545524e-05
3 44 0.9320978746194856 35.21623651212105 0.22561228764070215 0.0002946257591763393
3 45 0.8237225823472005 44.89939584566813 1.532977713474498 0.00012141461641908654
3 46 0.9053429026275063 34.94638510033279 0.31630549436029676 7.241964372622362e-05
3 47 1.0004866623056188 34.42449854865417 0.024042445911052816 0.00011771917342671059
3 48 1.034945206799545 35.70262332743651 0.181364313135651 2.4259090107669284e-05
3 49 1.0536114061124922 43.63464349901245 1.3868115771748855 3.087175631915989e-05
3 50 1.094746338951141 32.976019290523595 0.08383124039872897 6.717443135395384e-05
3 51 0.8838569886813318 33.1158909931287 -0.6739570517427529 8.482646128363723e-05
3 52 0.8925495724872988 38.70774435217799 0.6980682343248551 -3.883190325591706e-05
3 53 0.9805794988648813 35.58572562055545 0.6392901908134853 2.795458539921396e-05
3 54 1.0770445070907968 34.234713885444705 0.37557931145057943 4.762410809839103e-05
3 55 1.3254980876168412 33.21197299689628 -0.028946487594699196 5.763769124877265e-05
4 0 0.5760855001231999 43.06634662949793 0.7770419205677666 3.772974011583794e-05
4 1 0.5322375770107614 38.344303594999765 0.2913369198454514 -5.729834642922237e-05
4 2 0.5842908418476225 38.63093746720267 0.04879182453740433 -1.0129827663616324e-05
4 3 0.6213781476878637 38.62119514261312 0.16118382729692368 0.00016426881868105445
4 4 0.6406321804086206 39.24095202777329 0.20079419808399146 0.000182230086040184
4 5 0.6028410192270225 40.464178446799494 0.4150906292225579 5.143881003655208e-05
4 6 0.4964659159500458 46.770712723881545 1.2295031535355494 -1.9540530382237955e-05
4 7 1.0220630818586327 42.41520369766223 0.4631289745171674 1.2695789802819513e-05
4 8 0.7422871366603598 42.386713669346236 0.34679058309823674 0.00014883279804496936
4 9 0.5689079337902851 39.93509287540813 -0.09119851256867312 3.9041051938107204e-05
4 10 0.5678622976121501 39.34031800695797 0.01984811724011174 0.00012546777734205686
4 11 0.7070810733736563 39.94760605197337 0.38122864331606643 0.0002875924065637535
4 12 1.2061646790251723 42.46120634807893 0.17253964698465502 9.137392128738596e-05
4 13 0.6998584400129921 42.92646951909809 1.3336704918067332 -9.268450699481283e-06
4 14 0.6371273569421956 41.71315894803262 0.435508104561554 4.476308844267254e-05
4 15 0.7011060671142995 49.33349091454249 1.5168087707826947 0.000124037441297664
4 16 0.7337360986792559 34.14777919999102 -1.6259818744461856 0.00011573222263256902
4 17 0.5958726391424626 41.258741887788965 0.2455793013840189 0.00010627508168444704
4 18 0.6232947170668288 39.31276908097614 0.260943595287886 5.926568357040828e-05
4 19 0.8648186316045399 48.427021117189646 0.23155652825917294 5.499005797893949e-06
4 20 0.7361992573211479 34.154382478645374 -0.20712585390944607 0.0002730488776659357
4 21 0.475070919440571 44.80075148598614 1.095342592908544 9.781121928683305e-05
4 22 0.6066782629418831 39.96278230866291 0.12058669119049473 -1.2909605811731226e-05
4 23 0.5989108439007895 41.249216754968714 0.735241243638092 0.00023871660320375743
4 24 1.2187295238938685 46.986161010517264 0.22112988033768105 -3.0487781553169338e-05
4 25 0.5151956636654175 40.523159722896835 0.5631483514146917 4.614409792734611e-05
4 26 0.5417990563151671 38.61341791678265 0.001193856076604599 0.00019651655292674978
4 27 0.8292231290893866 40.63537007635793 0.12853595093962292 3.439188002854807e-05
4 28 0.8388320137751808 38.69360831550353 0.29431486909497007 0.00014430284522487405
4 29 0.5569734563910165 42.42194936865275 0.22311579566394363 -4.4256448984186064e-05
4 30 0.6067341798689424 38.03194037696903 0.37337189795776954 5.835294723539306e-05
4 31 0.8356584834283224 39.29072201615986 0.3981017512178417 3.0690787660511046e-05
4 32 0.7749462244781624 36.35630731636124 0.17217895458270122 0.00016492605279794703
4 33 0.5707174942187869 43.92493445633396 0.8836141348792232 6.809491605924538e-05
4 34 0.5938889374886778 41.18014121313722 0.27008507547380745 0.00010508298851050467
4 35 0.6791813793984929 45.167610385095344 0.5610398347342669 -1.1354690427368276e-05
4 36 0.6030291031407229 39.90260761871485 0.25935060924132997 8.326768877752841e-05
4 37 0.6097814500565106 40.48253936271499 0.06165508162101421 6.729364483022216e-05
4 38 0.5896139334797793 39.904259137895025 0.06185208371874275 0.00010436773024570276
4 39 0.6559711585233288 39.29584993387703 0.22155877016291659 7.051229486605351e-05
4 40 0.6053073192353801 41.8700246125597 0.3862002682551203 0.00013154745095884113
4 41 0.6344321462268978 40.58896407337267 0.2576624231203547 3.1590459587053953e-06
4 42 0.6406267202005479 40.03046719636336 0.2618722837606804 7.808208820300965e-06
4 43 0.6106721292925765 42.981437486374745 0.4743323911809418 0.00010484457668992687
4 44 0.6860905937894957 40.170626267361435 0.2039107285002821 2.7358531690310162e-05
4 45 0.6891687831566788 39.13979751170034 0.1476295577897801 4.416673964511574e-05
4 46 0.6578490367849743 39.12245912954088 0.2801807923453515 2.084386964581821e-05
4 47 0.7906392712425616 34.79053697903643 0.3190044691687335 -9.983777774079868e-06
4 48 0.8608257272760732 43.066898204749975 0.1894965071466873 1.8656253814137702e-05
4 49 0.7512201417857192 36.73597941966876 0.38001595989202863 6.0199372491913105e-06
4 50 0.6728100874544212 39.950820548504986 0.45122140865293114 3.4391878938648944e-05
4 51 0.7937490000731372 38.70667399221019 0.2640096260581162 4.470348546842028e-06
4 52 0.6433486710548202 44.69254900438642 1.1786295834359324 6.443262194078087e-05
4 53 0.6400479716078225 41.86018674252381 0.6685980352844132 3.8087367536708536e-05
4 54 0.7551095189159353 40.431596244906174 -0.03753767478232525 0.00011998414997560332
4 55 0.8644711842691876 44.207933513922704 1.5282125669895965 9.62431107703155e-05
5 0 0.5694100348043625 38.47224452048322 -0.05792401505241604 -1.2606391132075471e-05
5 1 0.5680528745907178 38.44642344337221 -0.08717109599877874 0.0001041293156189779
5 2 0.518569716041575 38.53160918049731 0.00840244625347284 5.215370529349059e-05
5 3 0.5211941998216468 39.79160180171924 0.26134379504137406 9.483098986598033e-05
5 4 0.5370240189164758 38.478942196279405 -0.08364157511924775 0.00028711558879364254
5 5 0.5270332380601788 39.905661601874414 0.18439546349564825 2.2590160315639702e-05
5 6 0.5359144602476221 37.995083079562406 -0.13199887881525096 5.7399272230792275e-05
5 7 0.6504029170398624 38.40695280176087 0.05749848418044898 0.00012153387263853358
5 8 0.5093576722460242 45.429549449443094 1.1431755955837921 -1.6987366627585876e-06
5 9 0.6050478732394218 35.96092570388902 -1.13490408395994 0.00019341711114901505
5 10 0.6330011703413806 40.483626348492955 0.2920572855640877 2.4184826119217906e-05
5 11 0.6858862115204363 37.391774717195034 -0.03444674705284473 0.00019568204881024776
5 12 0.6082256963113761 40.40571621944167 0.3277148678678181 -4.068017228323486e-05
5 13 0.590461272920416 39.89511821612791 0.2864067180101779 -1.898407761333389e-05
5 14 0.5683796833348821 39.74659064765909 0.14904163833750778 2.9027461243511218e-05
5 15 0.5832791654171017 37.933180175894336 -0.13731332854848835 7.563829370626666e-05
5 16 0.5892554276401978 47.37646753727006 1.2549233513306683 7.134671817718316e-05
5 17 0.5456293598569399 39.232988853261354 0.1642766316560592 -8.02500974502557e-07
5 18 0.5125580469400746 48.671173175010416 1.3174272032318817 -4.97275094447222e-06
5 19 0.5647281005212597 38.42764220600949 -0.0002718379455282238 9.399652466822466e-05
5 20 0.5529905915265607 37.25018831886284 -0.2663692348821318 -1.4334833032906224e-05
5 21 0.5387462142044291 38.10665808518567 -0.06529898720751257 0.00012975931164086493
5 22 0.5253563637218817 39.01582505909623 0.1583562852329647 2.688424643656688e-05
5 23 0.5096934466983183 40.99634839332607 0.5438200877700204 -3.090500675293845e-05
5 24 0.6124417133115432 37.36678695002494 -0.35983359698566586 0.00021320581463054548
5 25 0.4863537429373913 41.708000508707094 0.7347709131437237 7.551908497247757e-05
5 26 0.512841352461752 40.57907416415367 0.41047644113179527 6.38365748344782e-05
5 27 0.737405655590812 38.3816899230172 -0.2041361779093393 6.848573681472259e-05
5 28 0.9429294071443046 38.531255011261315 -0.04262910106213968 -3.784894671193589e-06
5 29 0.6185301576164279 36.876649477866366 -0.750797721368484 0.00031441450666161897
5 30 0.6497013127932294 39.9388422522464 0.15051677795018525 -1.1652710454218364e-05
5 31 1.1959864452641764 37.03933102666241 0.2629813639301004 9.3996963567862e-05
5 32 0.5726978450983868 35.18032614544397 -1.5620339949631177 -1.937143083652085e-06
5 33 0.5141152953476197 48.67453631737484 1.309528984258999 9.234211835710155e-05
5 34 0.6343343618557769 39.24923088665092 -0.4162940163841027 0.00022047758103128343
5 35 0.46852465830838563 39.83763666139833 0.19456776076080393 7.349252661051064e-05
5 36 0.4785145642581983 39.2510907704242 0.07407656345971378 9.172220970193954e-05
5 37 0.5891875833332937 40.63768339432751 0.24290734485509247 9.232759485642199e-05
5 38 0.5754840637369443 40.39314462664811 0.18125467780896354 2.700090368884418e-05
5 39 0.5174546454652349 40.283928518602316 0.04585742907188045 2.6524068194560186e-05
5 40 0.4686850204680859 39.03374139204006 -0.23603479167302116 9.065866327224745e-05
5 41 0.6863792635186541 41.16966417305393 0.38858657157300935 -1.3974384265421304e-05
5 42 0.6801302475903486 39.74270871898368 0.016113741188726195 0.00013977289305064757
5 43 0.5576453724590696 41.21627893718336 0.4818016163229063 -0.00011739148522263903
5 44 0.6310311689032875 39.85184907884516 0.18029091276956866 -2.3990876347722863e-05
5 45 0.694141948469738 37.890208897878395 0.01433202462144494 2.819299713252491e-05
5 46 0.5675355889873909 35.24297764185903 -1.3551926534047753 8.088350208689401e-05
5 47 0.54079746094346 37.95678358637705 0.027509763815930618 -5.155804541424024e-06
5 48 0.5095087004334026 43.03912924111497 0.8946894234088575 2.594916740810128e-05
5 49 0.8097078637217734 40.437173133341936 0.5129111779912502 6.312131852330233e-05
5 50 0.6770058159387289 39.30942610674202 0.13548214238260317 7.873773571581419e-05
5 51 0.49231208636887186 39.95151086143773 0.25722222555674645 5.2034390695424e-05
5 52 0.507558691552927 40.367264562828915 0.3296926487066968 2.4730322463006183e-05
5 53 0.5811397685686478 39.16307407164254 -0.0549841056639693 0.00011546647642544062
5 54 0.595665628881342 39.688647517758184 -0.06458889119547717 0.00013417005569015683
5 55 0.5492277235515043 39.83666110550605 0.15996633531993792 7.706880585929234e-05
6 0 0.20798911634951348 41.60925970099859 0.9276213642480224 -0.0001647770407555829
6 1 0.2550692712445878 36.411985321006256 0.3462740571048659 7.11083414320785e-05
6 2 0.1675719322835867 44.63753695816132 1.2322026207147696 5.239248981263578e-05
6 3 0.18151262110263477 37.717971281443624 0.597599680323218 0.00015491246745516905
6 4 0.1923368625021585 36.95295107211433 0.290173417311874 0.00010705861978381336
6 5 0.19969417680962404 34.39612975257502 0.14063496178988485 1.710653232804897e-05
6 6 0.21767337061030195 37.60124007149038 0.4774229996503452 2.8908253590408426e-05
6 7 0.30047460902640466 38.86955441181611 0.23805014601341118 8.255244731145498e-05
6 8 0.21918549071199234 36.3370166577636 0.2787103317758646 9.387731554026421e-05
6 9 0.2719590848111434 39.179805288066234 0.611766026528116 1.9013881657923144e-05
6 10 0.31455609568241993 36.56655450413923 0.3237405400919305 2.938542730542475e-05
6 11 0.29110925741174315 36.96629221126737 0.2214178881516315 0.00015408143642679594
6 12 0.3051594775875566 31.059150796875713 0.38890760166490307 0.00019472837267466475
6 13 0.2965822968696999 38.953851073688085 0.4367804372397289 0.0001222503212220396
6 14 0.3087926877739935 26.471881753473696 0.41504828673185556 0.00017292124951897827
6 15 0.2624572672003249 41.458584168622366 0.6135907625486983 -2.762675229538546e-05
6 16 0.2790376204852404 35.66583658208933 0.25547282891938305 7.349253991048826e-05
6 17 0.28129700281255693 27.242477614509497 0.5309468250287879 1.5914930215006657e-05
6 18 0.2736305205540749 36.25808938229677 0.3145748088970445 6.347894684677967e-05
6 19 0.2614741908145228 36.97755066101689 0.21600313658545417 0.00010639429444239806
6 20 0.24142171397139978 35.644668840836815 0.2636210154215438 8.946657779220206e-05
6 21 0.1963338244017465 37.69940886743298 0.6081923220084541 -5.4031604556891566e-05
6 22 0.18054673744909433 45.35311474057929 1.3771433938760993 -0.00019022954037361232
6 23 0.233880661821122 45.30374345922102 1.331313888972517 8.231401443333593e-05
6 24 0.28973324189188865 35.67588366209726 0.3408225671476567 6.684942253910166e-05
6 25 0.18393429432709524 45.34972192498366 1.3907249085098186 0.0003777147204853694
6 26 0.27507047628649073 35.67479965351737 0.1988784465347001 0.00010004854249081775
6 27 0.3080767317430765 119.62726675556239 -0.7651651432390395 0.0002824722852465115
6 28 0.25545253953080177 63.87617948605114 -0.6550995352579406 -0.0011800229550566958
6 29 0.22413188177549143 56.7371633800597 0.4392590314896725 0.00016957521475986206
6 30 0.41635900310353036 36.36115588355929 0.3410857564187526 6.189309392057027e-05
6 31 0.407934142128593 57.18447106247653 1.9587397981790051 6.191057511316348e-05
6 32 0.23957995132820192 38.94649780139961 0.37268496763257847 -0.0002237260341835459
6 33 0.319431131596887 37.144216582154975 0.24974517371312502 6.681680681258906e-05
6 34 0.3486231334856008 37.49275369293788 0.28293137842321525 0.00011604967095422215
6 35 0.2023530942139279 33.55495562290889 0.07022007198765856 5.383061100630657e-05
6 36 0.16719984529746762 32.329212603751515 -1.1461028747870028 8.458163005725728e-05
6 37 0.3371095676823659 47.325013741269046 0.28350811008352916 0.00011820060602273946
6 38 0.30228537329566696 33.84803768942024 0.2817920753711884 9.816885000252517e-05
6 39 0.2252171046050746 46.571439722120914 1.7294796587338106 -5.478389283535217e-05
6 40 0.1717381592000375 31.70028012161665 -0.4827173968291827 0.00020777887642814993
6 41 0.3684699403443074 51.9259932659583 1.8710756551696774 0.00019711631178385253
6 42 0.4421968949451949 34.87574463256446 0.09600969809505863 0.00010365247728394625
6 43 0.18789546334959892 29.156008588537738 -1.6171387189837114 7.076374900328572e-05
6 44 0.2762200419109748 141.31793299232123 2.072822309363289 0.00011195175612996996
6 45 0.3733523575461067 33.04267364292005 0.19321331034753322 8.517503738176088e-05
6 46 0.29674574213621796 63.7994458647275 -1.0433224494317659 -0.0002965629100707453
6 47 0.365555209062197 29.64944199957627 0.24495002148801115 8.815526976301049e-05
6 48 0.21134528649216816 29.65972383986825 -0.9832770264699331 -0.0001072585572633561
6 49 0.2168948227840456 29.018190976349942 -1.0993209321378603 -8.49655215985198e-05
6 50 0.4073390468325918 31.869260360081746 0.27509478204799337 9.959937526788055e-05
6 51 0.18021861781192478 29.057660884416855 -4.865609966907836 0.00029546028526756054
6 52 0.17219967498830413 35.11591522964817 0.7839913636625901 -0.0002552568911359601
6 53 0.30468502687320675 29.01720034237836 0.21655914027067133 4.3451786272611304e-05
6 54 0.302167681873446 32.3426638574653 0.24909236867248008 9.67378940777248e-05
6 55 0.21661963831485787 31.756487071984214 -0.14847499366965283 -0.0001846819504767428
7 0 0.17031476049969074 37.993959403057865 0.38191331231400827 1.174219441547283e-05
7 1 0.1579536769922335 34.11235535391697 0.2886928447976689 0.00010141312449055284
7 2 0.1263910194646647 36.137015142041314 0.09438326689853882 0.00010687112811831007
7 3 0.15069955678622937 39.16966588703795 1.1201337639884255 -1.1235471597372365e-05
7 4 0.14947303515240307 36.684345077587054 0.25472734896915306 0.00012606381999745675
7 5 0.12782868786097284 37.52249621829026 -0.10974408822673447 0.0001980662228700108
7 6 0.13931147010893286 39.41002901537094 0.3577518625450092 0.00012618303125448715
7 7 0.41194199283292643 43.19104892558029 0.28811112692442414 0.00015860794564038203
7 8 0.6283098879587177 32.00621736432802 0.311319994085704 5.668401487852328e-05
7 9 0.16981727769600022 43.45044376420696 0.4474586701397687 0.00012034180372789811
7 10 0.20430894526440102 45.274537043940825 0.4242138929192122 2.8910185641300756e-05
7 11 1.0960172897079952 21.21082609242564 0.39772619897221584 8.612871150763212e-05
7 12 1.6763181268028444 21.084974141566917 0.29437041751092013 0.00011461973188600365
7 13 0.18627962199230738 64.43981430592228 0.4389019476398106 -3.7282705417033705e-05
7 14 0.17744588775528142 59.34025963255041 0.3077902409240802 9.471178055101095e-05
7 15 7.933817834553045 7.618403522313734 0.3322158086261624 7.52806579942939e-05
7 16 8.293325611728807 3.4440109363801934 -0.39224863876519445 0.00028020123636756235
7 17 0.16522313269788907 40.81891734553476 0.10954766650953325 0.00016160818333534974
7 18 0.1586519874130179 55.38532686638148 -0.05898522646205841 8.469820016750689e-05
7 19 5.722910827644881 10.446772250385138 0.35203089343283667 0.00010341404306511736
7 20 6.414108925032062 4.226556516672156 0.4346126786565694 6.896260058631472e-05
7 21 0.13072445534685287 54.86248751477696 0.2634509786690983 0.00010412931487597597
7 22 0.12617439727019164 37.63142071474684 0.16041887994656168 0.00015227976810756877
7 23 8.746912265129476 -0.8017749019291227 0.6780683616187728 8.666496210282962e-05
7 24 7.683014631437402 25.951381813354114 0.2791067582808541 8.386394791399076e-05
7 25 0.14692706029563793 56.22361880629029 0.38861524213288534 0.00015008422214364737
7 26 0.17067484865485863 59.672899057086866 0.02974556962181702 0.00010961500509187671
7 27 11.220978967944502 17.45711662208391 0.3568006511848913 0.00011199712612471413
7 28 8.005761675305008 -7.261371860087054 0.18064814157257258 0.0001342892594275933
7 29 0.14414347232121993 57.39244562358631 0.4413351688438808 -8.413195644468635e-05
7 30 0.2143118163629314 54.85857708228518 0.15271899190199978 8.231401281000703e-05
7 31 11.81580215012641 1.0352870057705545 0.3639512742152107 0.0001582350751330071
7 32 10.978254012776345 -3.2085712834619553 0.5327166776224574 0.00010218765976594397
7 33 0.12227535394204501 62.4283498089548 0.15647369855743004 0.00017350912121874893
7 34 0.14588845978718906 57.950283320186756 0.3850235022087428 4.953145985463389e-05
7 35 0.5252264577229947 20.886018653350398 0.3251527390289206 8.386384632203474e-05
7 36 0.6208421530610678 19.445241831984085 0.3181180568947154 9.605645240625562e-05
7 37 0.12422375523874402 69.28256777407296 -0.3366025565860692 0.0001927018154660986
7 38 0.14240468009546775 32.68506451441552 0.2624925641292909 0.0001775622354904632
7 39 0.3190415602151552 33.5695528620328 0.2208559660569343 0.00010436773291624247
7 40 0.5139728708770585 22.271943726076508 0.3719142257367855 0.00010055303577192432
7 41 0.17439949580319541 248.44956606576736 1.09875579255902 -0.000324398279106844
7 42 0.22008503323567397 75.87645018833933 0.5223742842971697 0.00015765419467002684
7 43 1.5428329329066 15.969124943706813 0.3019530520492599 0.0001017980332107581
7 44 1.7746167423911028 15.271847523298023 0.346412547593942 9.674259016685652e-05
7 45 0.16811918071387885 38.190503020138394 0.6751881710613745 4.0709972845237574e-05
7 46 0.16469959110185547 38.94357692307831 0.3757512732348501 -9.74536549062247e-06
7 47 3.5749653752908386 14.642801959174523 0.2628301808646153 9.491775404284647e-05
7 48 2.8749598622672132 14.382915591704666 0.2721718504888081 0.00010299330384939006
7 49 0.1681501791037131 59.35645542599002 0.8919119140334398 -9.11056989693873e-05
7 50 0.1501229574218742 62.56505758877532 1.109107656192284 0.00020080804801398961
7 51 0.8952030958721245 16.639538223516507 0.199531873361038 9.616301467312842e-05
7 52 1.000921872986417 17.305135408285864 0.3056395041261461 0.00010329485560877302
7 53 0.12801116249224861 56.32041250634563 0.055792810843033676 4.1663592618762166e-05
7 54 0.13053042871940562 57.92098793205362 0.3620721070042535 0.0001321434971923888
7 55 5.050913754454733 27.288400292434453 0.35069308069725047 7.051161717741902e-05
8 0 0.11662007647560411 30.543823839493342 0.34753269428351785 0.00010842085676260462
8 1 0.16865175665671722 33.07088455548994 -0.17160497501507277 0.00016361473895243589
8 2 0.13654286119097112 40.4323903870572 0.20962641690156752 0.00046426026563546954
8 3 0.09885693456833902 29.913392701769276 0.4344765324906585 8.333773562855284e-05
8 4 0.1028760247952441 30.800905820096585 0.2988007512582668 0.00010675191896166566
8 5 0.12867585477146803 35.44934734783094 0.1988211787837546 0.00011545420696359907
8 6 0.12911990932706172 30.442695449380274 0.36884286735334837 6.920099271681362e-05
8 7 0.19368143237785662 27.20348253230787 0.31778949932198514 7.48038292983587e-05
8 8 0.12519604878709595 31.704395026415877 0.3272177355375339 0.00016564130632520813
8 9 0.15148192971974123 31.79601888013096 0.33780755489673076 0.00012332200982030975
8 10 0.18910926255874258 30.651146922027568 0.30891664026290105 9.244680404674232e-05
8 11 0.15424939651935166 41.106297640699935 0.5214345797718247 5.35831440124628e-05
8 12 0.158443637834415 29.870104328047145 0.2506711521584313 8.732080505407147e-05
8 13 0.18860995897517266 33.42530444467586 0.19753658068510932 0.000129759311743168
8 14 0.1593226473811739 29.98724421105554 0.2970083847030378 7.039319479748037e-05
8 15 0.16176557692346855 29.683808655013934 0.3157818472856979 5.239259285000839e-05
8 16 0.16391429856104114 28.48961615620096 0.2983244071032349 6.0141086585621145e-05
8 17 0.1374377980088984 31.3018414283399 0.32862685770202443 7.603390575076334e-05
8 18 0.13018915980246554 29.28388314161407 0.34714248053891594 5.310773947040513e-05
8 19 0.10878704622604239 30.978364347588887 0.1744588509519464 0.00011211633866576818
8 20 0.11110660684142407 29.716698826132898 0.34549376527461595 0.00017183973714213918
8 21 0.11069251326682683 28.54950572626386 0.2738672999175253 0.00015848875034593264
8 22 0.11707802212427881 31.09269040826934 0.29410439123100196 8.950387298783832e-05
8 23 0.1207415204401879 29.788686174782022 0.3544715019446924 8.335670288524223e-05
8 24 0.17365531375170015 19.716271668677308 0.10787659742125313 0.00018066148118667884
8 25 0.11566061402805379 30.352258809200563 0.20990924908755032 0.0001167654990096549
8 26 0.12797417323635546 31.13106939023787 0.25581103695324137 9.002692927399802e-05
8 27 0.17382342129027986 231.1387723053715 -1.4742565523817674 0.0007724104797971565
8 28 0.20158225239393773 158.3603475328601 2.0411652519164676 -0.00015464437177332776
8 29 0.16385978478025337 30.525247752642244 0.28671383682627405 5.441904056763308e-05
8 30 0.20131718394502196 96.36401432677727 2.1665157236769423 8.381119661232951e-05
8 31 0.34516938643512957 38.410816184780316 0.13543156130437767 0.00010806322354300262
8 32 0.17738467252488319 245.9640412418904 1.4665745271093784 -0.00016656539330044338
8 33 0.09351156321175974 34.44242155287711 -1.6825060377701213 -4.2947147445793985e-05
8 34 0.134194720159289 33.21413027791772 0.4111624348505586 8.267164313423162e-05
8 35 0.11733062151575016 34.26605412269633 0.4994177838593352 1.4364719202929228e-05
8 36 0.1023136543744094 31.946150074519053 0.5622978445329874 6.836653323610889e-05
8 37 0.12449789266985653 33.8207751189353 0.2750085353816083 -2.458691570961436e-05
8 38 0.11159894630588271 176.5549980166872 2.0777916601136255 -3.4004408594677185e-05
8 39 0.16312600797019755 31.81288869688819 0.2157847022298936 8.064508453740493e-05
8 40 0.12705107849271935 64.69189949695455 1.5318694285141046 6.05056810489228e-05
8 41 0.131030043528568 21.852131961591073 -5.085229597058948 0.00029104948093953455
8 42 0.23854057979800358 25.969901704753852 0.1734390425044928 8.2424087829785e-05
8 43 0.18141007509400742 39.75855932430109 0.08874430567338798 1.071142214851067e-05
8 44 0.15750748876336396 172.7504399551607 -2.26184725759256 -0.0003539622048929613
8 45 0.19591016798264219 29.73713142580736 0.1856559522706428 6.92010248503779e-05
8 46 0.1683058892276517 37.73689821796427 1.710511704984369 -7.751641925999824e-05
8 47 0.21275545337024268 31.40933270960345 0.3108393330147369 0.0001123547508696646
8 48 0.23938271391881888 30.998212697493333 0.28260176551186583 9.44734236967758e-05
8 49 0.24467051429588793 21.994865702560777 0.28542377246612705 9.089707557183158e-05
8 50 0.1872681758774012 29.278025707055143 0.20166778265277902 0.0001061558723139443
8 51 0.11467256913650364 31.192135661161867 0.31214707398449704 7.49159976937807e-05
8 52 0.10001345516006702 32.668540162282795 0.3682193836818539 7.337338740342653e-05
8 53 0.1270427532525215 30.52796275703252 0.3608107175388179 7.71880159000204e-05
8 54 0.11496564676422005 38.674094019947795 -0.14748006917536038 0.00014251474488028806
8 55 0.12992276065817163 31.005046937270386 0.37048839837797887 4.929304291106067e-05
9 0 0.11490790673919707 38.700566416036445 0.35420308877649714 9.10162924673316e-05
9 1 0.14551162363922207 35.71204124989124 -0.03935063708326364 0.00014895194824900398
9 2 0.14321300857283253 356.9080616635382 0.062397098333087396 0.0010486245321673633
9 3 0.14355241433858865 35.7888812472242 0.552129938225143 -0.0001458824325030232
9 4 0.22905536047450076 6.9291699726654645 0.16222175083749693 4.827894719044443e-06
9 5 0.14113149462631125 47.90892496643252 0.26939716367270994 5.644560495929145e-05
9 6 0.11785944900897005 102.32353097612736 -0.37806922880058424 6.0270312606933114e-05
9 7 0.11301688709602459 117.87316492143302 -0.5472620344550423 0.00043660402081817715
9 8 0.1174659373042132 204.33933725623427 -0.614608425019276 -0.0007600487454616084
9 9 0.134858785707126 169.85724155993046 0.6909899027610731 -2.288168240687374e-05
9 10 0.12926629044386545 230.56926220181094 -0.7622132621620672 0.00027734042628678663
9 11 0.10524959182626768 91.21981866983532 -0.3843579352688178 7.293290353247277e-05
9 12 0.10683999594397817 99.4732879021216 -0.5279887824475701 0.00016897916790955189
9 13 0.16627118055090284 64.4610898200927 0.5849457657512995 0.00011795682942220589
9 14 0.1456010012886349 113.65520199745879 1.2474390090363778 -0.00017157196973537205
9 15 0.14116083667946044 152.12114977121163 1.7825818705456458 -0.0006692745557417077
9 16 0.13641791544722098 280.85311116285095 1.6051132956842413 -0.0003102123718850408
9 17 0.13352471375623381 99.75222318861198 0.09192528984982037 2.8014186856876077e-06
9 18 0.15607182145394224 62.89381899823609 -0.8527355337365783 -5.295870371902068e-05
9 19 0.0973901461473602 65.48706298309948 0.34979632029854757 -0.00010965826897585011
9 20 0.10901574247277324 122.11164591068916 0.2119792578317487 5.0485134428218586e-05
9 21 0.1882986844488226 46.310714351259264 -0.008723452004836643 7.921457308901912e-05
9 22 0.154962142406382 162.35345460332428 1.2568967527002002 -0.00010767841106300053
9 23 0.18563328379804145 32.74352949978649 1.356568948995468 0.00012201184852126098
9 24 0.13656134453301938 48.222616501146746 0.11640321992290498 -4.08291806612441e-06
9 25 0.1273933221994616 97.22437154055717 0.14537010845637108 6.395578381237622e-05
9 26 0.14905467189744875 36.15427608332048 1.9676609949104957 5.799609293297039e-05
9 27 0.4840624047019375 22.762553902875656 0.475967421033689 9.620918346148713e-05
9 28 0.18401185250515978 116.64879089720228 1.6201155545469499 -0.0001546709313816202
9 29 0.14125985785564793 570.2837398943298 2.3952695446964025 0.0003988691681814144
9 30 0.14390106925318935 300.831513715234 -1.4478991276735558 -8.079407658006618e-05
9 31 0.37246263266557456 32.74356395902727 2.3341581941025438 0.0004914442754319079
9 32 0.13858358380237615 307.38563222930287 -15.705493943811657 0.003064810777340385
9 33 0.07011121513771626 221.54611456651833 -0.08782946515239737 0.00011736154542661749
9 34 0.10998456433921829 721.7227824109425 -1.9796081555939042 -0.0005002187116761021
9 35 0.12015570853210678 120.33770735808332 0.191042750662866 7.802248001191983e-05
9 36 0.1157979784793779 476.1128004616817 -0.24287695343867927 0.0008395313806320394
9 37 0.19536160163312313 40.30985811222755 0.2949875567259904 4.070997255064311e-05
9 38 0.07949147958853806 904.5409651150484 -4.827101212973585 -0.0050083526437114945
9 39 0.2800632321120191 43.420028486054676 0.35944034251684953 9.089708325981963e-05
9 40 0.12844929192919957 596.3544814826537 -2.631728921730433 0.0016786456132688084
9 41 0.08881437379208622 495.35535780124894 -0.6277691706122228 -0.00039640068985429065
9 42 0.10843871128089463 136.4314990243796 -1.520755065072132 0.0006864306107688765
9 43 0.2690483825335171 233.01242852269115 2.1642852358470557 -0.00016083016033935983
9 44 0.18981976440636752 761.5537434904954 -12.93621447376768 0.0038607717324522436
9 45 0.19481200778565255 221.70118446694153 1.4981459766667609 0.0004801154248672509
9 46 0.12102463129002225 401.55147124599523 -0.003826107231193852 9.816884993166445e-05
9 47 0.3582710926052051 25.30792961889869 0.33751490738200424 9.554624549771724e-05
9 48 0.3804979357506315 38.588518719066954 -0.018511749606378768 8.422136302916447e-05
9 49 0.11458474122074473 234.30237815382205 0.905019886012841 0.0026734470826512815
9 50 0.26638624532848765 30.694306186198766 2.1817177010975453 -0.0005701075765134611
9 51 0.20028737221962706 45.61878473763909 -0.013593515649106692 0.00010782424534909628
9 52 0.11406758302013587 71.40191234549138 -0.3179041635312718 0.00016254186633486635
9 53 0.1202460404373337 252.39823417681487 -2.1626330945603667 0.000457226888433601
9 54 0.14704310847521643 62.3048222270415 1.1173860373666045 0.00032776591813989966
9 55 0.18034652444243893 53.41293932644565 0.30994966517313705 -6.684754434972448e-05
10 0 0.07758598824290906 40.44995694544645 0.3405868048164241 0.0001688599131336325
10 1 0.15007561414177586 21.912837609975732 0.37754824183130864 7.909543069457251e-05
10 2 0.12911285882719536 28.30780997175752 0.5655342790344366 5.47767354161533e-05
10 3 0.050567209663761006 21.8225235600611 0.10580432139635275 0.00019019842178957423
10 4 0.062125600761972176 22.98881390340648 0.2781646256733053 0.00014263391864568397
10 5 0.10145062111630637 23.607378258706902 0.4502585260960346 9.411573409794579e-05
10 6 0.13275746460354243 17.33594285909234 0.19265818560803594 0.00010234117506992117
10 7 0.17250652565277425 63.30078639761304 0.1522880440977521 -0.00019932560014167603
10 8 0.08986417103933975 26.236516084843835 0.3791052387532124 0.00010476339065752736
10 9 0.18969550521838996 21.160948453193143 0.3632807263858422 9.041263517981852e-05
10 10 0.1998631089020827 24.373601903532474 0.37324714016945193 0.00010687112675742492
10 11 0.12028291931059495 24.2376874912538 0.3731480982581441 9.553624479849792e-05
10 12 0.14056385514417896 27.617353187862893 0.27468492340393247 0.00011819610045942332
10 13 0.17085944921847168 22.924331343080055 0.34876945046484975 0.00010424781979948228
10 14 0.16345737693413392 14.599741079448581 0.2006478759578918 0.00012904421255074196
10 15 0.13462411939486324 26.38372730366883 0.2834320914195141 0.00012320156261551687
10 16 0.13944285844313165 21.782117063272647 0.3011498786063387 9.125471107335057e-05
10 17 0.1500970387645048 22.093901110410435 0.027865703379579505 9.340046749341312e-05
10 18 0.16887338479456857 21.35095134416446 0.3080291531435047 9.185070516110012e-05
10 19 0.10657936353031511 22.376497832263993 0.2395234768382174 0.00010091066347724218
10 20 0.09835440719023407 22.55742789659471 0.5136182225373151 9.948014426364877e-05
10 21 0.16857396784190576 25.718536062894763 0.29424621153070746 9.542703593536005e-05
10 22 0.15893525796204716 21.975264012716842 0.3107836417617994 9.542708550510485e-05
10 23 0.13229059835041007 40.04523437442086 2.056583545363827 0.0001320123671559895
10 24 0.13697858791050244 22.1376685880999 0.30668877426747454 8.851289751402887e-05
10 25 0.16087636118690965 21.17719082438568 0.310899466429732 9.268522243568218e-05
10 26 0.16590653455052332 21.172400357384063 0.3068388166466932 9.125464464408515e-05
10 27 0.17674493644242725 39.0736901793375 -0.5802154405545651 0.00010401010498076211
10 28 0.1715133893368841 663.5086536778415 -0.4805571751848252 0.0004212260242392893
10 29 0.17722387872788176 21.169307413015 0.30639221117572196 9.158542807899703e-05
10 30 0.24702490687261194 20.08088886995595 0.33561419362639433 9.709596627603987e-05
10 31 0.2833055125546679 21.679292584355462 0.3196008664325599 9.399658343177048e-05
10 32 0.18802499447565804 15.555848737050288 0.34873545518474663 9.042024612566373e-05
10 33 0.046786163361552904 24.595536429938413 0.02273927314660399 0.00019556284225915617
10 34 0.09651501951546454 22.80358441028117 0.2536021790625128 9.249287488502912e-05
10 35 0.10994917665330171 28.998240902168924 0.2640107748743348 9.935370344242263e-05
10 36 0.12807245870119294 28.998212941200734 0.09695299792803624 0.00010889762798577487
10 37 0.08867521125054831 14.789657986710253 0.38188691822715387 8.612871079305458e-05
10 38 0.0815569773291493 254.77074980618437 -7.576509094954275 0.00012342913671864963
10 39 0.15265892876650072 16.99849229999296 0.2541306845944259 9.018182748601116e-05
10 40 0.1538175406973779 21.546088761942272 0.30492218622337575 9.149313915247042e-05
10 41 0.19260599736944686 12.761157624378232 0.32042969901248536 -7.122754549877096e-06
10 42 0.2884439606598162 23.6897717667989 0.2846739532577447 5.90692649191814e-05
10 43 0.20486616561463317 25.60266102710221 0.3611620033139379 -6.329947813169542e-06
10 44 0.2731943024692204 20.06654297832393 0.3127171436491041 8.946701979986688e-05
10 45 0.20535839007115447 20.489818071270797 0.33173886745245074 9.00628310006237e-05
10 46 0.2114243542483318 39.352086642966455 2.226032635557596 0.00020963012967927726
10 47 0.20971082018311418 17.260886569330744 1.4477182497538232 0.0003569971633598538
10 48 0.2526470993723682 20.201747538114994 0.31050828432981076 9.244682195467997e-05
10 49 0.2336892626669328 22.3944323531175 0.28974038245734896 9.235535977110095e-05
10 50 0.10518834245533987 218.86809370235756 -4.521599116314383 0.00017540096512457163
10 51 0.11536238577861524 24.577699003723723 0.7845061202765653 4.709203275615171e-06
10 52 0.11134954603958008 29.688720529470963 0.38416284150833013 9.832088917578237e-05
10 53 0.09656832668347734 18.283090454990457 -0.8116416591953912 2.1279190655042952e-05
10 54 0.09701624990846858 37.28351345017951 0.24002164525946923 8.960979887278532e-05
10 55 0.11889469852448942 26.313662197590503 0.3582554232447014 0.00015121736380020566
11 0 0.06719332835650785 29.48258956091328 0.22033764263870947 0.00012260678588470086
11 1 0.1323163303394166 25.730092005509817 0.31218040904857414 8.469831178289e-05
11 2 0.1304429707277 32.06685600110267 0.38405446618755046 6.526708743547891e-05
11 3 0.04261344116940502 25.402740287936147 0.1374471278838264 0.00010377168563842031
11 4 0.05101639743837557 32.83918992381392 0.24966911349759402 9.221069144003153e-05
11 5 0.08995457297393025 20.30482972892657 0.3375123973489149 8.732044125059064e-05
11 6 0.10035624291223794 24.905311007943496 0.33943537012088676 8.850833064995455e-05
11 7 0.13323534659837813 37.4207348569701 0.5111988776208489 -1.5765319090889107e-05
11 8 0.06636808651556213 24.58199785633014 0.6041310861000033 9.232761376393598e-05
11 9 0.13678097555784574 21.273816153538075 0.25775219699494173 9.685755411022461e-05
11 10 0.18119139841215634 31.396413085469433 0.31400459767257666 9.995698932193021e-05
11 11 0.10238380855102087 33.35824325298116 0.34977530528059325 8.851289823617985e-05
11 12 0.11709968718818342 31.073954222394665 0.24625072827196465 9.971856196179345e-05
11 13 0.1278184663460046 23.14515059447843 0.32885545406383476 8.114067005177489e-05
11 14 0.11394229635814401 30.743110052484738 0.30612776543570763 8.62479326578033e-05
11 15 0.1082221049049525 15.768333017234758 0.30711309708520107 9.477128190713833e-06
11 16 0.11032998816476774 29.76685191909523 0.21735074526744885 0.00010800818438136796
11 17 0.10042808492387464 25.411452357679778 0.2706211552916189 8.48174074353417e-05
11 18 0.11608773538747195 24.148345048700083 0.26418744457940807 8.469827534633286e-05
11 19 0.07131549610759862 24.418924698408638 0.4448459681760498 0.00011092424393414855
11 20 0.06696390873420098 23.923114434659855 0.2863967593493033 0.00010532134367289994
11 21 0.13115668461240657 25.453348402099714 0.17431312803099197 9.046104569959564e-05
11 22 0.13823075874817556 27.273572603176333 0.3043551178547158 6.479024907862046e-05
11 23 0.10979252507560856 22.28806581580657 0.2860972434541302 9.077787306113206e-05
11 24 0.10133106213745063 23.98987314244557 0.40159810938155033 7.528069031825853e-05
11 25 0.18855894902522724 16.98225371437485 0.8682073798473167 -5.087257239059045e-05
11 26 0.16121160019828684 29.75681636804228 0.18334401239053588 8.79166466817924e-05
11 27 0.16494014754660302 100.6139746571995 -0.727029877133419 0.00011762033174470163
11 28 0.3000923986139822 25.852090112675864 1.3189652764355408 0.00016523653795868983
11 29 0.12532458959404771 221.01269413815047 -2.2238500539868884 -3.1739473356384216e-05
11 30 0.2272155808437862 7.685777375951243 1.534134127926844 0.00013536192204774685
11 31 0.16875996045527974 47.51516179882767 1.0047328513836389 0.00011485811761505172
11 32 0.1495868227586667 39.2179634347542 -0.003745036735122848 0.00012642141862661069
11 33 0.03510395007659418 23.927681834487515 -0.6806082949032863 4.547834399199178e-05
11 34 0.1061982486877775 21.387388941404147 0.30363513608431064 9.188055991852387e-05
11 35 0.10275282659033336 22.141442289527305 0.2602192632527134 9.530571628170383e-05
11 36 0.11338236831002355 27.249581086247183 0.3128873035434385 0.00010206818486963628
11 37 0.09949606066776844 27.94828635876654 0.1984220112369256 8.445984304840032e-05
11 38 0.08095284944870765 284.77118199407425 1.3204895698159134 -0.0002438127994520866
11 39 0.1520191280181427 48.50518044105584 0.45454782154352036 -0.00013777660168877296
11 40 0.17779126741564366 26.550905669995238 0.38707755422906953 9.697674336976444e-05
11 41 0.2809589107667955 31.441783403534128 0.15888691319336312 0.00014382624125362222
11 42 0.4238766648995536 22.796949593959823 0.4412470056856179 9.63807102905551e-05
11 43 0.23859196597101087 71.12885500927176 0.03950122468814341 0.00014156103063771573
11 44 0.25591190016537585 17.467689208940435 1.327519487245942 0.00030356670244208227
11 45 0.18017380897087393 27.67225307066449 -1.0739245445564332 5.501114523977709e-05
11 46 0.29481235764889585 8.597770009345851 0.6971680830778588 -3.349437497504341e-05
11 47 0.17513588511336373 113.499434022139 0.34746603956246647 -0.0005727112293209798
11 48 0.18134634683962347 167.68996109955071 0.4753684013627657 2.5765049264818036e-05
11 49 0.14318502144410145 164.19633654296834 2.5760850959651744 3.761175939200493e-05
11 50 0.16643662030025186 22.92647313866133 1.2928797415547986 0.00012334522398179345
11 51 0.10201840361088318 48.796722183973884 0.5382693566181038 3.951788275885988e-05
11 52 0.08699599301504893 22.16078780071203 0.30581268588406496 9.900330327784443e-05
11 53 0.08196557366391403 285.2110814002712 1.662141590986738 -0.0003715455562331931
11 54 0.08742001061703181 24.23695240338577 0.2976606327128377 8.95857813096532e-05
11 55 0.08007216816931259 19.671284957545367 0.2928299660736595 0.00018911670877808635
12 0 0.05507243912642993 25.92659948197958 0.5165794527256868 2.5570392627197617e-05
12 1 0.1442616537619824 20.339489257047752 0.07769113197549515 0.00034177383613614195
12 2 0.1345593461844875 28.256936629564493 0.3065809819710046 9.888398938484606e-05
12 3 0.03835583511163217 26.659039463077313 0.4792837023931671 1.4960765858997076e-05
12 4 0.04694346817861797 24.922928987710932 0.4206035798577976 8.338689917519932e-05
12 5 0.09457756162912656 24.91678761945999 0.34532491599109943 0.00011473904404749697
12 6 0.11644841122637375 34.641741551548996 0.3070098020300438 6.562479722489666e-05
12 7 0.14080223675588868 101.09745752678486 0.22497436171140275 0.00012436494039600945
12 8 0.06777823318457196 26.919367614274858 0.7168884592036024 9.399652072339572e-05
12 9 0.14326774947072654 24.4257936221063 0.287234367673059 3.904099824883055e-05
12 10 0.17095977947914026 24.447652729202474 0.31854007850007504 0.00010162591934030293
12 11 0.11150131490695367 50.408593673503354 0.5220341030417766 9.44733602854384e-05
12 12 0.12782329547753718 33.4348094470262 0.3227873595772816 0.0001079323443403359
12 13 0.14787148893523494 23.330165871453982 0.36159762794219164 9.828866774052553e-05
12 14 0.1388849932713034 23.223774185993513 0.4286456710867722 5.5135293789343635e-05
12 15 0.09263653817906425 25.834110339395885 0.29634211230071644 9.840726606288785e-05
12 16 0.10173134396482435 37.469606932327565 0.11690257048016425 6.645920318729365e-05
12 17 0.11862301098643069 23.330083732692103 0.2946485173332871 9.39233720871435e-05
12 18 0.13286568892230072 23.118172091138625 0.21831015174916968 8.970557666648901e-05
12 19 0.08127060200535324 43.125003435872635 0.1862607732959998 0.00047558478911741587
12 20 0.06312057550248809 26.112832819603824 0.5899112134343001 0.00021057757035009277
12 21 0.13999190908695283 25.439377339581522 0.28862278708833555 9.220837329801206e-05
12 22 0.14715293971241028 31.106896517675978 0.2963928700763154 0.00011747921282407
12 23 0.08689827151091495 30.957708784689885 0.7137488772267846 -8.92203640754966e-05
12 24 0.09903815466569925 26.21697136840656 0.32613658151252756 9.173154824185421e-05
12 25 0.20347456264586639 21.866027040043136 0.34815798858344793 9.88840963415251e-05
12 26 0.1977560737206196 33.93472286783084 0.20540235410573476 0.00011867286530028461
12 27 0.17866663714481418 262.7948787740239 0.07973847622316377 0.0007801651954697642
12 28 0.18533426103598202 546.6155020471615 -4.550167693373632 0.001321852123254556
12 29 0.17817278474100706 84.12991855343583 0.27367705616533355 -0.00014767246975357047
12 30 0.1656477531461421 42.02813292426971 1.053556137274407 0.0010101200350427489
12 31 0.2056307824456368 22.098175517790903 -0.634113165698215 0.00028306238723154934
12 32 0.19508123331629107 22.43163424085924 0.3170414097124058 9.363890130158344e-05
12 33 0.04157903903441647 26.04891513734221 0.6185482963646056 0.00013130902961527006
12 34 0.05575171002494585 24.058996012248873 0.02497598067077378 0.00020176171707434923
12 35 0.09907773443218185 33.90744114662495 0.5182748967368489 7.277728112453047e-05
12 36 0.10979396856994048 24.744040932853892 0.2858716037162289 9.434214717081904e-05
12 37 0.06653686557793304 45.51340439742344 2.0149011696478043 7.651741758535856e-05
12 38 0.14462204167142256 30.399923932344137 0.2718875716984738 7.508286518833476e-05
12 39 0.12935706575650244 102.95583951200857 2.4579907873761697 0.000376164913296087
12 40 0.16686795411308006 22.25000246952913 0.29262700712863243 0.00010579821513579117
12 41 0.2541116339829713 10.604596957609061 1.3654838825999551 0.0007051819078912923
12 42 0.28707283621521756 79.17792344038696 2.265723645495343 0.0008760091633666625
12 43 0.2399676773023023 72.11138573921275 2.334922225360851 4.470197259648172e-06
12 44 0.3200531795037898 35.71102044842306 2.3773728317895557 -0.0008560099050253871
12 45 0.26055838879422466 26.435822117082843 0.3223621006892772 6.741285273756449e-05
12 46 0.30264690951110895 25.585212914904655 0.3202885813650942 0.0001199734125735046
12 47 0.1946963707010459 209.26464253176215 -2.3058371617873323 0.00018829102129481738
12 48 0.19918511233816572 40.85915654063892 1.6694253743598177 -3.8951845970879246e-05
12 49 0.2648554133716975 13.649191687809068 0.8260108788450935 8.462916537117738e-05
12 50 0.16777984455821018 21.947508397420634 0.29615863220480015 9.983776265358666e-05
12 51 0.12156247229470932 23.49113197988048 0.28678137729672715 9.508308566617704e-05
12 52 0.08463674934047971 30.77698687192759 1.5786297519602925 0.00010091066292941824
12 53 0.06797842901126956 28.384876479864936 1.2575012218351105 -6.046891079941387e-05
12 54 0.06371289373922942 23.430725722417506 0.027109476047757878 0.00011008977564845747
12 55 0.08633445079906767 31.813798332844215 0.7297693440423199 7.083856917200396e-06
13 0 0.07992285375593605 27.990357641794226 0.26285185874360195 7.63535497302254e-05
13 1 0.1405110896244171 25.37601682467838 0.3557496509169824 0.00012618303655145545
13 2 0.1409704121884197 23.48520244051291 0.3245090061923269 9.137299545216055e-05
13 3 0.052391703655953324 25.926187501318744 0.18452307834040757 0.00010567904191361441
13 4 0.05609689977799682 28.12172463902175 0.5255206487332823 9.99569850015462e-05
13 5 0.1035183475094277 23.743355432775765 0.2899244124806934 9.113550191208324e-05
13 6 0.119327748470756 25.481408315383334 0.1678371376347743 4.237890226330199e-05
13 7 0.13612193152068147 23.233655078838048 0.324953820896731 0.00013226284204052906
13 8 0.07666819361849209 29.020939822818665 0.29050540831157 6.729364395395247e-05
13 9 0.1397215029645137 28.629498183691155 0.74962902921197 1.11460502088672e-05
13 10 0.16330161199603527 26.002407949249786 0.3486237607653133 8.338689143982401e-05
13 11 0.10417121571986966 24.603214592447383 0.3632333572752967 0.0001143813143287494
13 12 0.16884950296699341 33.795035077092614 -0.33564655994676296 0.00013870000844045185
13 13 0.13987713824769882 24.413278004473995 0.33327753601104515 1.186137971172843e-05
13 14 0.1339211764233167 23.819540059861918 0.27114588793090066 8.457899462786456e-05
13 15 0.08314761084869918 24.613049735778247 0.27791231014129725 9.530782683292227e-05
13 16 0.08320768885494488 25.321827352894445 0.2970320969529351 8.72204771074683e-05
13 17 0.12320877022699492 23.796665217833265 0.33154495899481695 8.720159538492228e-05
13 18 0.14439073919431938 23.637525553322593 0.2923343563711638 7.086992266143254e-05
13 19 0.08943868763382534 26.606937456569135 0.2881823753533017 0.00017630377591801291
13 20 0.06924608152616496 26.107194346697675 0.23969209152037424 9.604228017053438e-05
13 21 0.14492431539758946 24.355268550364507 0.3329374120160369 9.244896449439314e-05
13 22 0.14986091824505116 23.12655635207713 0.31272877394638365 9.459155601202877e-05
13 23 0.08527574589021947 22.21975360478303 0.4398970111424342 7.730722410167183e-05
13 24 0.08646857398302288 24.677109213588786 0.2990337007848047 9.638071621424237e-05
13 25 0.23439961742209048 22.955538309124115 0.906231837932677 0.00012856721861018795
13 26 0.2842110035618565 24.389857915690246 0.5005306219408538 9.244680411506924e-05
13 27 0.2869638792227429 23.662263170846792 0.32903733334482155 8.767843256387512e-05
13 28 0.5753905258652015 67.23189397587743 1.4990012356172704 0.00018233077048584242
13 29 0.3442403845952371 165.93397079177257 2.302448980445074 6.306094394168677e-05
13 30 0.3621655057173337 74.38422110885332 -0.5329283852166438 0.0002644659138683978
13 31 0.20002835538433356 838.2529712813941 -3.864052123720487 0.00025612108477780706
13 32 0.15967818994414176 42.19874048115955 2.1242479104290686 0.00033384452687909203
13 33 0.10026613336636897 29.10674822280432 0.3774125021591995 8.755922316930242e-05
13 34 0.06934625632146026 29.29307333412858 -1.1347290885034105 2.7631254883883168e-05
13 35 0.11695262838813916 24.47422222837369 0.2808326048493409 8.577108386589101e-05
13 36 0.11419968370539635 29.648209661174995 1.20298131705861 -0.0001181068359300787
13 37 0.08972560452818433 25.906228790055458 -0.3358023669030299 0.00018030405149772161
13 38 0.0951538233578609 25.285336363675295 0.11991338164443038 0.0009122491250194019
13 39 0.17752179082700642 54.357699872039426 -3.2795200982832284 -0.00010576880380220566
13 40 0.2278302996176478 28.892187402308952 0.2869651901762623 0.00014678836244081853
13 41 0.42868758525601963 35.28098507966396 0.45242369321612164 1.555680662239221e-05
13 42 0.5804464044747226 22.172188133188 0.30889018684083813 9.434096696952769e-05
13 43 0.49272683080277196 73.97771256857902 0.4578561933839452 -0.00016143661590815685
13 44 0.2500839545219993 281.4336305302135 -0.05474580732331068 -0.0013309419159352415
13 45 0.39392039544489665 60.07867765104473 1.9560160109736766 5.0722519591787896e-05
13 46 0.33404021016300445 14.50973873371045 -0.8210896322484758 -0.00033715367312244806
13 47 0.24765860181072616 26.46349113376828 0.3295785515714451 9.411574512726808e-05
13 48 0.2571828261573237 25.078718597068914 0.2647556624174051 0.00010353314665591949
13 49 0.27415843324368666 25.748343924910312 0.26001817632506163 2.7828508080920644e-05
13 50 0.14836034267051593 74.29227081038536 0.01950912615765413 -0.001210182838062783
13 51 0.11030860196289496 22.945691248154958 -0.9456541043461449 0.00011793902365127298
13 52 0.10205414565130953 25.786303883287292 0.30457825785324655 9.649991979824247e-05
13 53 0.07326360964393747 26.57246054526346 0.2570142396439723 9.072421258322856e-05
13 54 0.10233537065372408 26.779951901289863 0.33003277328299563 8.195638672456413e-05
13 55 0.09745208251787726 28.891103929215298 0.5815769255336167 0.00011056653097535248
14 0 0.20338096999834965 34.28130855796552 0.19105555644555305 -5.58197499820613e-05
14 1 0.494101768518651 42.74214201631056 0.1138955641684715 0.00010234117503360317
14 2 0.3965642806090486 44.25514736454312 0.5519141034102311 5.4538249611394046e-05
14 3 0.3089976078853213 36.55595372783422 0.3385375282729656 7.241962162866122e-05
14 4 0.21050968654812233 36.20621893207188 0.3637467815390796 0.00012522935878440657
14 5 0.4866639032965781 45.218232658234506 0.41376831087650456 9.447336454661181e-05
14 6 0.4098047516538804 45.97950792425175 0.5315552476395449 4.166344567960326e-05
14 7 0.31668589353920973 37.00643528334711 0.3941081497849319 -3.436206011708938e-05
14 8 0.30698265497736993 37.20800467067082 0.21107163242529242 0.00012189149861767985
14 9 0.6026843403035074 80.30106872626475 0.22666095444163553 2.411228735554717e-05
14 10 0.5908824215567465 46.466337622080616 0.5701540781530777 0.00014656782133558722
14 11 0.40710281771555645 56.4320514958347 0.08920892246839479 9.50694120645153e-05
14 12 0.5105369318007984 238.46529908053049 -1.2680299325474071 -0.000773042440443716
14 13 0.5107376525645356 42.20908321269884 0.15556257805484786 4.011392162367845e-05
14 14 0.6275218265143053 42.267741483190306 0.2885688616432167 7.301568652584274e-05
14 15 0.39550725725683217 41.70070750976586 0.26709292839360155 9.077787454793887e-05
14 16 0.41278113932800437 35.650109247969766 0.4352994258038214 6.550550461641903e-05
14 17 0.5270306485460182 38.02599209877164 0.3084018338231398 9.876489638588545e-05
14 18 0.798332715426964 49.19719196493443 0.2917012826031984 0.00014048797652609267
14 19 0.3636462776644542 36.47275636143959 0.25022137101404046 7.039308544596844e-05
14 20 0.3333073944060491 34.4723318078382 0.2431342163551245 7.623434061271111e-05
14 21 0.7157626603908537 42.36074850285475 0.3156073777053471 6.550550447439248e-05
14 22 0.797923980280497 84.64810575363327 -0.08824645836977396 0.0001662372808494435
14 23 0.4847139799731603 40.64964608836533 0.32936515609600403 -8.94367694984321e-05
14 24 0.5137581803734472 47.018517349759335 1.1942546949139792 8.350610621820201e-05
14 25 0.6614152240939948 39.06837348110017 0.37652964163237906 0.000110924252851517
14 26 0.8311295460831475 40.30096819425965 0.36259366659166553 6.443262053840973e-05
14 27 0.7587056505453539 67.28441850104724 0.08112340594411399 7.690812004920112e-05
14 28 0.9662835637387324 86.73549679692661 0.23014025962575968 -2.176338250217442e-06
14 29 1.1714857937910805 21.821261868619082 -0.036198511808818355 9.244680931570263e-05
14 30 1.7072295683187861 4.463898547121639 0.69467730637558 0.00010806322285819721
14 31 0.5477310098511514 47.26620580253193 0.8373664147872797 -5.677342585984328e-05
14 32 0.49895281135516534 35.6348545270878 0.5274507705756268 -8.315114606916562e-06
14 33 0.6811261839265257 42.68583381811297 0.2188075736524182 0.00010770574971027052
14 34 0.5082306247009767 35.19723123376882 0.37966372800647374 8.708238629511595e-05
14 35 0.42237549063984037 47.894840721763686 0.6844282098265606 9.876487485219396e-05
14 36 0.37497059185593506 45.13848099645634 0.27222871816298205 0.0001047275193128162
14 37 0.9466719330363721 54.97919088595421 0.09246857102454403 7.420777754399177e-05
14 38 0.8585395268340248 55.708616036244244 0.4845998143366042 7.730689513021471e-05
14 39 0.7882605650494818 68.00794306938766 -1.2502851281866945 -3.615604933427512e-05
14 40 0.6699786759497951 36.57503690116471 0.825042413942358 -7.608532906188046e-05
14 41 1.2243953325554462 74.48772949929521 0.37844353903851474 0.00013273954391799158
14 42 4.123575211052424 23.5456555389988 0.37132024137906827 9.981591316412012e-05
14 43 0.7580214992864147 62.94351904246187 -0.2142721344678707 0.00020447751216499325
14 44 0.808203482344479 53.53814060565526 0.4629488625628351 0.00010293735558121209
14 45 1.374095170512409 40.030059291872405 -0.3567332601959652 4.2155961997213347e-05
14 46 1.125565514793612 32.65757004480928 0.25779851318924724 0.0001963973041200507
14 47 0.5667887919220276 49.197138390899596 0.1859984992805085 0.0001609428023415765
14 48 0.6827760315629674 48.47374053395725 -0.018781636800340243 0.00010210272415426439
14 49 1.3753374451116844 41.16447216705441 -0.01526356731967762 7.587671275012574e-05
14 50 1.0637625768743977 41.96232116194601 0.2994299895582083 0.0002917648008692402
14 51 0.514153637333051 61.49303719393248 1.6872116967140887 1.436473342645077e-05
14 52 0.5328096491701689 57.155536678414194 -0.6575029212068717 3.534133810583075e-05
14 53 1.151500140175341 52.09115568311486 0.12056689931464543 5.887604791627758e-05
14 54 0.888878937776503 47.750132110342086 0.4578402933901118 0.0001538590964910691
14 55 0.6106844911714484 61.496475993218624 0.43000996853876206 0.00025457126371978395
15 0 0.30336365487123595 44.30087705226663 1.0067055358994552 0.0006340146066761295
15 1 0.5848140989988482 32.470412570275386 0.13755016458944944 0.00012034177813016766
15 2 0.561297673827649 32.56753128015703 0.29299083299183803 9.196996686826518e-05
15 3 0.4005265488475126 34.80082322769897 0.3837453384248561 5.0842597207872834e-05
15 4 0.32264927930063725 46.83096524254674 1.5483020572210293 0.00010079124255628699
15 5 0.5078020880522112 43.90401141253824 1.5288729475069145 9.697681540024198e-05
15 6 0.4230049825326059 32.44458224496431 0.041769535214096556 0.000278190751339479
15 7 0.3817772911214 36.911275882415 0.3901045330922337 -8.341718469546779e-05
15 8 0.37406971257510324 59.27041755451813 1.4300812701639662 2.8308947895190278e-05
15 9 0.4996880098525475 30.854760182462428 -0.5532690152729165 1.531839297843564e-05
15 10 0.5436143573047436 31.09759734642087 -0.4103047426820504 0.00012594482428535748
15 11 0.5354964178059831 41.36892218962788 0.0721360037159767 0.00012105710165225087
15 12 0.36267398756705216 39.776950574532535 0.26514952334003006 0.0001801848411641938
15 13 0.5925850665844896 43.172288856048915 1.3706668553744548 6.872445059109291e-05
15 14 0.5626526349772963 37.50539828778187 0.8805988265346343 0.00046545266970196466
15 15 0.45346465971680894 37.47995515989844 0.8988394634328354 0.00011020898854543918
15 16 0.46163476727418296 38.170743281226855 0.9611816270105853 1.174211511882378e-05
15 17 0.4813154782504865 47.562356710499586 1.721771755022249 8.326755468671298e-05
15 18 0.5792761800516377 32.335305086850994 -0.5223586055710323 -0.00013580918155399764
15 19 0.37084442596940415 51.22130948179026 1.6660411116064533 0.0002735251133471983
15 20 0.3602255318414534 30.29157315665291 -1.2260997265968878 0.0012085966804347404
15 21 0.5907542607622133 30.910946165360155 -0.2874613765730667 0.0003289580349431601
15 22 0.6363893014574049 32.62036245828193 0.3871508945971633 0.00014358763623816874
15 23 0.47387761405144735 33.12657434558765 0.4141919029969827 0.00011080503455215438
15 24 0.7603833624366683 114.14297747765642 0.2536361417884212 9.423239416313132e-05
15 25 0.7305249092656033 32.507743491514304 0.45979595508236115 9.006261833790978e-05
15 26 0.8939989795506654 32.454043014802366 0.6693281776496154 8.875131765713689e-05
15 27 1.0040985677737713 45.36743953737172 0.34173205219236646 6.216764881385769e-05
15 28 0.9202690385750939 32.8300273883692 0.40176418343833625 0.00011497735992368022
15 29 0.7889645264527935 31.67860211461447 0.24815663439804458 0.00013667345562967242
15 30 0.9533291846318878 31.15440636839614 0.29977486475804627 8.434057331932312e-05
15 31 0.7243099866488855 33.086881553856045 0.29337275379775807 8.319506939999258e-05
15 32 0.6135493870975222 34.5513750996399 0.5632097796891372 -0.00010386109414486222
15 33 0.5670959074424601 38.60073054493897 1.1281636840935265 -0.00012001395084266261
15 34 0.501705576327609 33.17308384443544 0.2361202278663629 8.553262792518469e-05
15 35 0.47772788449469583 33.81418475818808 0.044654122554264736 9.733438464297727e-05
15 36 0.5126853154710996 35.313427627049464 0.3816582265296627 0.00014394521964515523
15 37 1.0001514912169212 30.95780105013999 0.16030597989264683 9.900331565077154e-05
15 38 0.8719128233697901 31.1934203482828 0.39938376359668476 6.288290029061167e-05
15 39 0.7680249326215187 35.22773892261958 0.3943200502941497 0.00015634299288916893
15 40 0.8005668565006104 34.727348681555554 0.49474545691969707 0.00018280744653165383
15 41 1.4190475947298165 31.126895213289963 0.6033108737555073 6.228685388643345e-05
15 42 1.6181297672638175 30.45975777079402 0.33954497578650245 8.982419969452083e-05
15 43 0.9865235029068065 31.820838328687653 0.376531668349623 0.00011300008967502832
15 44 1.1899345435012005 30.744345477412786 -0.08422819583123034 0.00014358760962628384
15 45 1.4843041334150673 29.269301433295652 0.3648631754323104 9.697611651511619e-05
15 46 1.5268118425142778 31.46440108859197 0.29259845447946614 6.741284150961434e-05
15 47 0.7981502040909996 31.90727750122342 0.27009378848650006 7.480382921144869e-05
15 48 0.9866503849802929 36.86812547985717 0.9406949787385052 8.803606027479082e-05
15 49 1.6476437185586028 29.269266410319858 0.4120593352719197 8.667889771842833e-05
15 50 1.1765250021579516 30.57402881775278 0.3401212044338471 5.894899271861492e-05
15 51 0.7277452212400107 33.84272534004548 0.19396522239121133 8.07642942259009e-05
15 52 0.6170687914768045 32.98699570244649 -0.3490016302804499 0.000573575654537869
15 53 1.0990809199028648 30.317509238173884 0.28875188568149435 8.076429417036869e-05
15 54 1.019990891475349 28.650551880956428 -1.3229171941870523 7.086991742262329e-05
15 55 0.6762681495006112 29.383964779718035 -0.3589582201057927 0.00024718044254025585
16 0 2.2986178393539003 35.74706643147653 0.23442407085501296 0.00012880564313429545
16 1 3.3382987814613942 39.218821311166266 0.34150217046133813 3.725209339011597e-05
16 2 2.028608978920613 57.71831849260314 1.9911412047957253 8.342576890072646e-05
16 3 1.6049331671258273 44.82141497368717 -0.020509220837586817 3.1411647947777546e-05
16 4 1.1920669543591882 57.718378223523 1.3872577019124783 2.3248551108298657e-06
16 5 2.073311010297992 41.183297407985265 0.2632888606685563 5.0626979800977866e-05
16 6 1.5770457080433338 41.611426876067355 0.17776006264299388 7.849931763718012e-05
16 7 1.841550345067848 37.17545890264576 0.42994713201969925 0.00011378526613075718
16 8 1.3579441815292723 45.838450248409046 0.5238418860026106 5.227327293112402e-05
16 9 1.9312145876473084 42.91884052685904 0.4977811822206353 6.753151596510583e-05
16 10 2.095012538337192 36.99895402351473 0.18845426021835293 2.568960277380074e-05
16 11 1.962998126720026 39.50531153942153 0.22765710522632365 8.92281532681851e-05
16 12 2.0879976264806235 40.698844663729375 0.21231898890355394 9.51166273321745e-05
16 13 1.9752465669238417 39.95876294491802 0.14718422135278586 0.00010079401085049362
16 14 2.954193033577659 35.51893256858972 0.25141139645900823 5.2674314764827766e-05
16 15 3.2896509195633974 39.21890482868402 0.040615725983051604 -7.682408607808967e-05
16 16 1.9548712354030102 39.95883150201644 -0.3493054332953772 0.0008321423778245539
16 17 1.7641115684960598 55.498500103703606 1.4960529467160741 -0.0001425454628894979
16 18 2.3000720325042714 49.57861547991879 -0.0469605452498834 0.0001475215551192693
16 19 1.762897605676315 41.43875889159352 -0.14360624447260983 8.946631583426875e-05
16 20 1.9459547816474347 41.43701371429658 0.3547930694515493 0.00012761359698835485
16 21 2.426468038362927 40.37216476290681 0.18517051818040792 7.718801458179436e-05
16 22 3.1306039974013093 59.11693203682978 0.3850794512102339 -5.7667491736089e-05
16 23 3.7351302666659074 15.912593370372905 0.5827031651156016 0.00010288889067098622
16 24 3.3663322775847986 95.12739396288441 0.5495146465300507 -0.00013735888911135433
16 25 2.5138836205788273 296.73197151706415 1.8193736151406634 -0.0007779299595402516
16 26 6.026855964232055 21.973970544528726 0.29667838878038577 8.851289432192024e-05
16 27 7.391392951617718 22.073125661300583 0.2787905073920376 0.0001026183416780083
16 28 6.01096400086819 27.720434323192364 0.3559796962392818 9.380748634437102e-05
16 29 2.2895734189039163 151.69589487429133 0.7258203121431895 0.00011974613435887273
16 30 2.9988194090384335 130.6391144657693 -2.2402965328313806 0.0007944703910529578
16 31 2.249998367978334 136.89627546042172 -1.8540634622192402 0.00010521525261328229
16 32 2.606850582762145 38.55274825548844 0.3133804818236322 4.488229762929317e-05
16 33 1.5488954249782738 45.86393960879149 -0.15385536325289562 0.0001805424684129694
16 34 1.2472616449921088 54.31239483699364 1.0047093105556397 4.440546039902006e-05
16 35 1.134853542275287 63.63820666311088 1.5594857117605465 -0.0005799260937116727
16 36 1.8201210580212526 44.39867160851078 0.06061960997977093 0.00018042284771884007
16 37 2.27228553859901 187.95474120648146 -1.072217807596688 0.0001537199340108271
16 38 2.0219959822064277 103.16020674432946 0.7795705884945459 6.049871432729709e-05
16 39 2.0790838380631635 83.8585561842248 0.19859447027001897 0.00026410818088321345
16 40 2.0433450977845093 102.85718915956511 0.17368903111052858 0.00023811457420157105
16 41 2.3364188117254923 65.88689222775716 0.8529504268805285 6.840319562321523e-05
16 42 8.640108288907214 6.525513845927386 0.27047679570814476 4.583589675638291e-05
16 43 6.090304426388375 18.876636633924896 0.397477791280081 0.00011075967015572205
16 44 14.221654313685974 21.94885719180715 0.312076950837418 0.00010019541097188022
16 45 5.383744527291564 18.158918053323013 0.2696171461071525 0.00010532152393660386
16 46 2.4657082346952794 256.9050567742239 -1.956952707280064 0.0002930762615874032
16 47 7.49063451829557 24.135504399251257 0.26345388666859015 8.124227620445127e-05
16 48 9.044332786263908 21.762648167361277 0.31916241156673336 0.00011235160251824239
16 49 2.8603518265467036 187.21493937975808 0.5057850467232383 -0.00012037772545216467
16 50 2.058138495134793 111.73686529567644 0.7107030224505367 -0.00012496322525131355
16 51 1.6213520777228028 109.07486492791874 -0.1264553949962277 0.00031548756096281985
16 52 1.486666534616145 95.45741244905349 1.4120520104668532 2.7631462399927423e-05
16 53 1.8514570093102596 54.018535725217134 0.07120201411108214 0.0002123706919664312
16 54 2.1815869263474683 54.01846592415782 0.7773143154545505 1.1503680997143349e-05
16 55 2.3621449484098833 44.39876826247891 0.28220339933811134 6.107656214896777e-05
17 0 4.732278656671321 39.16566587708755 -0.00323859877995934 0.00015515251400824366
17 1 16.160624480796947 174.33392728050205 1.5164164141220051 0.0003187006704354541
17 2 5.828939381432122 37.75041480786449 -0.42245985576677814 9.125466822467907e-05
17 3 3.2871499253812773 38.2461869180799 -1.416236438627629 -0.0007883671828601319
17 4 2.4481986852046402 51.24024614477845 0.05037097319425546 3.808736390046871e-05
17 5 4.74476052512416 47.35006518887272 0.2929153200107715 0.00012046098670530689
17 6 3.2361060551909118 65.09457201203149 1.5611523774765659 0.00017684728179288273
17 7 2.503485486816983 49.51958685415306 0.39154226078369336 6.258505720160902e-06
17 8 4.3529068446797226 47.23853394725279 0.5860217390360037 0.0003675142810782662
17 9 5.366013513599567 117.46957818059971 2.0261161269866044 -0.00028153531666421066
17 10 5.622886173996481 55.56185525389655 0.9339320852525026 -0.0003522587603316392
17 11 3.9108294907361603 86.82622426927838 0.7907569588934185 -0.00034220894811804435
17 12 3.472641967217341 45.73470338902234 0.4820073688527856 2.7835369206318486e-05
17 13 6.417948562821506 40.40356777284191 0.01725104517354841 0.0001105200239804961
17 14 6.700453242507784 45.95651759502672 0.4074339225706001 8.425395669852506e-05
17 15 5.589172169421708 48.70711747351453 -0.00047194514365183813 0.00010862436462117839
17 16 5.874219043078147 35.91423631463981 -0.08625138031525426 3.414764424166927e-05
17 17 5.582625967950148 160.11783108035564 -0.3966517153322797 0.0004211061945383193
17 18 5.292013587671083 55.891599704738056 -4.610593444069053 -0.0004955201784850719
17 19 7.05776797652311 45.64096919951699 0.2671844412228106 0.00010234113120828771
17 20 4.9929802317973495 47.31787956770515 0.8986465243349188 0.0001824498171499251
17 21 6.322724818829627 29.45262841043334 0.09014595575583437 0.0001536018673121462
17 22 5.388039369530818 38.42165785718636 0.10197419976343064 0.00011250370818256618
17 23 5.548668252357672 40.528692596255965 0.1944676191188014 7.420778255360562e-05
17 24 6.605857666728818 49.38204280112014 1.2477284635469135 4.325254638160891e-05
17 25 4.456845374611555 51.7856776408056 -0.07291622328307577 -8.55325403713828e-06
17 26 5.500602721500191 46.48622225750141 -0.8798281424551369 3.939533251452801e-05
17 27 6.752759661622131 47.30230655009439 0.5164354886535232 5.769440443549399e-05
17 28 7.14747832044978 41.53188744212184 0.1886992940243567 6.141297926578101e-05
17 29 7.870790195696426 21.210336085833923 0.32798617448714373 9.399429513736802e-05
17 30 6.6921432868665764 26.299297167114013 0.2748223488532294 0.00010234106854166779
17 31 4.907637140221528 45.09550028961061 0.32688300699443174 1.114608305124558e-05
17 32 4.907019477454064 40.6859329007328 -1.868508513871355 0.0002570752637713785
17 33 2.9605539323038537 54.705847029116356 -0.1455680965551186 0.00021737813890892468
17 34 2.7342782925415174 53.305892710183386 0.19015532035210642 0.000168860274836127
17 35 23.508547544154368 102.95192040551564 0.5273554832338857 0.00012129545267587576
17 36 4.665367235491113 58.360660837303975 1.5408964029410912 0.0007665748697257618
17 37 5.198636275210858 98.76130001966231 -0.8046580845737917 0.00031739471656624333
17 38 4.384441727733048 48.84386718949249 0.25866589366886683 3.701448501900491e-05
17 39 5.791263647151588 169.84462757711879 -2.055010064109874 0.0005940027540157842
17 40 17.76464453671351 52.23855850468803 0.203776695851719 0.00016778707644809457
17 41 5.9171827854392305 44.99754344639014 0.4711010929391288 0.00011895671119753907
17 42 198.30783233269142 21.0 0.3 9e-05
17 43 6.221542333164528 49.74387935157816 -0.06632499086857616 2.9504296690491393e-05
17 44 7.532794492648336 42.83226144050201 -0.21597882437147264 0.0001692175858590415
17 45 5.241557594291577 42.7056452276043 0.24781351588505784 5.12003902095296e-05
17 46 5.993150795923697 41.42971822375263 0.20132140581418803 0.00017052893029397015
17 47 7.015723072156449 34.70035248214055 0.38787053283342987 8.875131118849124e-05
17 48 6.437621712815676 45.16903868373798 -0.11644567876598483 9.645536276668413e-05
17 49 6.6951377294427905 47.88567494718802 0.3585306468980256 9.948938233907101e-06
17 50 5.012642585792566 50.52206766392361 0.2985844194806352 6.026029562536533e-05
17 51 3.5634303280262936 51.22931462766314 0.16771027749076695 1.0311666790436659e-05
17 52 3.197171954303771 50.399038591594035 0.874452649354016 -4.57422843614642e-05
17 53 5.396759484833185 49.54974484863365 0.1487582301584287 0.00013405084556318133
17 54 5.118273191627885 63.44602482888192 0.9942441878541584 -0.00041392315018603046
17 55 4.898179166396222 49.687861757744116 0.42792686864610907 9.363888856038914e-05
18 0 2.248749368620663 53.9403503939065 0.08801984819614841 8.350609261430289e-05
18 1 2.586297766883213 65.4126280389394 0.8707957083719661 0.00018280744563708921
18 2 2.6153740518890887 57.7124008685046 0.13729005242765574 0.00012177228945197584
18 3 2.244826693449095 60.78971503355375 0.3667402152922156 -1.0281801550204684e-05
18 4 2.08415952804307 54.68709556086924 0.29271214525189515 0.00015021836369527865
18 5 2.413175138151701 61.548839380662244 0.6678914538156231 0.0002680420910250406
18 6 2.2245250608255116 72.61889086612348 1.2921201936969264 -0.00024338041621846092
18 7 2.291500763327893 57.00420033000297 0.2834628562065218 0.00016838312226471032
18 8 2.1164604630404416 56.85239950971487 0.13336013639089211 0.00012892471779504892
18 9 2.57707887691447 59.954838816615464 0.2660392395311556 -5.719064515504741e-05
18 10 2.703646056361084 47.15049085171323 -0.038854152130895214 0.00012058019585994907
18 11 2.5682462375553223 62.119066791043 0.11751709971260457 6.538629425662222e-05
18 12 2.4696915926392684 60.019264050588205 0.6162163045982918 -0.0001418884940743737
18 13 2.7153429658496915 62.21178671396254 -0.1019338708186592 0.00013560053116578366
18 14 2.978677422156757 66.69112851792642 0.4120329626447722 -9.897259111875013e-06
18 15 3.17304788667424 52.39063584796631 -0.03818008857198057 0.00012260875867773307
18 16 3.1139601735321634 55.25751752776216 0.210730506454857 -0.00011965632373337663
18 17 2.5645001522075486 58.42848510043399 0.4559097927417872 0.00015205144818390963
18 18 2.911724424285534 63.098101385614925 0.5272380714955203 4.917383184700977e-05
18 19 2.9213400916401167 65.18833588049606 0.4997378079279473 5.048513467866442e-05
18 20 2.7805925862121814 44.70221146053316 0.04765869649051561 0.00013893842687598862
18 21 4.330138810796681 28.64828563695447 0.34817411217163163 0.00011485814471673072
18 22 3.2593888875073516 73.79795408915804 1.1644884258532104 -0.00021228194456474208
18 23 2.7672922969958456 56.99330366367123 0.12724112420485628 0.0001948475826484001
18 24 3.523149344494891 29.738521191986777 0.1441491051013951 0.00016003874172037413
18 25 3.015259516824213 66.51864968065063 1.1095409465135597 -0.00040301671156206493
18 26 3.6015711825370325 56.12739167483369 -0.17864660766396037 2.235182034188329e-05
18 27 2.8889055877633285 62.355366577295136 0.6848131467283542 5.358457535586113e-05
18 28 3.126928456569523 59.33307176457786 0.5731514712473262 0.00014346838133868318
18 29 3.054510993438086 64.54083147946844 0.2597914171332175 -2.2143155593791135e-05
18 30 3.227919717581365 61.46969310217405 0.2236362154588611 -1.7583814352642176e-06
18 31 2.5547328196122523 64.55476863187549 1.0161961202862035 0.000151932239451502
18 32 2.445953090392517 60.783706349855585 0.2756641500619718 0.00010986878568204594
18 33 3.3124220346004747 57.974771548307956 -0.34056007806323224 4.070997237898223e-05
18 34 2.5754551617752997 46.511068055979166 -0.5818017427827761 0.00011104345511399662
18 35 2.7156934990170627 49.529043786802006 0.4813502485045885 -4.695442113858145e-05
18 36 3.1714462761668205 43.38974574029812 -0.300657533527509 -7.948279469406532e-05
18 37 4.58974710429926 47.97305913953588 0.9169431429261907 1.901393851572543e-05
18 38 6.097946598851026 81.94848492143709 -0.07717065292750658 -0.00014677643767889673
18 39 3.2662429324742637 65.0544226886528 1.2035999042527588 6.1809541395555e-05
18 40 3.216416840694965 54.65320439475103 -0.2871053298032578 -6.407500551539643e-06
18 41 3.707436693128326 54.53322906064695 -0.39756394111148796 0.00019186735297177756
18 42 4.174085730698721 54.634436042734826 -0.31491350097382675 -1.0758638297910425e-05
18 43 3.5584231030390345 56.12635372299651 0.034399984425733485 2.2828579399539532e-05
18 44 4.0032523740947425 53.99193131839323 -0.015448208738678974 9.471178183258796e-05
18 45 3.9248838908305563 47.81468339391447 0.7577017929050616 -0.00038883071257861103
18 46 4.2375445893688255 62.28296597344213 0.5850909762241981 -2.220273062360053e-05
18 47 3.7701990732944237 56.15101065838792 0.18458622125550095 4.0948393423235885e-05
18 48 3.4741666162049984 49.34930376300246 0.49283305164259045 3.951788042019675e-05
18 49 4.430757260540022 52.4116828523626 -0.20835726965905568 0.0001742244154528934
18 50 4.133389931654888 57.58045560157056 0.2133122982789607 0.00014473508845047638
18 51 3.6868294591117627 52.511620035966196 0.4701997747624599 -6.100538372838266e-05
18 52 3.6158225560116777 50.888263980396026 0.4832555782152091 5.060434284830385e-05
18 53 4.254455300803656 53.885049593720595 -0.14546374373743914 0.00012558698748022456
18 54 4.368896168497998 54.71195041111899 0.21763757085019092 3.129234635370722e-05
18 55 4.531146338532086 53.36065636099528 0.7815854954798984 -2.399083815862448e-05
19 0 3.654777738263876 47.52907245855589 -0.3083216331437899 0.00010961294510471322
19 1 4.120880229191046 51.349308689253206 0.3685786897188825 0.00017327070167057288
19 2 3.9273169858146737 49.917106392807014 0.6267116038029541 7.659196854710467e-05
19 3 3.4149556907043075 46.247477210413905 0.2672228590750248 0.00019282102737052021
19 4 3.302538380658189 45.374254129256826 -0.04059426591692447 9.73343851120378e-05
19 5 4.306627952720702 46.17269551907245 0.38433059143564136 9.578466414928001e-05
19 6 4.309156055771861 44.3123978236558 0.1256993160090294 0.00014055533978913685
19 7 3.831634181743835 46.88653245330728 -0.116618246930665 0.0001776814444699544
19 8 3.63839165586375 50.237087869069484 0.6014340431834279 4.881620427861502e-05
19 9 4.90783431918688 47.89930135349782 0.42962835923080017 5.5849552148770776e-05
19 10 5.0450856755250975 46.973860319063164 0.19323017270972884 8.231401460805546e-05
19 11 4.722333771674332 45.983486763863894 0.2548152314317099 0.0001687407472534578
19 12 4.323127998755652 47.866778202717356 -0.04659920232807396 0.00016349554323328642
19 13 5.080114544435492 42.27729582189542 -0.31308561639642324 9.113549815954075e-05
19 14 5.601101586600574 46.046362674641955 0.34960319718579597 4.643201945602557e-05
19 15 5.051225672833674 45.35872260031317 0.2778646032247868 -5.802512222661788e-05
19 16 6.862240974819994 41.34306792288444 0.12248651552776374 6.96778298819835e-05
19 17 5.8367086568596385 37.61759021227891 0.10672791761247666 3.391504353920314e-05
19 18 6.6454026171286324 41.57136993459811 0.2959590162403499 -1.9997399715174905e-05
19 19 5.5823617170197055 31.61331653338584 -0.06742267329918661 2.3424612246908334e-05
19 20 4.178073457770209 50.094885185827565 0.9231257814033629 0.00012880547698917592
19 21 6.375045025856127 43.92498350392404 0.4012579248227306 3.153085614073195e-05
19 22 7.031745147484224 39.27416024392839 0.12055564579205863 2.771616272671806e-05
19 23 5.579163565033102 42.885730869905345 0.3818409083526687 8.100271240097378e-05
19 24 5.366596298790449 43.83897796806869 0.5226153446405406 7.456541127236823e-05
19 25 7.11634234487137 27.111535693647937 0.36513662119011947 2.1277374996558565e-05
19 26 7.809890862286275 44.60334647530236 0.46863548458607346 0.00017303228102036376
19 27 8.755486320026568 24.11901944743974 0.3068868697331333 0.00010281663318742869
19 28 6.003116636562174 40.81506039199893 -0.006387248869077514 0.00026875752286187587
19 29 6.3530738162213325 43.081547852967375 -0.06192611190568909 0.00014001129888725354
19 30 6.98677290894763 46.8684756514003 0.39192592924108727 0.00023025272878138535
19 31 6.239846466578002 37.067321821740904 0.25341788450486846 8.589029311662392e-05
19 32 4.459469928800651 47.084779960607406 0.7110216458204672 -4.5090919493479285e-05
19 33 6.107281365479285 50.635072466993236 0.7712956006072496 -5.647539814378543e-05
19 34 5.643675565755848 41.43085924273082 0.1956141504457081 5.394219572354946e-05
19 35 5.721677885802086 41.78590448933984 0.3195520986743837 3.010032534836951e-05
19 36 5.4527083741687505 40.729173493578344 0.27292768191596 -3.895163960548335e-05
19 37 9.925913153909818 25.37407067885617 0.2886628639560286 6.669886774512897e-05
19 38 9.140239849073247 22.97255019744579 0.218734263483233 0.00010615627533648304
19 39 7.132748608119601 43.04676454218814 0.630035796897251 -1.0997059933902938e-05
19 40 7.789475491559429 23.38903666327603 0.24354980041549568 0.00011056657996398427
19 41 70.01190122127392 21.0 0.3 9e-05
19 42 69.79546427522334 21.0 0.3 9e-05
19 43 6.529383124460956 43.87123314759642 0.5718835900729 0.0001561046571589391
19 44 8.20121043717445 37.97018258721525 0.351852102115522 -9.328303251085389e-06
19 45 65.94564482030088 21.0 0.3 9e-05
19 46 63.66921694429431 21.0 0.3 9e-05
19 47 6.70629222651075 40.07510503233948 0.31969074478949255 0.00010973215107414058
19 48 8.28549398760285 43.87138093571333 1.1298912842124404 -0.00025132297314817197
19 49 65.60938353404632 21.0 0.3 9e-05
19 50 67.02828774488408 21.0 0.3 9e-05
19 51 7.357565633728462 40.963253241224166 0.28782705875929987 8.410215177417143e-05
19 52 8.869954363354417 24.639556584650165 0.31566585598114805 9.292366531192205e-05
19 53 10.546795168924213 24.253917867704246 0.3543217104084735 0.00010758638379927099
19 54 10.029772504273835 45.27070244832906 0.25339285870696493 0.00020772218712838318
19 55 62.2043944976232 21.0 0.3 9e-05
