order obs chisq vsini limbdark rv
0 0 2.587123152125656 21.994082532941945 0.2866389192520713 0.00014311075308686991
0 1 2.2035134003722723 28.3560258048986 0.2634628643433501 0.0001185536079031972
0 2 2.3831462153837157 30.955569350566567 0.25565858774409955 5.823373566731429e-05
0 3 2.8435390498475166 25.998811138838903 0.39746821558090095 0.00012296439233869694
0 4 2.968447839630064 25.656477972235542 0.31069508646206434 0.00032585849799349106
0 5 2.413916142061452 30.738414899696902 0.39117894429917316 -2.2827278665171325e-06
0 6 2.9598174576392218 27.489910641900188 0.3106977522331752 3.355726500292366e-05
0 7 3.6290269350648368 32.80105332496677 0.3056655038177639 0.00010448703538253518
0 8 3.779637166240986 24.949483469473094 0.2661140340548098 0.00013262017827371422
0 9 2.9777132147206693 29.763886871789744 0.294792199315133 0.00010315200172231693
0 10 3.325691582726015 30.371339362943832 0.09860923577771302 0.0002461886191832084
0 11 4.950210650763559 29.763906262018715 0.33599978103931305 0.00013338613124588508
0 12 6.5112812235624435 21.43810183944509 0.29731494482866117 0.00010663270859890739
0 13 4.268340519869865 29.76379410754693 0.46119991013941813 9.661913094037662e-05
0 14 4.611512507405999 30.37125544706152 0.4286469868877087 0.00010213904910622148
0 15 38.32480905075957 25.289869044613113 0.273304158911282 9.926819468208943e-05
0 16 38.83403504808668 19.105220141353726 0.22369424200109383 0.00012403741539882568
0 17 4.185282764369907 29.88901534698311 0.264987562903803 6.26443725283151e-05
0 18 5.50325067169894 26.119265393084394 0.3027126997915633 9.28044308885388e-05
0 19 37.390009184479204 42.040498015933 0.4089405161949269 6.419420254997221e-05
0 20 31.013475166280646 25.19001168380921 0.2858943669404469 9.875903712522955e-05
0 21 5.041712988803717 32.1936367319668 0.09954010873664021 0.00010227911413344763
0 22 5.873195328387273 24.082963169075892 0.34780307373699154 0.00013023614929879226
0 23 139.90711580478018 21.23614505057163 0.30362991186691135 9.093648789294386e-05
0 24 42.80403330665181 19.61147009279658 0.462870555709197 8.660554910336005e-05
0 25 3.682375904487014 27.23123434248616 0.2965138810648709 7.110845094583292e-05
0 26 4.205343097507002 25.67758496481598 0.4539401680494582 9.161233906500553e-05
0 27 49.90864491394543 21.482124930668768 0.30176135592642767 9.068614628221482e-05
0 28 41.526555621505864 20.74277179065848 0.3310786173095799 9.27290729231617e-05
0 29 3.1610106837244274 26.410677733743025 0.5473476985709447 4.2855909107126495e-05
0 30 4.440979212332996 29.202225541302816 0.3150895455740045 8.529424628914157e-05
0 31 39.40717668402578 24.048729007454714 0.3245528472317116 0.00010269875904065356
0 32 38.937485057121414 27.993250620643863 0.24661339983242292 0.00010257269833152777
0 33 4.278993262485892 32.70272156974471 1.3670451769829466 5.2392482946145934e-05
0 34 4.8471476483752305 25.79681730643064 0.2580244329701801 0.00011676549912979382
0 35 61.79395000824691 24.33103078548193 0.27445010071060905 0.00010103008398472469
0 36 35.20290021818857 23.841310312311453 0.1409013725617779 0.00013470990565749586
0 37 7.622341265189977 19.83159826579753 0.3891402141347672 0.00011354684827166278
0 38 6.7570674004584514 21.71498891789212 0.37042093336514414 6.920206220688953e-05
0 39 9.74591247905645 53.45349909252346 0.21217578033892015 0.00012832735375406426
0 40 9.992919801341346 31.586190638831134 0.3367860816342565 8.970017664311741e-05
0 41 7.176044698446393 30.05402146830355 0.09495563296651471 0.00010281796864961247
0 42 7.092082753603995 32.19357790580432 0.3793694994599948 8.332874266926465e-05
0 43 12.183027157330567 22.45322942615742 0.3504264869604442 9.948016947059572e-05
0 44 57.33966529363856 21.678794289915054 0.3033087069140722 9.16118470980796e-05
0 45 6.772871133994843 26.36629108755129 0.24773221594614853 0.00012105703527849859
0 46 8.99602967653395 31.54174937143079 0.31668060913327906 0.00011438130931147598
0 47 36.134160683945225 42.68073183549565 0.6154485438503765 -0.00015076918178013622
0 48 42.670219701486744 14.741593925574648 0.3974858532099729 0.00010567889643268026
0 49 9.20691292447334 34.97604830155596 0.5977722509352796 0.00012665995684474216
0 50 10.495893266709903 23.689653127502655 0.3706251847039096 1.8775364726083823e-05
0 51 103.8359435664927 21.24181416173699 0.30287551603413243 9.101632817782421e-05
0 52 52.33612039416545 27.100788258374692 0.32708479242533417 9.125471082727996e-05
0 53 9.210981947747115 27.91766243113249 0.3033350423248511 0.00010889768576820426
0 54 10.200125893059589 26.119343944785907 0.3310257074778344 0.00010088346575395178
0 55 41.883898020510586 5.418890189832128 0.5081900947277391 4.9242227334294476e-05
1 0 0.5426401676490961 28.65197027459638 0.17831923303160901 4.2259694526448156e-05
1 1 0.9683143162906503 27.7787247577712 0.24472328961703416 8.481740952376326e-05
1 2 0.8498130871642307 32.63475153598081 1.1195314724269694 9.026869111398143e-05
1 3 0.5963855839751411 29.007841306738705 0.3726799545912238 2.9504299382884498e-05
1 4 0.8042943508054907 29.155798792151373 0.25019904926398506 5.2630882392932853e-05
1 5 1.2857611849724284 27.74973155988141 0.27887955680226567 9.793043145248526e-05
1 6 1.3865338597650276 22.6934695310405 0.295068291770703 9.3162059412521e-05
1 7 1.1958173681204916 31.567573061881596 0.3632124666700407 9.050487529328979e-05
1 8 1.2706369026696993 29.361148246046596 0.1896892106901751 7.21812246931951e-05
1 9 1.561032798058973 25.98878448039219 0.11738620841541564 9.757280012004576e-05
1 10 1.648872253753472 25.44383470261733 0.34750131237081516 9.733438500458899e-05
1 11 2.4004835445840644 29.354198029076297 0.18948542098262733 9.268522185674615e-05
1 12 1.7824148838348006 29.18519366179887 0.2184398127688913 0.0001147390269820037
1 13 2.1624379170314305 26.753543837756013 0.3450847272557483 9.077787399364712e-05
1 14 2.3242062650163913 26.798208899506534 0.30319833030753174 6.295014675217187e-05
1 15 3.3130089232864863 40.63949641787909 0.28644786132430544 6.617353286028009e-05
1 16 3.2261703258389764 29.55593495853377 0.2864272952913596 5.823358312791723e-05
1 17 3.0796357891554376 23.73958300375414 0.34995997588981287 8.648722217161147e-05
1 18 3.736530609255407 22.361046214963757 0.2947334958341876 9.399652488290914e-05
1 19 2.9549288832324763 30.171646486637833 0.3190065768943485 9.542419123823888e-05
1 20 1.4173176531533627 29.18484304807064 0.2809921072566874 0.00011652708649577566
1 21 2.784443359916093 31.015763389866 0.1969853064186089 0.00010448770479894493
1 22 3.3530848473707477 31.17404277659915 0.1850049104582851 0.00010246038102899448
1 23 3.706101174945868 26.477246568684087 0.2983144114857314 8.69679548715708e-05
1 24 2.667522329117739 28.940059381527156 0.47722447247819716 5.096276256391674e-05
1 25 2.333357007079242 26.609222006851013 0.23336994696665259 9.64999143600971e-05
1 26 2.3432789639539253 26.090982038743352 0.32288349557396356 9.518861810940552e-05
1 27 2.3018579365110057 26.825750286547184 0.40285794813268505 9.673833855434724e-05
1 28 2.1449351977849904 28.412966703056874 0.3443468694566775 9.659374944994678e-05
1 29 1.4416293440656691 26.903190474169193 0.2865198308097341 8.207559555910906e-05
1 30 2.41007203269043 24.938955962322932 0.238934257860774 9.863444328279996e-05
1 31 2.719080906972573 28.098289635052982 0.23597432293630022 0.00010377169962637178
1 32 1.7459440562893667 28.536337158197664 0.23565813559167337 8.970816379141186e-05
1 33 2.8612666391725816 24.181747749346506 0.3104929160295284 9.173154959783861e-05
1 34 4.5408760395082295 27.310578364406634 0.26930043676196685 9.852647496195766e-05
1 35 3.1780905113107036 50.17336893091182 -0.3690790703402593 2.5830589678742293e-05
1 36 3.9228231356079086 28.996799654255113 0.4218570881061222 2.855061301182044e-05
1 37 6.076877599348501 10.548852006669343 0.16113406811163172 0.00010854005333129825
1 38 4.732082436193821 31.4031994864332 0.3082058145926594 8.434063088996006e-05
1 39 3.780186082584816 28.324415190389715 0.30595465160994045 8.40481787563494e-05
1 40 3.228701286071421 22.57579091634487 0.2862486683512314 0.00011056660687046196
1 41 6.348089726152518 21.073633488225163 0.3203986633295882 0.00013273955408392283
1 42 4.307495770094285 25.974206527743867 0.3294864493596642 9.292364123286069e-05
1 43 2.9659675395897773 28.705174375225265 0.3660886988605714 5.983575295063187e-05
1 44 4.439456024437714 27.526405520930222 0.2763688416014476 0.00012212991613438668
1 45 5.987666004467836 23.64773442215521 0.2774504655116924 9.632578751690539e-05
1 46 5.703978004561735 24.172527828004135 0.4024658369283516 6.610158951356456e-05
1 47 5.660373197338663 19.79405160578003 0.3366321338140455 7.301562348683404e-05
1 48 5.478764521133746 24.85289694802625 0.3165563495062409 8.839376509760241e-05
1 49 13.428356777561682 20.25206790686986 0.28232211580390043 0.0001234412699505706
1 50 8.59053080457354 21.582003779394626 0.3235244979960964 9.697673621161533e-05
1 51 6.575223153440858 26.47720080422677 0.5480147233577694 6.841217672679438e-05
1 52 7.166644325039301 25.86144422855665 0.3771537176954729 9.540554863323936e-05
1 53 7.425195900195648 24.344806294023954 0.3006789557150082 8.517506437884134e-05
1 54 11.004525094016472 18.695978091564612 0.3307444238704681 9.006263129475857e-05
1 55 10.532757770234213 43.68404471596725 0.21611054719475872 -4.3541187324654075e-05
2 0 0.4969329670184891 27.459180956229304 0.2781881690132223 8.441717409930961e-05
2 1 0.43896037989352177 23.449306946174516 -0.13242681057209693 8.934736257412018e-05
2 2 0.8979765207280607 20.028277675144977 0.3027784220204553 9.304285097825552e-05
2 3 0.5294525461664432 22.567366408874452 0.2646471672124843 7.57575035987554e-05
2 4 0.4980859113564816 21.312309808709884 0.3031368295805636 9.375810721449076e-05
2 5 0.6617634828319742 20.823544842167017 0.35551036046254264 8.51751045150677e-05
2 6 0.6310878897402681 20.740190798585992 0.30678429673681284 9.244680701463254e-05
2 7 0.7293151168808567 25.199829981685028 0.48127066000260216 9.769201213379984e-05
2 8 1.0670680869868514 18.00987750988267 0.3137095023862645 9.828805920094152e-05
2 9 1.1367692526659086 19.436121479956885 0.38980049188305566 8.839368825826503e-05
2 10 1.2848025416638553 17.96821035967939 0.37722825029015816 1.8874628928155417e-05
2 11 1.5384907168195912 15.777809083546565 0.30967005824678806 0.00011211633573658008
2 12 1.2294748369298343 17.06663144672505 0.09460513619026124 7.647275909458836e-05
2 13 0.7849823143753484 20.274179586445022 0.30501461099889005 9.185075760822438e-05
2 14 1.0695484293095263 17.86419192489926 0.41762884588642113 8.35061076971242e-05
2 15 2.4295797779895048 8.22782259451101 0.11963201754059558 9.030027737167746e-05
2 16 2.117612293132388 14.903909299463741 1.6263679839078575 8.386381407332982e-05
2 17 0.9614370608294437 19.40463870204393 0.3223000453477489 9.328126648585648e-05
2 18 51.11943530261679 21.08743287621907 0.3023488746132668 9.01337671003138e-05
2 19 1.9627124904178423 12.658142149739007 0.3007754946978094 0.00011831522121911938
2 20 1.7648755434890337 14.556936222503733 0.31786676555170357 6.0856342413133615e-05
2 21 1.1843681570990428 18.813188376421913 0.36414040418979643 8.255242220785709e-05
2 22 2.080544516169354 13.246597752809844 0.3347270707185541 8.678945579862233e-05
2 23 2.745850559111024 6.41795486976083 0.36095985645118334 0.00011700235785086694
2 24 2.5129373163931112 7.043812322302482 0.3847409639149906 0.00017565489295941924
2 25 1.0132019288008771 19.515737157384415 0.35342095208980256 9.4592574988863e-05
2 26 4.304135485909861 23.44995837194966 0.3057767519858958 8.898974209846022e-05
2 27 2.088514318038399 12.629893453065794 0.39190663834043094 0.0001010389524742781
2 28 2.0132487984789016 15.246574736925233 0.34150201543147535 8.648633957307627e-05
2 29 0.9173725968857266 21.260041952595223 0.2970445952859696 9.24468091791635e-05
2 30 0.9864473187535696 20.699101490893177 0.4238870114131722 9.069059594832795e-05
2 31 2.9912095682962327 6.920693017351686 0.4124788938008821 0.00011307911127771272
2 32 2.12266673915078 11.993906874014932 0.391230290019754 2.712010647676922e-05
2 33 1.3840093177669033 17.811504503219332 0.3218566696685434 0.00013417010365510438
2 34 1.3731741029450464 18.602041026375375 0.29424300011867 9.673833957704278e-05
2 35 1.160072080984588 19.346210524358767 0.3076247380844469 0.00010974325036937943
2 36 2.0858222421490273 14.107507924992461 0.3279569573905805 8.74400131231317e-05
2 37 6.286585387604237 19.435728632507363 0.20279095858693924 7.830065557406454e-05
2 38 2.6436918386786585 11.962888170088988 0.35146313628763215 9.81688531953091e-05
2 39 2.0140175279577015 15.726014347489238 0.34231837819576844 0.00011080504012360895
2 40 1.7358535739834697 16.37537959687127 0.3483348171597608 7.409084892521467e-05
2 41 6.196930101159049 14.770823982022353 0.3479856230609367 8.815526966388259e-05
2 42 2.6422757917504227 13.207635613119521 0.3303236611913031 8.481806857595697e-05
2 43 1.7505008048566775 15.761275688891596 0.4137674048460363 0.00010125187733944454
2 44 2.7392906064793596 9.46220957395459 0.29742162371577474 0.00019339846562624525
2 45 2.7336025639394927 13.304808813304476 0.289641098771414 0.00011315738406780958
2 46 2.779355174120122 13.46643958863783 0.3322702223362114 0.00014382597757640387
2 47 2.6459745894545494 12.650051179399853 0.43358437048161574 8.82744810015161e-05
2 48 3.158511830757378 12.110648278280207 0.30242968563555267 9.697921248226724e-05
2 49 30.10907215729051 18.253534913383213 0.30878514127059487 0.00013086139888962074
2 50 4.278169303140677 7.726178979519617 0.34423791373222173 8.294258857232187e-05
2 51 2.8628435777788708 11.985357209431232 0.3055838961860514 0.00011831522126549003
2 52 2.9798454182196057 12.57426165488944 0.1752177720905147 0.0001006722444784447
2 53 6.959675664788803 23.283300514661235 0.34068790666186954 9.594637863586357e-05
2 54 8.62476451162945 19.417023255243507 0.2853472913197252 0.00010341278602870181
2 55 5.067450080640064 6.172803452230994 0.4474706894342221 -4.91726327438871e-06
3 0 0.40269451090200203 23.39827914969974 0.2855824701449097 8.57943578818586e-05
3 1 0.3690454807169472 23.630898125313905 0.3061832381627998 8.338689056398949e-05
3 2 0.3171298631888211 23.200364011854347 0.3025215627658301 9.173154830536722e-05
3 3 0.40719813035411956 23.0082243744817 0.4334132012323121 9.363889694198896e-05
3 4 0.40423151460862305 22.04970112624904 0.30711840225297643 9.16123391331499e-05
3 5 0.34157798023357033 22.829473491156435 0.2540995198766167 9.232759448338967e-05
3 6 0.3474262807025724 22.574587379772254 0.29502103838374805 8.982419963618994e-05
3 7 0.5274591225719889 22.171870108337803 0.2996127283268657 8.839368830557945e-05
3 8 0.5442621650604866 22.179308987438755 0.3057587587817454 9.590387350523611e-05
3 9 0.39573986320240384 23.07212790798723 0.3439837148573812 8.982419965069795e-05
3 10 0.45064158418425215 21.423926422015448 0.42699955090279773 0.00012582540216113058
3 11 0.6452202777481065 20.872373030251865 -1.0183279875882927 5.1677227022408576e-05
3 12 0.7628032053509802 19.711003534617927 0.2849010309191219 9.125473359927562e-05
3 13 0.461982196917721 20.55683171388354 0.43198653674776927 9.53078272441086e-05
3 14 0.43296048502067463 23.15444691915654 0.2758768036238063 9.161233902047866e-05
3 15 0.7103953134156251 24.029863366544895 0.07731359361871068 8.732079258380354e-05
3 16 0.7758142899359131 19.898354588831943 0.3249696080599438 8.624796963188321e-05
3 17 0.48633374508769533 22.298799706558864 0.3620776414622955 7.551908608587304e-05
3 18 0.5028041769077176 22.26439081944347 0.325976165591753 8.732080312541418e-05
3 19 0.7390663640827163 21.507244077988766 0.29716132911952775 9.17162777678921e-05
3 20 0.5462643259186792 24.663000013186817 0.3421679576790116 9.614226063410963e-05
3 21 0.40061902051637804 22.60454587623532 0.29963670276185156 9.101629356179802e-05
3 22 0.44261811632127795 22.580828184607597 0.3018626327328765 8.922815305543295e-05
3 23 0.7727601939384181 20.561185252660227 0.3386807343625432 9.173153491211428e-05
3 24 0.6997394293721222 22.76584776643135 0.20373767828529665 9.149313846417215e-05
3 25 0.3801888432205534 23.398225157466612 0.2549174393190824 8.981627171716122e-05
3 26 0.43303879821024005 22.957223930449658 0.30468542505933016 9.030103735084753e-05
3 27 0.6934278814132496 21.631528747217956 0.3086582375334447 9.13739978501583e-05
3 28 0.5551620138015665 28.889257653096827 1.5395663013571983 0.00011461973193650215
3 29 0.3779122524364519 23.434349227839487 0.28661326284932 8.970499152512472e-05
3 30 0.47243644004380725 23.047997627964627 0.3011408946281725 8.87513158016201e-05
3 31 0.7940899973468374 20.07809895876857 -0.0860353779512893 9.065866471745255e-05
3 32 0.5883454938935291 21.898497248445963 0.3005938535144529 9.232759468155629e-05
3 33 0.5301427819453881 22.678162605524083 0.28605166730571474 8.78948849263219e-05
3 34 0.553889169621452 23.253029322393402 0.2984617703068413 8.83942219879092e-05
3 35 0.5836376078081407 22.030179827571764 0.3017489381464706 8.970499561204368e-05
3 36 0.7740318624788802 21.539949707203064 0.32221323592605455 8.980765369701735e-05
3 37 0.7346713240467712 22.21245455498964 0.3607253650309318 8.922036131852798e-05
3 38 0.6851383956362966 22.69006464131516 0.2959635143040911 9.483098865352039e-05
3 39 0.7466420689827786 22.255200934958637 0.315914984553719 9.423494044648767e-05
3 40 0.6948646125511413 22.65896798098543 0.3180075474583274 8.767862762829888e-05
3 41 0.8971662939490258 21.549474100282687 0.3154054421374532 9.811382407460096e-05
3 42 0.8452311109856661 22.583650163112452 0.3304656750495767 8.982419966866985e-05
3 43 0.688693610851045 21.59463999595465 0.32726990815703194 8.839421964197469e-05
3 44 0.7933578541626688 20.36816955550606 0.3926010805055591 9.316206053445085e-05
3 45 0.9284388668460113 22.765843195069547 0.2903868897080182 9.225268099902659e-05
3 46 1.0363529617042055 19.71163632642923 0.41334674109265335 8.661225623425345e-05
3 47 0.9789775853438394 21.307957456318515 0.33301717936830094 9.292410477516709e-05
3 48 1.080487590627512 20.942469756656124 0.34396874262068733 9.3519687952075e-05
3 49 1.4313553050439691 25.927781169243417 0.21983045316836075 8.980564080505028e-05
3 50 1.3631474985320422 18.660123620092 0.21940632529166115 9.636771071835679e-05
3 51 1.3037730075925906 21.854080742857008 0.3026433955633715 9.363889521234764e-05
3 52 1.3685485698308724 21.282507415886442 0.300080299494913 9.816873287467014e-05
3 53 1.4961632504299902 17.97459655284039 0.39153764338298214 7.408857075924591e-05
3 54 1.8233908684718443 16.11285587463012 0.29238289056723665 9.087857060092926e-05
3 55 2.4357119124796895 20.236333066994106 0.31696405289608137 9.37581614569304e-05
4 0 0.3840805065733341 26.268387212903974 0.3609172456618912 8.624533999512671e-05
4 1 0.25025350766008314 24.053060967657302 0.2825327341668351 9.101661422492155e-05
4 2 0.23812254369701036 23.930724951632364 0.2714244203189306 9.125471189798574e-05
4 3 0.38694956894093496 25.627669623460562 0.28671955143485583 9.042013425215675e-05
4 4 0.30120126283152837 23.249424574840162 0.2136482067144623 9.611282322300938e-05
4 5 0.23978727869744648 23.807229431135106 0.3004854879522824 9.185075759299956e-05
4 6 0.22680077725881978 23.127909125345326 -0.08794779561168689 8.839368846311707e-05
4 7 0.4832992318444297 26.9873269291392 1.0819222952455232 0.00011521577878294589
4 8 0.40086885747707496 24.345273323041773 0.29099550868860313 9.018178087313088e-05
4 9 0.22050354211407724 23.218192382406862 -0.005527334362563363 9.843104570117232e-05
4 10 0.2922597585549494 23.34017623135651 0.29104677904448994 9.038991139617762e-05
4 11 0.5855366115420465 25.627763479422416 0.387246918117863 0.0001030669638902481
4 12 0.40629398167158814 22.722389798484215 0.03674440708790232 0.00010508445652540602
4 13 0.265553060486736 23.860441592708362 0.3367543271787974 8.028745718398336e-05
4 14 0.25219296483121767 23.489840743712435 0.27621823276661295 9.459276698271386e-05
4 15 0.36662476240176306 22.20476014109739 0.4896259711848178 0.0002611274250595422
4 16 0.5076914094893172 24.341553179491218 0.2986234440807677 9.149311966943509e-05
4 17 0.23565453513841916 23.559354906063888 0.27853449258672436 9.053945600646815e-05
4 18 0.2323047580283094 23.48624599313208 0.30077580530373305 9.137370562881312e-05
4 19 0.37625578576926344 24.047298171330524 0.6830739648579509 0.0001230835915636916
4 20 0.3272856536408373 24.36578792437291 0.5751907006248642 0.00011759996392777213
4 21 0.21011056815411563 23.40575577988961 0.2903838028011274 9.245225337841858e-05
4 22 0.23058820847738737 22.717930187441755 0.3062594572223366 9.244680410556896e-05
4 23 0.4034249312485476 24.346387997596 0.2994073673413 8.660495791902827e-05
4 24 0.5109412558153673 29.47192502341098 0.44894670970484774 7.575750180777174e-05
4 25 0.23450598672743933 24.872859288087064 0.7105023339066773 8.782650795036899e-05
4 26 0.24578322779972037 23.522434568288016 0.28839065074919723 8.767843501253879e-05
4 27 0.48767904810523477 23.382618930324544 0.18393795343328326 0.00010186433769026013
4 28 0.49169719521516997 23.5780180295643 0.272273909428035 8.087827036306601e-05
4 29 0.24729687253071486 24.821182804078482 0.6266737623551967 9.307027306753445e-05
4 30 0.3211517981194732 23.94061628291375 0.27877407896964657 9.852647781408386e-05
4 31 0.5428888645463648 22.964967701703834 0.3052884886231264 9.351883911199409e-05
4 32 0.458924947285492 23.27696794176641 0.3021914528338068 9.373962717391112e-05
4 33 0.27088755182572966 23.516190814096383 0.3278832908708459 8.85115500968029e-05
4 34 0.2723936188396806 23.464892532324807 0.21262049991158047 9.15377678099191e-05
4 35 0.3135991123887093 24.34629066240275 0.365289965247492 8.481721463099512e-05
4 36 0.31246946936167086 24.18713894247073 0.5556750193647279 7.406195286198873e-05
4 37 0.3039294493482997 22.715950759303727 0.29907461185552275 9.42339692926562e-05
4 38 0.2844200796561 23.92670002372236 0.23894200592678544 8.740384264343672e-05
4 39 0.3643975957289307 24.00769203960811 0.27684838297403735 9.242041582989039e-05
4 40 0.33422441067026204 24.17097419339634 0.3257478319485797 9.131711034063314e-05
4 41 0.36997757358903544 23.447476037486467 0.3056668329799259 9.268522275377074e-05
4 42 0.38304960261493715 24.3463932849981 0.2859200808221553 8.941580352015505e-05
4 43 0.34266133150009315 23.208290184565325 0.21793858905174496 9.232759473405993e-05
4 44 0.4109514593472633 22.977719282493098 0.3043342539160059 9.351963270783241e-05
4 45 0.3723314287690407 22.488263699762605 0.3076094718460474 9.196997064229523e-05
4 46 0.36396955085921867 22.363996046150966 0.29325241838029925 9.065865939000568e-05
4 47 0.4944517568108191 22.869820161183753 0.33694886391746737 9.411573304240564e-05
4 48 0.537741946403608 22.611058972719313 0.29330770701869674 9.303850497911833e-05
4 49 0.43507766714948204 23.41354371157081 0.2694775333969624 8.744001406940118e-05
4 50 0.4277051391438338 22.585917475449286 0.10616593712766823 9.198537481832828e-05
4 51 0.48403208010416443 23.107897693126738 0.28598401558183806 9.351968430086936e-05
4 52 0.4975352020161843 23.70299411339625 0.28703094652723793 9.518859697057097e-05
4 53 0.4252684585526666 23.03218561663401 0.3046179961624168 9.280443186299398e-05
4 54 0.42430376431800576 23.705659816259626 0.3029742813602945 9.423494269077072e-05
4 55 0.6028768294964972 23.89409641273474 0.8835512971757948 0.00010293722261729644
5 0 0.317779271751399 23.35150291528185 0.28802070721863426 8.711376057509701e-05
5 1 0.3121343367181357 23.36376341163112 0.30713008244155665 8.471619866715226e-05
5 2 0.26062072291851524 22.961889609816467 0.3166527573253287 9.053946277594752e-05
5 3 0.31187002230430355 22.951066796458573 0.32113677064983615 9.29236407944454e-05
5 4 0.28308734515322737 22.86667551923476 0.31849033844002195 9.208917990858223e-05
5 5 0.24415651931047203 22.448367030649568 0.3435415456124676 8.469820155450957e-05
5 6 0.2700208159593095 22.771807121673085 0.3178761723496071 9.435415278237057e-05
5 7 0.3239083979680062 23.363764364631436 0.29844855077935983 5.7518499372537584e-05
5 8 0.31611827887290145 22.884462957446495 0.2971375790853489 9.731208918227588e-05
5 9 0.3509407008993718 22.815771615442955 0.2918411277924765 9.351968746929907e-05
5 10 0.3306800247246687 23.028035079745838 0.3011166160869725 8.337397351909824e-05
5 11 0.3507489169213574 24.01276239918912 0.23780522429244472 8.481702751325125e-05
5 12 0.377797722356408 23.037428735072986 0.29750892717186067 8.779764167254215e-05
5 13 0.2927716502668014 23.838230466461468 -0.08818611881382031 0.00011044740577413327
5 14 0.2530455011518371 22.225234461916504 -0.26265592254797776 8.89674003033488e-05
5 15 0.32396454704664635 23.06915885312366 0.2938442653732286 8.469820101019562e-05
5 16 0.34482037114746256 23.13856293092283 0.29578873742277123 9.1493130149513e-05
5 17 0.2923636340548713 23.36377780914672 0.28334878264949237 8.315811744143638e-05
5 18 0.2986844870573039 22.762837279213144 0.286087255936198 8.815527004845988e-05
5 19 0.33536090647065336 23.36371811671765 0.23229920303250579 9.447335717663061e-05
5 20 0.3140695237907948 22.961207257223577 0.2924108761534754 9.506992381299906e-05
5 21 0.2447349154876684 23.03518868692385 0.3295066204655176 8.696317691505932e-05
5 22 0.24232784085864487 22.89537904755442 0.3156174288225376 9.006263542719463e-05
5 23 0.3200023073750502 22.752129559924725 0.22629105409932537 9.733438425560571e-05
5 24 0.4148902193762689 21.800332512940766 0.2996185160173437 9.32812759732385e-05
5 25 0.24336661249434627 23.12913605634248 0.3000888493963405 9.483098914859139e-05
5 26 0.2912980183023438 23.093550045480015 0.2029734296126375 0.00010019541295546628
5 27 0.47364290513660146 23.53755729403178 0.2934557308745458 7.945299253888077e-05
5 28 0.62854089379572 23.687746302803127 0.28258120259497177 0.00010162591954338639
5 29 0.2939325681420193 23.481826013556955 0.29646732145866483 9.054011836111717e-05
5 30 0.35038246890308755 23.230955726768457 0.29949921064627977 8.541346775440165e-05
5 31 0.52640884701187 22.650521218650667 0.3107016550164242 9.649990040249033e-05
5 32 0.4282658395017175 23.401848894741814 0.38220862140747935 9.564047735249438e-05
5 33 0.2804024807350988 23.403740833557706 0.3234652786535962 9.57846151749297e-05
5 34 0.29016544042013037 23.520348645823276 0.33209799488145053 8.696317840120737e-05
5 35 0.2913321622637016 22.009340831314475 0.3123916338575059 8.481739967450719e-05
5 36 0.28599650880529126 23.61623746198049 0.3106915875903782 8.636712998702964e-05
5 37 0.3158554500460136 24.187213084495117 0.3024626241465057 8.481740946762091e-05
5 38 0.29928920151548977 22.34737637860206 0.3079586606521084 0.00010019587342270823
5 39 0.3136603830406294 24.085223173501458 0.2791896299354662 9.244680372753295e-05
5 40 0.3113431058638847 24.311723074145128 0.3543510295681015 9.340047790186755e-05
5 41 0.39696873329244686 24.15222207477568 0.32239983380314396 7.945326023021091e-05
5 42 0.410824963570853 23.613887264677764 0.29887471427379286 8.696317677354238e-05
5 43 0.32624684805026627 23.40589665395591 0.29401406721028145 9.571133590932909e-05
5 44 0.3795236272374033 23.301382798372657 0.3091288297019635 8.875131616597985e-05
5 45 0.402850774369078 23.012201835293325 0.28483897419751314 9.79305160665018e-05
5 46 0.391946197804988 23.6755404329458 0.6334802486813329 8.79691934146393e-05
5 47 0.436224666104832 22.87140472168567 0.3038714411153164 8.839989547445391e-05
5 48 0.45380981684711735 23.04816112378858 0.3467300796552084 9.924173357682394e-05
5 49 0.47610270744171707 22.8167127498412 -0.009961589327667726 7.695081447206356e-05
5 50 0.4331154359335878 23.80531506930722 0.3294982217683218 9.280443208940203e-05
5 51 0.3635402984448793 23.55730540600038 0.2682503211645554 8.76784329894049e-05
5 52 0.3572772066227151 23.575810688712156 0.2893884705371463 8.481740935873923e-05
5 53 0.3969253854376914 23.8766377734105 0.31453748909426826 9.685755212429526e-05
5 54 0.39472922764644025 23.819416590174335 0.2915062190677718 8.83936909078403e-05
5 55 0.4378794714373738 23.59198083823599 0.29720446174201287 9.137392075931637e-05
6 0 0.16794196064191824 23.28210940726809 0.2695891423850451 9.978457141007699e-05
6 1 0.19492523932928335 26.2862609768967 0.23883924361509065 9.6023077548238e-05
6 2 0.16415079285626452 25.634308073490672 0.3030796963260023 9.458323328377782e-05
6 3 0.16570009699314187 22.002288172415664 0.2146956514219009 0.00012987852097115315
6 4 0.1483616857558762 22.608577415678564 0.31432511340548697 7.802248000630381e-05
6 5 0.14449035953702966 22.411247558544076 0.31102449811667177 0.00010451186880995644
6 6 0.15853432042539845 22.606616207250042 0.37218377771694666 0.00011712312491367975
6 7 0.22224764972130695 23.92123839280154 0.3867751586846069 0.00010017760050955231
6 8 0.16418628012814296 24.416030337515508 0.6080130588219027 7.619223006033945e-05
6 9 0.20971936588540138 23.50480191501234 0.22063795955059062 9.57068630139638e-05
6 10 0.22787053924422526 23.81235930943694 0.3518250154319698 0.00010842089091897254
6 11 0.2167662654333609 23.568753207740933 0.31379668755256607 6.610155083340354e-05
6 12 0.21620973366031948 23.24893307986617 0.3119264722184063 8.612872013880909e-05
6 13 0.21872239879092234 23.123301285813767 0.4305854906432496 8.171796782162992e-05
6 14 0.21692754444293236 21.891033018434015 0.6013010582456271 5.906820314125563e-05
6 15 0.1874123302108452 21.091617459570372 0.38139737008128216 9.721517080022493e-05
6 16 0.21591161574852824 17.766159590813942 0.33350671961569583 0.00010257959408300072
6 17 0.18420275730395647 22.05472442739103 0.3424829298173994 6.872415541627001e-05
6 18 0.2135036901666752 22.60815242840677 0.09439307089322119 0.00010341405953227125
6 19 0.2640586273334804 21.399520969103346 0.3080526551601492 9.256601463265835e-05
6 20 0.21827923756413126 56.52712823481346 2.2391280612809386 1.6629820855802597e-05
6 21 0.17151833858448345 22.381017130234728 0.25868283941040904 7.647275835831108e-05
6 22 0.1589899244850267 22.964390886554547 0.3634568225809036 7.933033886218957e-05
6 23 0.1957775786556018 24.97705698007023 0.36320168534196173 0.00015503167198254982
6 24 0.20947286624862754 22.473997216600353 0.15628269070216483 9.185075457443533e-05
6 25 0.1449634115992735 21.921954632741482 0.22784729331951553 7.253885347473514e-05
6 26 0.17965312404483041 22.67513460746658 0.27756722730192585 7.08699215534533e-05
6 27 0.3125006833452962 23.774075898589146 0.29460715944336946 8.874284683596286e-05
6 28 0.40788749563629517 24.97701786077523 0.25836980443461255 9.208917532535615e-05
6 29 0.1922282519070258 23.089590314631465 0.29434679718960977 9.101629210823587e-05
6 30 0.24122905763264874 22.87033821241628 0.3202492150401044 9.065866738327963e-05
6 31 0.32944073012002456 32.20721225768811 -0.18114633716392636 0.00011304078576742358
6 32 0.2803930176367885 20.944607293811558 0.2991675660963897 0.00010018574342719183
6 33 0.17556067626680866 21.18423982320303 0.2773971916933473 9.101628946155557e-05
6 34 0.20343639968856583 18.8353324761321 -1.861505161935137 8.496867834192223e-05
6 35 0.13903245040206616 21.20124528013295 0.30952696964875315 9.00626183303249e-05
6 36 0.14895292376895247 22.531794726767977 0.31897048595764244 8.8632107711644e-05
6 37 0.19928542944931432 22.804451686149108 0.29730963236601415 9.518861764413564e-05
6 38 0.166004816364971 19.83198962702184 0.3872840851773245 8.25854648040078e-05
6 39 0.1751699335755174 23.68516889172827 0.32693532451962676 8.874966518022225e-05
6 40 0.1703595128397038 23.38646336048027 0.3047089257181814 9.031163982315249e-05
6 41 0.256144229402925 24.977000232510974 0.313077492217397 4.512074341534723e-05
6 42 0.2730281164513171 24.97639540589781 0.33251329526310786 9.876494240179975e-05
6 43 0.1755817245563574 21.178346715555158 -0.17605714801388672 8.404918782764783e-05
6 44 0.2390885301369624 21.28563551591553 0.3643186338987011 1.0907651089670645e-05
6 45 0.2643957906766421 20.471449829193062 0.42554926552467953 0.00012809038319752897
6 46 0.24131858437661136 16.731434236952047 -0.3690477432185819 8.040666631183678e-05
6 47 0.240343982991439 17.820213966637617 -1.9908475130560426 0.00010532146069407783
6 48 0.27115849913114004 20.47130968923135 0.36154585795575156 4.1782858598440786e-05
6 49 0.2902812730840988 21.129076292246395 0.3105277008799937 9.709596651117862e-05
6 50 0.2697203984965237 21.457232619444902 0.34097458868436825 6.744192082615025e-05
6 51 0.16635704484250596 23.020307969756118 0.31290191326462047 8.922815628759962e-05
6 52 0.16936909419838272 21.895229673079225 0.29701178962951996 8.934736213248011e-05
6 53 0.20909617143405845 21.20110831669154 0.4148195806170352 8.636713029006873e-05
6 54 0.21425139382455766 21.804033409710307 0.3166052545213297 9.161233854658146e-05
6 55 0.21173631735087578 19.458388994091507 0.30951993632565256 6.598234240377515e-05
7 0 0.1766577864904117 23.295380695990026 0.30430037010289646 7.349249448734615e-05
7 1 0.15575177049869332 19.206449215946645 0.35948948537905967 9.781096286848738e-05
7 2 0.1324391542346865 19.077452315311003 0.38652159024549515 7.981061920439634e-05
7 3 0.16544225897306597 14.976473552776426 -0.06517018623484204 9.220838547976631e-05
7 4 0.14195859421484022 17.75091875167019 0.27160633287690145 0.00011110605094976684
7 5 0.12388903292566668 20.053325790968188 0.41075299639508833 0.00010854005806214395
7 6 0.1300396895285616 21.959099092228147 0.34971719118935163 9.483099143003919e-05
7 7 0.42256750742476223 19.941288111686543 0.16278323406070083 9.912267859384463e-05
7 8 0.6380809665789156 15.97401638827021 0.2805073492057084 0.00010937446539699281
7 9 0.14704232592523944 19.967525129639107 0.29920837439851067 9.0062709782478e-05
7 10 0.18722867994344766 21.729854523116778 0.3647390748412789 0.00010377168677381553
7 11 1.081067987347324 9.912403458427717 0.5710209435692459 5.2511691370561454e-05
7 12 1.6263828363855641 11.268788732443843 0.5293399778050318 7.337335568671625e-05
7 13 0.17732173732992274 23.29545820479497 0.2750021183566258 0.00010053705036796806
7 14 0.16454138365854418 25.292253735503785 0.1618034672224329 7.236192807474944e-05
7 15 8.481059972915354 5.324584980324319 0.40898499628628593 9.814215271514379e-05
7 16 6.076552765054228 -41.10656382006295 0.8637465406083515 7.228559248495085e-05
7 17 0.14059182340200146 20.294567869596783 0.3048991742562739 0.00010174545227014886
7 18 0.14619518465268844 14.81727289763596 0.535131047566878 0.00012558647746074343
7 19 4.212018336641867 -90.21687720263009 4.873348892365668 -0.00039377821527227967
7 20 4.426644214834667 -140.76504762079696 4.192340354244839 -0.0007992086810122056
7 21 0.11992141448665351 18.275938105217996 0.2966043506891325 0.00010842084926379164
7 22 0.11316887701494796 18.86908800489808 0.38123601617534 9.407605766914214e-05
7 23 9.26142893802444 1.2248112712471069 0.6086588368430454 7.905263206783996e-05
7 24 6.494510804912508 -69.14812361005063 2.387788433940596 -0.0002128779888939501
7 25 0.13779636930612102 15.498413504690898 0.05190100881294568 0.00012844813456887235
7 26 0.1558441903942896 19.840622431289088 0.3168740811115729 9.39964527745619e-05
7 27 8.283219831414481 -46.0058398396311 1.4652984347698412 -6.421929778953785e-05
7 28 6.3020682755093045 -21.648403987384768 0.4746651367682553 9.006261750384373e-05
7 29 0.13625257116674083 21.148735284155066 0.3018737046382842 8.946673214560772e-05
7 30 0.17109861997411388 18.859318128283064 0.46892835304026476 5.847215657986687e-05
7 31 12.358781416216436 -2.263984724166427 0.4181385566482776 0.00015574688426651527
7 32 14.488853366333457 21.96429889029266 0.2865981416598866 9.276370663070457e-05
7 33 0.10572146821875333 21.271191776404162 0.3066639221539226 9.077790998759052e-05
7 34 0.13167749556739394 20.633083243390992 0.32486373562442117 9.228184001921014e-05
7 35 0.5077143171914469 14.607138171359033 0.27463398702165964 7.595783785731679e-05
7 36 0.608837672315827 14.642876696697648 0.30503120738255296 0.00010350692090122478
7 37 0.11677373310354192 21.423555131396135 0.3061610179260567 9.119585909266228e-05
7 38 0.1128192128133286 21.555233433769356 0.305503496621237 9.135433680844995e-05
7 39 0.29981869430449404 16.639546818779557 0.3588772235021569 8.457913005318634e-05
7 40 0.49452731618554086 14.642820746801618 0.32623378819562954 0.00015395873949131014
7 41 0.1598541354758311 23.961054292021387 0.015035110949658932 6.138562839615603e-05
7 42 0.1847669408285882 21.42449253886956 0.3126971794716574 8.767843296752603e-05
7 43 1.3720440671949907 -2.462751055159858 0.5011233817112846 0.00013989206830814085
7 44 1.5700654329443373 -1.3769933804066739 0.18161648591402474 -2.2798847317050525e-05
7 45 0.1659987415213531 18.698983725171296 0.28441966904837035 9.196996753181327e-05
7 46 0.1634054440060071 19.75272321772564 0.31221776269426893 9.089708273316051e-05
7 47 3.2548035489645653 0.44230451382239144 0.33040909673102403 0.00020057346549489313
7 48 2.5403290685634086 -5.757038060034592 0.13777399355579367 0.00010621288506078279
7 49 0.18162254354551632 17.49064501026382 0.5096992688179895 3.606077724218819e-05
7 50 0.1658595635284018 19.50800174854196 0.3072184202837104 8.267164230599921e-05
7 51 0.8694222630558492 2.716978628640472 0.22791835689799528 0.00010484457382645455
7 52 0.942638962463709 3.0359772611480675 0.3902487907843869 0.00026053189259121843
7 53 0.13732332170891715 21.490334139941744 0.30866310620896464 8.946671210698209e-05
7 54 0.13650704250954648 20.086589105790168 0.2922485897118102 9.089708296494567e-05
7 55 4.75183788952147 -4.121579565734604 0.4529503444467575 0.000111444967862186
8 0 0.11042458536396801 37.06304467460747 0.4459879840428173 -0.0002804075732290203
8 1 0.15004916352798223 26.271863133637865 0.35718748760889296 7.715451542517344e-05
8 2 0.13061689262840712 15.790612911572424 0.5600919048240742 9.971860904401739e-05
8 3 0.09523508282711904 19.88544646995284 0.3070413503965811 9.471178129983526e-05
8 4 0.09607465067007694 18.737427864957247 0.3421391453770519 7.909537238220362e-05
8 5 0.12284602976618947 17.36120236665731 0.3298258987979421 9.471178063651624e-05
8 6 0.13482932138250053 20.899882984807483 0.32369984813335684 0.00010222136859457863
8 7 0.17044945982244722 20.844848057972285 0.290655347923197 7.909926465927138e-05
8 8 0.11880604312676096 19.947992462248703 0.2812225635774699 0.00010067224347699424
8 9 0.14466970523379158 20.21614089314074 0.15901477415008808 0.00010219457292444196
8 10 0.18000101144698813 31.672036534942364 0.2878037540294427 0.0001470446602007834
8 11 0.13936199470711905 19.886955524061285 0.30796353553480793 0.00010019542549162904
8 12 0.15031175189857304 14.833454763684763 0.3323970460185186 0.00017207861786785848
8 13 0.1809452521459649 21.083478902142623 0.3099897801999325 9.340047835156639e-05
8 14 0.16071570087305553 20.216187005281228 0.2833109378897881 9.661871615815956e-05
8 15 0.16051502048237892 39.08468622195919 0.4743857820056277 0.00011152035182190726
8 16 0.16723119946357 17.937935033192264 0.3178753527393284 8.004903794487603e-05
8 17 0.13753608206738172 19.542344245940086 0.776669373621369 6.991626539863601e-05
8 18 0.1395392874459122 21.901260128371753 0.28061463201692305 8.982419767049167e-05
8 19 0.10841105887167553 16.20337526254599 0.302020350280594 8.517503737012557e-05
8 20 0.10570464837895953 20.890092877659846 0.29734802972016117 8.653817807402451e-05
8 21 0.12189188427636766 18.868378359247966 0.30099612922587216 9.316205239769747e-05
8 22 0.11997712545608596 20.45391984254 0.3067580671187742 9.08970831750234e-05
8 23 0.13259773530826174 22.125162334690838 0.3124243277770822 9.125435562510299e-05
8 24 0.1582602290148005 23.318079473065445 0.6597714282485043 5.716085418040503e-05
8 25 0.1310245139334426 16.373586435635595 0.2646580210812981 9.709596633722417e-05
8 26 0.147340625116 20.216211175763387 0.28142202165993013 9.100911599614835e-05
8 27 0.24242898662153164 21.563952414282515 0.3110512549143661 9.043645098452166e-05
8 28 0.27714463021174274 88.27743242370835 2.3001636016470837 0.0001698159639012021
8 29 0.15387869561689402 20.21615044348448 0.31572542641920665 9.30428444554146e-05
8 30 0.1751133848302901 138.81802443117562 -0.16576607835593063 -0.00022472229835724858
8 31 0.2137860742708574 28.608734933303964 -0.17899079064702378 0.00019019842154751663
8 32 0.18057177813550637 36.6499875048186 1.1201251233999354 0.00010984973660007344
8 33 0.0823409710278756 21.848847773255752 0.2751542547668395 9.161233912958677e-05
8 34 0.11555338692257058 22.100898341522104 0.306613004629269 9.125469047765696e-05
8 35 0.12480266222999084 20.431858446485137 0.31834098590702486 9.060739126946122e-05
8 36 0.10847781678004462 21.406335150030714 0.3042039773478965 9.101416338397889e-05
8 37 0.10991002475620254 24.259464899605717 0.3106433905908256 8.916911153034594e-05
8 38 0.10872870945390382 12.26777241313956 0.2298072693261189 -2.649424614563715e-05
8 39 0.1477337283883084 22.91171346133177 0.2944354933684991 9.122593632721596e-05
8 40 0.13185439041646166 17.333845596342734 -1.0947194934009867 9.018182753435977e-05
8 41 0.19034863004881342 18.021255215961002 0.3418623029960435 9.340020180739948e-05
8 42 0.2144225068378573 20.474341088841463 0.3773166929658779 8.851290558155572e-05
8 43 0.1839809801067837 20.216131379767877 0.3178612997936663 8.970499085808457e-05
8 44 0.19769275340106712 22.91171073174877 0.3203142333665048 9.004746389075352e-05
8 45 0.17386037006370664 20.256057016887812 0.31911275662366856 9.149313371177884e-05
8 46 0.1699612080587682 12.929720597892125 0.11549745085528929 1.2980960103425532e-05
8 47 0.19643405433690098 21.120448261466123 0.3141508124483007 9.077788130634146e-05
8 48 0.1758498826068885 17.567795705139197 -1.1458454790588828 2.5451183306344107e-05
8 49 0.21075062688064564 18.9718076284111 0.07346778727936676 9.936093161383681e-05
8 50 0.16183950062514452 18.337410053712272 0.399841532531838 9.385692315088624e-05
8 51 0.10698694827403253 21.60137439667816 0.2953183404895609 9.077789375195918e-05
8 52 0.09873667472673045 21.40507107678916 0.303089559714788 9.128268075851825e-05
8 53 0.11873661372039611 20.765683592642468 0.30345345411513647 9.077789558980195e-05
8 54 0.11974196334638601 16.45428199025806 0.45944666740145346 8.302926341364686e-05
8 55 0.1216603270189792 18.917968565054473 0.2815478035683644 9.065866467456311e-05
9 0 0.10302753193560073 21.22435690265924 0.5665830179744339 7.984412674005197e-05
9 1 0.1595855518084708 12.247215193977235 0.3584143800944494 7.373094581420476e-05
9 2 0.12868986922612471 15.827808563994969 0.31380457418049446 0.0001016335181113221
9 3 0.07505712421083696 15.292502523464293 0.30496785381630365 0.00010865926836693191
9 4 0.09387685618440986 36.1543407066591 0.2586193730051784 1.0250878416628786e-05
9 5 0.14248736431424264 21.26133906521028 0.39436643334481025 0.00010484457363044928
9 6 0.14802148365452217 20.073782599256695 0.34744813763198135 0.00011283159158058085
9 7 0.16809225949141648 34.58101115734617 0.4673659591988215 0.00010228239369253794
9 8 0.12227996970787541 24.499113222572298 0.5183241879039974 9.983778020296597e-05
9 9 0.16062549924055175 13.526680641747296 0.19102748517927864 7.313489852941833e-05
9 10 0.20042521308632358 25.34777907398395 0.28333060305889135 0.00011008980984521249
9 11 0.14717778266071874 7.391956250873223 0.25126201925377667 4.523992540119123e-05
9 12 0.1532567293048731 23.583551780945506 0.3749336628395333 0.00010043398679429648
9 13 0.17891131803912225 13.64307837469013 0.4544350255549793 5.954510587229988e-05
9 14 0.15271122468445203 13.28848998678854 0.5506519329288704 0.00019198667086707397
9 15 0.14529776898277685 15.282403826558479 0.42770051278803745 0.00017124414435311426
9 16 0.15336296751593712 14.339360106313041 0.2852558971863818 8.457899104756072e-05
9 17 0.1451289096730232 19.782511695201784 0.31075670338186245 8.732076731510097e-05
9 18 0.14618639022945518 12.628285245036533 0.29730196608350934 0.0001098513490088541
9 19 0.1112786589903191 14.067506678913645 0.4635872844064942 8.493667994344001e-05
9 20 0.11115013211239319 20.789079496796276 0.3363747419150783 8.100271247069616e-05
9 21 0.13923155592131864 13.643143243255455 -1.2177657685509002 7.276626427839779e-05
9 22 0.1258872110681714 13.927526936771494 0.2176639902749271 0.00013321511096224138
9 23 0.12494631893329713 13.403013610144694 -0.24853264163337518 0.00011950731262643801
9 24 0.16835280154269644 5.531754338833597 0.32227682626526893 0.0002005696306437564
9 25 0.13427956255221934 10.377157132504038 0.22035095413397238 2.425909018195955e-05
9 26 0.14948541275491817 32.061378341872754 -0.021620902542532534 8.919152383049497e-05
9 27 0.16153522387194902 58.0720739421801 1.8318087087223673 2.9742717701824512e-05
9 28 0.18993915329856603 18.39439323776395 0.23521035887533548 -4.210996031822593e-05
9 29 0.12338491111302569 14.456622671381314 0.5100862072641029 0.00010460617194874896
9 30 0.15969926031792253 4.97450716956305 0.4621072657865235 8.485119366377137e-05
9 31 0.18315450663027616 20.447016826444962 1.0409464495044163 -0.00021830201121365704
9 32 0.17056064441342728 9.361385684571388 1.180289947453319 8.202384660369589e-05
9 33 0.06288423159751086 19.10041146120889 0.25264174661039906 7.860106332123575e-05
9 34 0.10120008344752696 20.735680650188876 0.30776372568612204 9.125473151633709e-05
9 35 0.1146008471989792 11.217767354503266 0.2719023952468156 7.957220211900879e-05
9 36 0.12523079084961003 19.10035432927944 0.30024946025113547 0.0001038126425106753
9 37 0.08423788743841194 21.731758072648912 0.301074021213356 9.137362972698728e-05
9 38 0.08043846429289787 18.590438641593185 0.3018571852797072 9.721517857044388e-05
9 39 0.11713332790273864 16.951230004196134 0.3087238919874339 9.709609368788527e-05
9 40 0.13096400285700857 14.040551596371806 0.3012181006159727 0.00010293721894291514
9 41 0.11460140066614416 84.5873765273007 1.600103848499467 0.0005472305756595236
9 42 0.16470604859205787 41.611614296375805 2.19494142844065 0.00014104939490632327
9 43 0.1569644878679355 15.689624125598026 0.4088881160855481 0.00010269883116399048
9 44 0.1700138253982054 14.32503229172967 2.135451407017661 5.465801307952774e-05
9 45 0.13604484685883722 8.28522663965293 0.4242123977760835 -6.884336412844506e-06
9 46 0.1409887611656952 18.21098665418397 1.101014797476228 0.0001739859493766678
9 47 0.15653675461622876 15.210370723650787 0.31128928134222544 0.00011116265755826331
9 48 0.16252075850356573 15.007450128385315 0.32506260510834384 8.660977437914284e-05
9 49 0.1556582938953 11.200465802694815 0.5287645152995423 0.00010055843311609146
9 50 0.11316943178107533 24.906638931680874 0.2249789389824951 0.00016325711942746584
9 51 0.11557816323793012 15.689570246180825 0.2714580336944008 0.00012704956117600428
9 52 0.11309780655003097 15.676310547059028 0.2771007487851956 0.00011140113009635712
9 53 0.11052321952803004 17.287907132451288 0.3199278062403226 9.983777286473101e-05
9 54 0.11677262760976477 18.60643154207991 0.2955070682297846 8.696317618819563e-05
9 55 0.1378527573604055 18.41741265668238 0.3537860774354098 0.00010317790466116009
10 0 0.0957020294291773 25.016341731854393 0.4547946630232648 7.468472233646295e-05
10 1 0.16122241713567104 10.135246349911734 0.3296669828643699 0.0001384616061833585
10 2 0.13736449998258304 7.0406808516005075 0.3610741190856186 9.031768651454723e-05
10 3 0.057277856323156975 15.189514184240693 0.33453098916101154 0.00010984748477661435
10 4 0.08757137788349081 -8.527848888783975 0.521314261535943 0.00017732381717395438
10 5 0.10829480214122295 20.71295771468234 0.3536920766733236 0.00010067232638248132
10 6 0.14168116239871736 9.782036126738557 0.5902783380867289 7.452082827457318e-05
10 7 0.17343220104417256 25.235963337769874 0.34026375276250875 8.004903021589682e-05
10 8 0.10980306398431364 22.784359721441767 0.29815317840735595 0.00010210275870810712
10 9 0.20737670399824915 30.379072957375868 0.23523250542373664 8.636699613897734e-05
10 10 0.21512176301312091 19.32447264294659 0.36963318949752644 9.542703259440257e-05
10 11 0.1506858853868757 21.244356464040678 0.24357381606170378 6.908179082498121e-05
10 12 0.1523096396037477 12.427807735573005 0.40535631023707197 0.00011480240342757184
10 13 0.1832278232547709 20.713056929535746 0.30445501528611946 9.822653585794369e-05
10 14 0.1799685899993076 42.80699794988636 0.1872554735068431 3.806177460968222e-05
10 15 0.14363537296916062 19.714734689361272 0.31334561402839733 9.435415673881198e-05
10 16 0.14849411540679017 15.880005267985926 0.4451493856533122 9.001033033150825e-05
10 17 0.16551726612913414 28.998276393515063 0.18464990677976847 0.0001044888834242529
10 18 0.18232950072872978 17.23539800727255 0.41857927405229145 2.199317687694017e-05
10 19 0.11613701059961597 13.630331073163632 -0.3745119632905898 5.739929925988782e-05
10 20 0.10653524524940536 11.808243083262436 0.3155386506435386 0.00012105703690170694
10 21 0.17877909643144363 11.046942878126753 0.25355356045126737 9.670906534472959e-05
10 22 0.16970185047183425 6.98594809544896 0.09693499311795058 5.1438809799708834e-05
10 23 0.15405648790211618 81.47133532250666 2.801667012360843 -9.152234880604107e-05
10 24 0.14847104724541546 18.84686536725622 0.23695023920852154 0.00010544056983665206
10 25 0.16639128310632328 8.373101985465782 0.14660964453057646 0.00030165901157752986
10 26 0.16808112080724538 19.2574750222338 0.17457144083612464 8.696317481436184e-05
10 27 0.21783920172177546 6.370242518978415 0.30476833717714347 0.0001069903373780975
10 28 0.32297090123206273 5.859970755116738 0.2584858798833468 0.00014322996086632876
10 29 0.15074511722579756 6.791966194448976 0.7930232001627366 8.219480608329371e-05
10 30 0.19358818608287282 3.636666250546889 0.7327076974538305 8.099794996097208e-05
10 31 0.24377738050417727 11.70600598498661 0.1939220843787295 0.00014179969516932636
10 32 0.1706056108779272 7.960240421077218 0.27354637033895923 0.0001495480533702555
10 33 0.05323078332700362 20.022609759919042 0.2413571821653899 4.5245835563104104e-05
10 34 0.09026262748352609 9.139581546172124 0.3050508998741137 0.0001220107075881866
10 35 0.11542332213774813 11.737370229313555 0.2854865857681558 9.267147083802187e-05
10 36 0.12778257872102283 9.17074519064509 0.3211582997951289 0.0001634414907150441
10 37 0.08026727373937056 13.987422947594993 0.35387410527076213 0.00012034149487035245
10 38 0.09262484727952763 16.92430775258869 0.3063037211054258 8.446015937846873e-05
10 39 0.1419511411902022 12.427839619360993 0.38872801492919645 8.910877608585472e-05
10 40 0.14474793082657236 13.118197020888145 0.3163770872210359 9.63278817900008e-05
10 41 0.15220761436482094 12.64605320126573 0.35771303075157784 3.2593440481113746e-05
10 42 0.24574421623259737 13.138830416602964 0.36326926531492176 0.00010675191876170057
10 43 0.19897450508625059 4.949572371547525 0.40604104417457904 6.157300299857032e-05
10 44 0.23523473148644194 9.414688454281489 0.3683839990758613 7.28964805799848e-05
10 45 0.17891244695519354 14.813065753508601 0.3476968176317033 9.030103709424269e-05
10 46 0.19990096400946128 5.7950999922149835 0.5398062341498855 0.00010500778229682153
10 47 0.2082644782027375 6.033983740057778 0.43450759246155857 0.00015097856449080796
10 48 0.2220408111149825 5.9492358936311405 0.42172034363687394 8.963898171746517e-05
10 49 0.19308895592477207 17.25569018150086 0.24320014294629577 8.013378661777938e-05
10 50 0.13246591473745972 9.68205445800104 0.31265345197196764 6.562470477423641e-05
10 51 0.12449819487831268 15.189511445571632 0.3370015108052927 9.50694135440526e-05
10 52 0.12131310291274587 15.18950149878485 0.3224616972796367 0.00010281765210156825
10 53 0.10760956211725953 20.022579851743643 0.3023809470133647 8.85132541798044e-05
10 54 0.10133076005681851 11.573077632687056 0.28896160858777187 0.00011342763640377878
10 55 0.1260103318075769 12.878966456971138 0.4500318196970161 0.00014370679652908668
11 0 0.07447210389328052 25.550607540996417 0.4062803709528066 9.745194889458845e-05
11 1 0.14923688873203605 23.0139622932168 0.3048766501719987 0.00010186440757004283
11 2 0.1295800532497978 19.29452239460862 0.4408070649211032 9.721517121597495e-05
11 3 0.05201352832518805 19.145898760653658 0.32526042590920656 9.280443199409635e-05
11 4 0.06108282798490768 20.69759740893052 0.24400008717723923 9.971857055946682e-05
11 5 0.10204684598165456 16.766077307339593 0.3688078961637121 9.959935672167491e-05
11 6 0.11328511593237443 20.804965962131405 0.32330441390000486 9.936093911470355e-05
11 7 0.15159343404372927 31.86058335616248 0.3400595847322324 6.407499585363359e-05
11 8 0.07767932997923306 14.341752481468138 0.8771598802021476 0.00010281800396964712
11 9 0.1480565354288703 17.457049647481362 0.11282077931726922 4.180617946151776e-05
11 10 0.16994934833515457 25.148665803916998 0.36188234602999153 0.0001025795963419985
11 11 0.1085210675097325 15.37152330478304 0.4589411254723128 0.00010448085506968504
11 12 0.11910093511713478 21.763445827955316 0.40771412848253763 8.600945656068239e-05
11 13 0.14079211523716423 16.768950237987085 0.3007505743691289 9.050835119856507e-05
11 14 0.12403921984552013 12.721189479510397 0.2574386196332387 8.577032153859234e-05
11 15 0.11786990143804744 23.05727406307541 0.3125577784303972 8.982816709331338e-05
11 16 0.12407230171776762 21.555222018879917 0.27369811671956823 0.00010091067639817825
11 17 0.11239718956813197 20.262460057497186 0.3585575826787675 6.765135282706347e-05
11 18 0.12572550239577027 21.893983232857728 0.16566743967208175 9.888411183326217e-05
11 19 0.07849105009261718 23.05733318458863 0.2583806661233716 0.00011276233377318533
11 20 0.07547466266671049 15.08487767945466 0.30062771821985923 0.00011831521953941534
11 21 0.1359388027778634 13.974145099288663 0.3159766795066906 8.753510240140045e-05
11 22 0.14097993691028682 21.105217341541852 0.3087415060151738 9.113476512986636e-05
11 23 0.11896516936155342 19.514097446786348 0.2640465628024551 9.697675654103773e-05
11 24 0.11619392029754566 21.63389307888074 0.23503513617864555 8.70824045415215e-05
11 25 0.18771912703418425 12.150729880735803 0.43183435292937555 7.396937123382155e-05
11 26 0.15833458430794004 14.102586108389778 0.34683215481665697 9.888418003776037e-05
11 27 0.1709362746656301 -29.57208542814845 0.9906776980938734 -9.176124626550982e-05
11 28 0.22412990688296236 -167.56275403444477 1.5265422912515816 7.778406016367795e-05
11 29 0.1594874398467805 12.105793605374 -1.0315981569509587 -0.00014570355410373052
11 30 0.18302512193482892 -131.4073168700512 -1.2178552971519845 0.0005059835513875083
11 31 0.17486999583580928 44.86992792555607 1.1311077726238166 -9.217858313452902e-05
11 32 0.14726190111258924 33.18448796102898 -0.025343590128671937 7.633354703572292e-05
11 33 0.044084232491417574 13.043779047499745 0.46773325249018205 0.00014358758869619518
11 34 0.09086441161215221 20.824707474959183 0.5109028523648318 4.285578843154909e-05
11 35 0.11050700568229938 13.973652158642409 0.3556233268064921 9.030113497405213e-05
11 36 0.11032367410323789 6.5278287071567895 0.48932791419301025 9.129394986870883e-05
11 37 0.06804019883921805 30.248726284403276 1.4248686374383088 8.374453711747587e-05
11 38 0.11740562827176523 2.2638878037962717 0.48252668884471595 -0.00015327409482462833
11 39 0.15129710160961823 73.03514891511051 -3.9218487200212695 0.0009570709835764804
11 40 0.16904046918158883 21.152385468447605 0.3106768331730848 9.400042087347811e-05
11 41 0.2513894111398153 21.659927899080962 0.3114131793839994 9.100162822818007e-05
11 42 0.3927824850943179 14.418230629326658 0.5528660007533155 0.00011187791290747227
11 43 0.2355971442888763 10.1357974541067 1.542774696798911 -0.00022849264450143178
11 44 0.27505328774597804 -88.21968969028825 1.7989319814689018 -0.0017089543584172025
11 45 0.13010504432530265 178.92617417746123 -0.8613178098293897 -0.00013658404344859773
11 46 0.20999465884699658 15.864765900683256 2.4775554579891637 -0.0006577061669535726
11 47 0.17745573967098985 4.012704154391562 1.228890612514299 0.00035448814145497525
11 48 0.18148299784039068 40.705506533378184 1.6661780302124074 -8.86018345576688e-05
11 49 0.1407141112594469 44.018559967307425 2.3678186834473935 0.000244350859647685
11 50 0.10032275546161445 283.66017314974624 -0.5893067079874816 -0.0001782476895605048
11 51 0.10287732311286579 18.754370423589076 1.8699811918533293 8.469800492404232e-05
11 52 0.09318443661269926 17.705927200725057 0.3015937135123068 9.125471150912316e-05
11 53 0.08981177228068507 15.258062590962474 0.3293382685459034 8.946657181034701e-05
11 54 0.08311746880039811 24.454761122400694 0.33776263814881546 9.162603375416894e-05
11 55 0.08758057722024207 16.346010930428818 0.17968439284673426 0.00012176998161389467
12 0 0.08414475964576743 28.345605362803404 0.30940827087957534 0.00010496377854998966
12 1 0.15995283183016887 21.91623250703728 0.35994285062552706 0.0001167658144825276
12 2 0.1461430784533227 36.053997201063304 0.18114162251217553 1.7567801662296475e-05
12 3 0.05338239773237037 17.28244681733379 0.1517345268990194 0.0001505017097544014
12 4 0.06311980786112495 17.665534104896885 0.47839154907801107 0.00012069939671674666
12 5 0.11373254528674445 20.502173246929353 0.3911020136489296 7.925517143494667e-05
12 6 0.13261408322447565 20.36884079030947 0.3494361827332535 0.00012904460528567546
12 7 0.1586930325222319 25.095736722880975 0.44282178086131013 0.00011008984983731128
12 8 0.09058607450745931 8.676059123690905 0.4084195661403168 9.065866436252867e-05
12 9 0.1653678192941284 17.70607157040081 0.4279348622737112 0.00010567902944854387
12 10 0.1921513820954017 19.553437197995486 0.4098900217875143 0.0001658787517264084
12 11 0.12190276618830917 31.403031176510602 0.3882716045389677 9.697673446826797e-05
12 12 0.12987758617366024 22.301361336572445 0.37261666809222105 9.840726841692297e-05
12 13 0.17470148878415015 16.68689716564092 0.272716525410887 0.00010281801153106207
12 14 0.16539225668966262 17.57271401243975 0.21399598921902924 8.434054956076359e-05
12 15 0.10974999856246986 19.795161616070523 0.31055487699153694 9.175138291161485e-05
12 16 0.11497494676580866 9.973388409221679 0.36840792117650933 9.394838965899618e-05
12 17 0.14394514056638102 21.2776929282347 0.30346998206505393 9.065889369813595e-05
12 18 0.158242259426713 19.08823424707657 0.3097794019021114 9.168559190318292e-05
12 19 0.08788096242344488 23.33009317608122 0.34385366180668986 0.00010556057710249582
12 20 0.07952173301311655 22.623209361459686 0.3133892765765182 8.124415794899691e-05
12 21 0.16249565814415132 17.000607312402273 0.30253691007232697 9.089708329977877e-05
12 22 0.16603065761083624 16.744732796440807 0.4949484760364347 5.7518432745573764e-05
12 23 0.10210280920659831 21.209238296389856 0.4051590259774777 0.00012626788871734104
12 24 0.11339000774490897 17.413355648816093 0.2827770990201271 9.876491718353687e-05
12 25 0.22516600792013114 27.572020541039457 0.35898438058270077 6.53908827617122e-05
12 26 0.2253057959596408 60.0928571446625 0.7003261011589201 9.159649839427265e-05
12 27 0.3086799962477391 7.884394353355731 0.33261226691980694 6.932021176335381e-05
12 28 0.47687823788170103 5.898730897678099 0.46486371674253474 9.292363433980431e-05
12 29 0.248501899466621 5.862866463412376 0.31234172765482676 6.157159887545263e-05
12 30 0.1969992185572093 6.362705149949426 1.8134210293413089 8.123869121921454e-05
12 31 0.32660213099732466 7.29960404866102 0.5925635065402016 9.030102633786302e-05
12 32 0.2038782429420095 15.64602892851677 0.31368382335777123 9.185080738992194e-05
12 33 0.06511328276778586 35.3487330307491 0.6782854312835007 0.00023037301013700424
12 34 0.07650856838247153 21.038998868052275 0.6681152719253427 0.00010877848394956667
12 35 0.11808090412506995 18.039172139854966 0.71852452106557 4.595517952419441e-05
12 36 0.13039376272041434 19.79529107335217 0.30998179267602166 8.987320180775638e-05
12 37 0.08892081281873082 21.98474928742887 0.3134681546792907 8.207560646466226e-05
12 38 0.15231560339684558 9.476968632591078 0.3744512539224935 0.00010126829175202416
12 39 0.16477394875323742 94.30162159594079 0.9189000852680194 0.0007243752259518043
12 40 0.14367124709514034 125.33625318015271 2.763098012773991 0.0003657306711122603
12 41 0.2732683185238694 5.655802159862589 2.236228804721849 8.326503403893866e-05
12 42 0.2898288854735305 251.42609779503465 0.35293531603298156 -0.00047704574273338694
12 43 0.23877523022950298 335.09538592101666 2.901461945143486 -0.0010385215263543335
12 44 0.26879956395131505 29.69271463265924 0.8097544844848441 -0.0003284512845445414
12 45 0.27311626569961567 15.691700110037925 0.390967225263004 8.767843247122171e-05
12 46 0.25848291720630995 38.88352781800202 2.525082404662303 -0.00030568458986191633
12 47 0.19976603527664435 7.069752107964128 2.02331591715635 9.330867455570037e-05
12 48 0.20639892414355288 160.06075114558723 0.9254461076815768 -1.9341706155086116e-05
12 49 0.16005162971819759 58.110897160531636 -5.1253661225857305 0.002057373603138952
12 50 0.18098536273214474 19.088312627037695 0.3103308464887694 0.00011211615844658094
12 51 0.13935923928537441 19.5157999665676 0.33080784830753385 9.50693468576893e-05
12 52 0.11031230191923702 18.38125882276224 0.6627438189433148 9.121611624606007e-07
12 53 0.11399599775493965 10.07105122889531 0.3386555090840627 8.851289779325801e-05
12 54 0.08775962152042321 39.05715139257339 1.93227653138916 0.00018244979020357602
12 55 0.10242890814014818 21.209065626973015 0.33797419834719955 0.0001490647764800817
13 0 0.09006193739242194 21.317355268456062 0.2970850337928924 9.49501980766056e-05
13 1 0.15294239687383798 21.456985052388806 0.25594557631615855 0.00012199932390984824
13 2 0.16550892229187092 16.54416950128808 0.2826440233847886 6.199809554754405e-05
13 3 0.06576478523023055 19.562248208611933 0.28823537974873165 9.036689319044376e-05
13 4 0.06696731728706075 19.075413761356213 0.3528203404579354 9.018182754660288e-05
13 5 0.12184349981304897 16.58600632735451 0.30579361253905735 0.0001018643461292081
13 6 0.13570685288292902 15.194015352974116 -0.24491121996591225 0.00011068582386777075
13 7 0.18848868365866178 17.53545828172885 0.31007888987198284 0.00012034177776458968
13 8 0.08690607677023565 19.368858307143 0.3264489555600882 8.863210739780511e-05
13 9 0.16225899477018774 21.26895031455709 0.33023194196650996 9.387733205314249e-05
13 10 0.17284094238912256 17.880805780782943 0.3307579549561326 0.00011220886929156812
13 11 0.1444358615287494 47.42430071691271 0.2151740257201536 0.00012219210864778415
13 12 0.14866728824893888 22.41871191992488 0.27556209880533045 0.00015479326617793643
13 13 0.16018897546878327 15.360595838199673 0.13396639197319005 8.732077492956049e-05
13 14 0.1499154186333937 16.802425076690966 0.3501477790597024 4.2974956020286054e-05
13 15 0.09530509540940667 20.026509880908133 0.2835779346126599 9.019917536284863e-05
13 16 0.09955361606721241 19.311236976427185 0.30433860433522575 8.80339187823757e-05
13 17 0.1345782207910969 20.74175315522283 -0.22818805698842803 8.4495348318526e-05
13 18 0.16546288426052605 16.45026634943546 0.3339967200677807 0.00011211639847930323
13 19 0.10105112197559121 20.17553917092833 0.3115956927297881 0.00011664628978404006
13 20 0.08272684198843278 19.31121037081717 0.28554812755025183 0.00010257305709939716
13 21 0.18265510976124405 14.657212978704573 0.3316955791988017 7.396936414098089e-05
13 22 0.1908231493592072 16.371084642756585 0.32840630274480476 9.960540520437998e-05
13 23 0.11412967590000575 16.69010226309883 0.34230816732607894 9.304274820865404e-05
13 24 0.1024223925075868 17.94577212800064 0.4010550858618952 3.927945902825057e-05
13 25 0.30175918403950014 16.413621121743255 0.32506800651674467 9.006269889264087e-05
13 26 0.2923920233398748 20.74167415076191 0.35883603687578447 9.153727103512941e-05
13 27 0.33911262283502297 16.786535893463608 0.291183237988887 9.077934271717602e-05
13 28 0.5374383956977691 15.735098361850056 0.27422224565105024 7.385412757803147e-05
13 29 0.32040624454077704 19.311243592241105 0.5551876364892381 9.111891990869276e-05
13 30 0.32960527966329906 17.165514770738707 0.3841174987195333 0.000108182445458615
13 31 0.35652596939102443 15.50196031223583 0.575012058397945 0.00011211633629137807
13 32 0.22348711180904568 17.26921935468043 0.34441869753743476 9.018182747983243e-05
13 33 0.115002320603959 17.555707793498648 0.23467485437499913 8.052587564388536e-05
13 34 0.10761655278344798 21.357401431190098 0.3040842995500632 9.387731565486009e-05
13 35 0.14132076791248302 20.696463399149955 0.3157339900836236 9.232759585957036e-05
13 36 0.16100330964140638 17.209590637686308 0.3488831498985311 9.292392738639008e-05
13 37 0.14006007089622605 21.456912744487177 0.3037474406430529 9.363901670975848e-05
13 38 0.21099496385245714 14.53342667095686 0.4155269339684564 5.334615725454303e-05
13 39 0.23466558982782898 16.80831687731805 0.3787308770981781 9.292364120563217e-05
13 40 0.22689866520211638 15.996213872698192 0.3414168785114619 7.647297174352542e-05
13 41 0.4508897295726155 13.734951661476774 0.40492373827734673 7.833056699164612e-05
13 42 0.6761853428702715 22.172154302580296 0.31701548043879146 9.077795289864064e-05
13 43 0.4363765222051476 13.091221172150954 0.2691531635726504 0.00010246027677993207
13 44 0.5223251621469143 10.96429306116033 0.434499274407915 8.469822259901742e-05
13 45 0.23039823349048588 22.20088406777615 1.3127319575942926 -0.0002914369894696368
13 46 0.43845912156779676 17.880821978927823 0.32538430016661163 8.794082538993888e-05
13 47 0.288213205825511 15.077617678299047 0.3702890173249721 7.790327012553022e-05
13 48 0.2988241347059916 15.264240903218337 0.5848021577384385 0.00010353323526539812
13 49 0.20184268533602862 33.064988846360976 -0.4831173511076916 0.0001475374280536543
13 50 0.22782943404018338 13.87997056532007 0.3332821570131712 8.803606033425645e-05
13 51 0.14005044085043827 12.550633981054585 0.2564971936106547 -1.624227564415937e-05
13 52 0.1248793596252831 19.302771537595625 0.30207482814976677 9.149312545076056e-05
13 53 0.11504841547281563 14.382551302879087 0.5784630974618272 -2.619008861331156e-05
13 54 0.13254724153649225 19.311245906715683 0.28665574668071503 9.268573703444548e-05
13 55 0.1303173699885797 22.887453119957925 0.3110001327688652 8.965351417841022e-05
14 0 0.2477365529856025 23.96165801551288 0.3617098995178082 9.125476005490281e-05
14 1 0.5361280147624007 21.135413139081635 0.3005921351317352 8.803606576976439e-05
14 2 0.6606024136800639 19.59600632941115 0.48719012656821414 0.0003167986817897855
14 3 0.32550701886547195 24.71935021189813 0.1975061527877954 -0.00016121393636081213
14 4 0.23259650757374783 24.731810246371708 0.2403191431279158 6.896257466630193e-05
14 5 0.5218599917223914 41.96233292388179 0.3110387191728944 7.534825472165082e-05
14 6 0.4353846247791348 26.9522361974131 0.30712963478449884 8.68439679971432e-05
14 7 0.342241886574644 22.173356521487907 0.2917771394677199 0.0001038907120517295
14 8 0.33373345663266185 23.7996799498922 0.13328399693626564 0.0001478791236325155
14 9 0.7322220815447267 35.999121983553295 0.07368757483259267 -2.2322563098596364e-05
14 10 0.7776160242772037 71.75800179711554 -0.26966718162943487 4.535913382445288e-05
14 11 0.5446042654418207 61.496434232151756 0.0541643820851716 0.0003203357390461018
14 12 0.7569414223264259 9.437791441022384 0.17009549068438892 0.00021511316391420064
14 13 0.7122844906752803 18.26067992617868 0.2940400006181795 8.898973578474281e-05
14 14 0.8098891359553219 38.14933097508573 -0.7182844534862294 0.00014990566475312254
14 15 0.43791721015678564 44.132761833895415 0.34042052212178053 7.865837426129497e-05
14 16 0.5486927847037343 44.1327473745324 0.291943831869691 9.787102554889449e-05
14 17 0.6907746349064907 35.812131809683606 -0.03919847915662937 0.0001379847524704885
14 18 0.9973575009014631 13.988915871519875 0.39717551876833646 0.0001627689312635805
14 19 0.5723998705409098 25.164451663176287 0.3570321669970674 0.00015956168465833958
14 20 0.3582111997399452 23.986741466392836 -1.2685610667635911 -2.4765725738930416e-05
14 21 0.9308370082768113 17.142502195876787 0.4681132152673185 0.00015217067349942033
14 22 0.7594479479308649 54.98507569217523 -0.02320840666267117 0.00017349130728562003
14 23 0.6454589238686447 37.038424461486215 0.37961499977376884 5.751844109433963e-05
14 24 0.7404463176416736 10.406397394291226 0.3892946030093659 4.225969258416609e-05
14 25 0.670216577059426 25.322065641165395 0.19978940242622853 0.00012117631889904005
14 26 0.9692991688654137 36.897548048252546 0.27860890911474245 0.00016170686997083692
14 27 0.758300771138268 46.30313748064573 0.2812462443898811 3.856412317075307e-05
14 28 0.8758263626197169 14.97990846196293 0.7099732528700735 0.0001842375344539031
14 29 0.8044774689813754 61.49653983862269 0.6592626206736134 0.00011478932264224098
14 30 1.187181602666306 -33.144761230364715 0.014130902325004769 1.8842835237847242e-05
14 31 0.582309472621154 34.727462826747725 0.009228864347877789 0.00010431331311236159
14 32 0.5812638744649233 38.18988252463236 0.554829435235046 -7.659167992641222e-06
14 33 0.734671434783084 20.868768777508343 0.2494183191131931 0.00013560056769873732
14 34 0.6113732791838491 90.436013513304 -0.3406719040985975 3.296137645832564e-05
14 35 0.5861318386299709 49.92068853660265 -0.49533832022772795 2.5691874692674473e-05
14 36 0.5494809588189082 47.3547905458468 0.27582397059236713 0.00010329484922891773
14 37 1.1787968607343609 1.9488458819815562 0.13753619381027077 0.0001435875880135529
14 38 0.9628493750587386 60.77306071711929 0.44591966766511765 0.00012022259226014746
14 39 0.8873010869829159 39.577948573998086 -0.001356729831037033 0.00010457239232761105
14 40 0.6908884964947962 51.91759919447158 0.7747783798511587 -2.1666288788091377e-05
14 41 1.2427306371841762 41.86941356195861 0.3276149179893052 9.550174108350808e-05
14 42 3.348220892036835 22.547137294297194 0.3457972001938067 9.423731207770017e-05
14 43 0.8701748879486527 33.855754282644966 1.709521909349783 -0.0003105724738351345
14 44 1.1335195252616952 3.103874959830221 -0.1935960029142172 0.00013428926479764144
14 45 1.2634754367115062 102.73531079402375 -0.6063107378384984 0.00016957520199191946
14 46 1.2218597458900013 8.697583112636185 0.8632358400813039 0.00029891731600694544
14 47 0.7648216241766421 73.79579160519751 0.31289520450472075 0.0002422469858699093
14 48 0.8145165911365765 91.15950984214982 0.4828616201199108 0.0003118036402985129
14 49 1.5351983145826713 175.80776363892585 -0.2267497302449525 0.00022179085148213274
14 50 1.1345473314326762 13.857204887041933 -0.03625775912063653 0.00025576353066057527
14 51 0.6539030129798069 47.45683024871026 0.20005286589098423 1.972913776412738e-05
14 52 0.5833956539932078 11.73392856404611 0.44583449553142995 0.00011179156652508027
14 53 1.205350186873212 159.54892766881335 -1.0982542927465824 -0.0001517832277981164
14 54 1.0200395189159566 201.92196191138908 1.1726905379633386 -0.0002793371677825028
14 55 0.6963428432106702 62.807830352632436 0.45277801979134247 0.0005561707660077741
15 0 0.2886092206394238 24.237454644497 0.3620644093717734 8.589029310609311e-05
15 1 0.5743376831563225 22.683743682586286 0.30033665783969427 9.483108344672075e-05
15 2 0.6682264533359172 23.389749004085857 0.3165848428490399 0.00010353326714279885
15 3 0.40139586313909187 22.17206309556034 0.04647760244669895 9.674945374048027e-05
15 4 0.28772635442238464 23.539920925054204 0.29061888162101424 9.173154709638093e-05
15 5 0.5408640244376466 22.88557397793871 0.2916968376069874 8.970498154660297e-05
15 6 0.42534157581965915 23.415482344809945 0.3072534579250066 9.461375298370979e-05
15 7 0.3646434571942229 23.422368740210587 0.2585312009123055 0.00010281801105349386
15 8 0.34594541847635785 22.63473507023209 0.27558030572385034 9.328126904855064e-05
15 9 0.5062035974223368 24.14721482190653 0.7149259802152894 1.0492947805189852e-07
15 10 0.5539391094716692 22.394903910601546 -0.19781040956488394 0.0002676844641703546
15 11 0.36337723140742184 20.68393815666754 -1.4953001618216062 -0.0004404030179025796
15 12 0.3713293704252752 23.459568886834553 -0.19986259747854834 -0.00020333725516447123
15 13 0.5315143847788417 23.415477921106046 0.29794005267642343 9.76923717074718e-05
15 14 0.5861744631747565 23.415461428856517 0.2835350031934167 9.840827222025675e-05
15 15 0.4804483753128232 22.857169393688736 0.4221903681282334 0.00011712312645724654
15 16 0.5303541170211984 30.001083105189146 0.3706551574053387 8.692763924528584e-05
15 17 0.4581758794350646 25.117917889585804 0.9280351452065421 -6.007885509788294e-06
15 18 0.5688306216890588 22.68374712310997 0.31489341739497556 9.493736858475456e-05
15 19 0.3399498757870327 22.25736341965623 0.5734200956691041 9.661912918942396e-05
15 20 0.3481232975385401 22.68368171309659 0.27678313868334553 0.00011497737267042647
15 21 0.6382203049614764 22.6837022098179 0.3208185938962782 9.629122798808168e-05
15 22 0.7183890496867371 22.308683272928874 0.32588720566543666 0.00010210275240876175
15 23 0.5659734492898918 27.80582924478118 0.39606022012233233 8.972520610215097e-05
15 24 0.5839314749302102 32.19623198522339 0.579875581533513 5.2521705672783914e-05
15 25 0.8587960363081967 22.683660348820197 0.35537000339320035 9.423492434556825e-05
15 26 1.0333163772210263 21.224277110757633 0.3113964868909421 0.00010651352435323125
15 27 0.9680395688581801 23.3652634023917 0.3481075759388451 9.876489628285565e-05
15 28 0.9837137561546461 22.04643165415576 0.3680516469326708 9.137392055806213e-05
15 29 0.889112455080056 20.95843376966279 0.31448969074277355 9.137392045668028e-05
15 30 1.01508606381658 22.68368318169189 0.7336799323908139 2.9975853534856417e-05
15 31 0.7263441492355417 22.434051632427078 0.31757984722810706 9.638514742544051e-05
15 32 0.6150676184516997 23.39754124829295 0.3062748870989092 0.00011032677089977446
15 33 0.5652336688584743 21.951996964892302 0.31180071291281186 9.042056265766017e-05
15 34 0.4750690555365177 23.01615199854036 0.2649305348709079 9.506940839655002e-05
15 35 0.475363362411177 24.147048121704827 0.31905084807214557 9.351966796416859e-05
15 36 0.5261218167021111 24.147182042723195 0.3052721138374712 8.779597533535864e-05
15 37 1.0928328042623234 20.488518950743362 0.2988498475216647 0.00011175845281246333
15 38 0.9771181248762381 21.35700445082063 0.3103810101439063 8.31484796035152e-05
15 39 0.824648190226839 22.399278933224174 0.31149914836270864 9.661912954119952e-05
15 40 0.8750179331927855 24.147155229614878 0.30320557621637123 9.435178615998719e-05
15 41 1.563123426490785 21.22027155389634 0.35763458035598217 8.553264679689873e-05
15 42 1.7897488944887356 19.220341321611677 0.31761793742571853 6.791071506713499e-05
15 43 1.116038548411547 21.8474904218518 0.3270645575052179 9.876489620780148e-05
15 44 1.4686150280618593 22.570205284630234 0.3153718214268495 9.113579249397951e-05
15 45 1.6634140496778749 17.009257692678382 0.2787501599558778 8.551906998286392e-05
15 46 1.6602782147670982 18.293248743114916 0.3397033856858358 9.804958362365197e-05
15 47 0.820476970332136 23.794387772809056 -0.18625775714773077 0.00013715028760555005
15 48 1.0347760155035943 21.65054928241148 0.3141529120280304 8.898973496010592e-05
15 49 1.813513156174428 19.013090793598067 0.34508307682016587 0.00010353324329409395
15 50 1.2931887201718197 20.488407144141398 0.31998652749564477 9.571996692701728e-05
15 51 0.7074575035891824 23.41494213916821 0.29696116786809107 9.244679161647651e-05
15 52 0.6341676895368127 23.415405451899137 0.30285670897429356 8.934734711157113e-05
15 53 1.0964456594417218 21.220278795413435 0.33915736336569324 9.014497144373156e-05
15 54 1.0090956601369994 21.220253012071815 0.3043894087254546 8.899264244354655e-05
15 55 0.6497324258030198 20.69484181628436 0.31059915445688047 9.292364121000991e-05
16 0 2.4111241909821572 28.85918384897234 0.2868553550479711 9.886431914550987e-05
16 1 2.3862349505186096 15.980100597956557 0.40882215751018625 7.659196921872683e-05
16 2 1.6204767437966137 40.12215420515173 1.461560291012379 0.0020321014176897436
16 3 1.1801426427022204 26.029408815717417 -0.33933855034073945 -1.561978316595616e-05
16 4 1.0945377272160783 39.958907790782916 0.3665507348779941 5.540843992614879e-05
16 5 1.6550937972048798 37.091331645793815 1.31211619236012 0.00013947711986009022
16 6 1.4067515676756552 33.04442056678646 0.7793187149494467 0.00011271238360617324
16 7 1.440236795459469 30.338974767176772 0.107876255109274 0.00014394517221554985
16 8 1.300457984736542 14.930783021846914 -0.0827087377371076 0.0004342203618419686
16 9 2.1552467115826643 26.636710593503935 0.34924938956673357 0.0001297644153177671
16 10 1.7873572563095872 25.899208189106204 -1.0638577348047662 0.0006434707982340035
16 11 1.6287099974948391 18.136829058567642 0.37193903295232117 8.839343451958693e-05
16 12 1.9243310391416322 33.29901273488004 -0.40044407722222186 7.75823646821398e-05
16 13 2.031173399338483 38.478860928385075 0.3086729448970077 7.902321327006969e-05
16 14 3.52705208033786 28.11922950698741 0.8146802248941422 0.00014608353505836538
16 15 4.7976291507711535 26.960678666513004 0.21476720413475897 0.00010627508171884211
16 16 2.2436859848210746 252.33317812554304 -0.750946190502076 -0.00047698564276048164
16 17 1.6680592058747163 33.58371176528798 0.6128515124170801 0.00011545419650104763
16 18 2.020144825810103 34.39732147725286 0.8110550245216106 -0.0002503237387279402
16 19 1.4851879264214434 24.784042071154282 0.5132073950850855 -5.348121648520408e-07
16 20 1.6915010431306874 61.52880849873286 2.162946029115713 0.0002751946461942861
16 21 2.8063637694905306 53.27853547517411 0.2617724804311983 0.00027626878086854
16 22 2.5208496720308626 14.227317273821548 -0.3424987699248817 0.00021260979022975793
16 23 6.756162292590637 51.50015294658601 0.553459810320435 7.051229465890816e-05
16 24 2.7151055970133924 15.53957051444198 1.1376780680936258 9.006280044996794e-05
16 25 2.9379899077323195 9.823226480211774 0.3103991122677735 5.7756900612684365e-05
16 26 2.628430091644297 80.65773937372796 -0.11478080173700556 0.00013724230865038226
16 27 7.497114286038784 20.80349653042653 0.30655067442515416 9.396751203454689e-05
16 28 6.138793784917253 21.22708681251747 0.33445413440809724 9.435402540952581e-05
16 29 1.6725548607535305 23.265360030713047 -0.9584278381915134 0.0004549735274549972
16 30 2.8519340476133928 28.11921837089166 1.4366428133850864 -8.989313668220252e-05
16 31 4.601081774413899 24.475273951656334 0.3811545245345451 0.00013496757235935191
16 32 2.0293096559092816 109.51373794482748 2.2377202758631376 -7.827597626136502e-05
16 33 1.3396848441053035 24.9102633120353 0.5301566234033249 8.875130087162235e-05
16 34 1.2117276289935883 14.456586063757339 0.40914671657785806 -0.00042375921932835366
16 35 1.0044662865143403 51.05854658898521 0.6566548528523303 -4.282594833380193e-05
16 36 1.374910263666392 33.197943137736054 -0.1086925642859603 0.0001810193060426103
16 37 2.325964757858515 83.61765049146794 -0.5471798978141854 0.00036077307876013133
16 38 1.5377748345387712 65.11816243076535 -0.17401917958290386 -0.00024250144828532753
16 39 1.5384444049079904 39.50342040927238 -0.010401045680222806 -0.0002575760066700044
16 40 3.0948475543036515 14.509587294407709 0.8675976851167181 -2.428889281451707e-05
16 41 2.524360068652694 63.36132210206284 0.848971037259368 1.8656253823867e-05
16 42 7.256613667998935 20.336772257046093 0.35499599546668664 9.185074760096419e-05
16 43 9.97010386470549 5.26669535732611 0.29686417846820023 0.00013333559036404606
16 44 17.007808566266284 21.545827798126712 0.29701982207220134 8.887086656982063e-05
16 45 2.3978316486508753 28.402350541618326 0.1675669240709951 0.0002719762067071055
16 46 3.374359188900227 -1.3111864476093338 0.40752500154459925 5.775690076674664e-05
16 47 7.083591771587305 19.60093835021726 0.2874241584312447 0.00013058439599002126
16 48 12.239132999684443 20.26335885112468 0.42507076538213573 0.00010043272404125889
16 49 2.7717441001436995 54.62529673704681 -0.7401581398457044 -0.0008914150079754009
16 50 3.6142840105524403 38.47894764705575 0.4328700330624705 6.324050263919651e-05
16 51 1.124038298318199 34.590304151943855 0.3369850622060383 -0.0001417695777862838
16 52 1.401121961555612 36.38769801421431 0.533571326668045 0.0005027651785173708
16 53 1.803561474572369 51.05852074577603 0.803831171292971 0.00022985534784820423
16 54 2.723042399604083 21.435538214031755 0.3143412663081016 9.090063881665277e-05
16 55 1.8681440322265739 79.17781135597096 0.10501481651903584 0.0005629669611794676
17 0 2.8065119389604427 34.41782847029991 0.4345572891721974 9.864559536308056e-05
17 1 13.125590266619753 58.408875229556045 1.8280289319530016 -0.00022259353112656698
17 2 4.270528901020078 28.508189258281433 0.9957648714305634 0.00010019540520010186
17 3 2.791820990882238 30.676780623452164 0.22459361462211858 3.0499731881053497e-05
17 4 1.5198881293691837 27.222630982919345 0.38152044676626595 8.529424638636155e-05
17 5 3.3965341095839063 28.432097265084664 0.32517596040087415 4.537370503355925e-05
17 6 2.3120797600535963 26.935672256080302 0.3161512291963894 9.942750376694536e-05
17 7 1.7582798768507837 26.685017585661313 0.4561959691529338 4.814813687217241e-05
17 8 2.9082111255912046 27.869181904000865 0.27817772879352143 6.955861483920417e-05
17 9 4.332805904910979 35.165936852262284 0.35332077372681525 9.041860936782358e-05
17 10 3.888230941673923 19.598076298512296 0.8240423955275116 5.465745930273387e-05
17 11 2.8912422171346606 26.559374401473278 -0.20299943741508164 0.00012725591651933466
17 12 2.4869613070743304 24.090297994150646 0.3226944398748667 0.00013750791301079393
17 13 4.987667995286158 23.5174543660208 0.2920272781564769 0.00011199704860122633
17 14 4.6222054319099 54.619593028180326 2.2168546795219752 0.0005596281245983962
17 15 4.177030066928612 45.64097925553699 1.9081876507442193 -8.845666201643345e-05
17 16 5.537554934180886 26.062189160625525 0.3666703330779063 9.08970833300044e-05
17 17 4.065347967126995 59.10877187561309 2.2379896162902817 -2.363295969170133e-05
17 18 4.033335366394805 21.764012667689656 0.40621877642709814 7.647716709857755e-05
17 19 3.7945237145614428 24.691040455593857 -0.6996920024183071 0.00017341533494703314
17 20 3.596387747998463 22.487340517329734 0.31273220501193993 9.6499921075982e-05
17 21 4.4339087440130704 20.9315805505222 0.3188447271808593 9.852659999934362e-05
17 22 4.390072555269352 33.66963763112264 0.6283912143218595 0.00014626628487986607
17 23 3.9741424129354215 27.836707954717657 1.1986622102699174 6.191387782224648e-05
17 24 4.275587949141451 22.936490906900058 1.3617243217824007 0.0004338623176733372
17 25 3.15990722199965 25.19188506127444 0.39955510809106276 7.396934020128614e-05
17 26 4.634695744729827 23.604591282060788 0.3735411245522423 6.623186830991809e-05
17 27 6.05178207668591 22.459292736915557 0.3394922971879602 8.362647161400176e-05
17 28 8.066018659006586 41.899990133955114 0.32784719087095093 7.732097259224684e-05
17 29 3.93771506800646 29.242526665017678 -0.4070638896134916 0.00013107082618393236
17 30 6.4743393901039905 40.40347952671553 0.48082400552819743 7.826088645100262e-05
17 31 3.701558664031923 19.159895903125488 0.5008408299437848 0.00011366605726864364
17 32 3.932144982978534 26.94032853144726 0.8507968198610709 3.7491319797571844e-05
17 33 2.041113988315804 40.40349172256106 1.8929601388078217 -7.96018090461693e-05
17 34 1.7198015488445584 26.43473833724834 0.31369761514109096 9.995699218224672e-05
17 35 14.500535572845312 33.66962063329648 0.4097156635457828 0.00014550685922667332
17 36 3.0784482543200204 23.486971846505966 0.4307347209361836 0.00011140108109706723
17 37 4.252020156531341 29.928518794560603 0.300368769660226 7.542235751030491e-05
17 38 3.775005614221361 30.67677885540172 0.3659559999570585 7.325144756466657e-05
17 39 4.684152459447696 27.80657261060845 -0.12952229305790552 0.00012570670566278011
17 40 11.121028200258356 24.41184606515432 0.5036757855803393 0.0001702907209237856
17 41 4.778007914898235 29.18027967829883 0.5112496767348661 8.183605246658339e-05
17 42 94.86184346229832 19.665692261773493 0.3310859499716663 8.725338889473586e-05
17 43 5.831015343362401 50.878549149218365 -0.07916758911189656 0.0002737643340216296
17 44 5.676117546854097 32.47608494559606 0.9341482334450641 -2.0891393296204456e-05
17 45 4.409528964704989 21.218900424948963 -0.018600006463201018 9.943388852114992e-05
17 46 4.846894628867311 21.92683207220093 0.47344416355032226 0.0001267789936422212
17 47 5.417697827903702 23.182064307259402 0.3612568743517208 0.00010353313998887836
17 48 4.537078170847681 18.975386426437716 0.3057570927889246 9.462074681741982e-05
17 49 5.770956061391761 33.669614004124426 -0.00619812852566441 3.959004225319127e-05
17 50 3.773924338143966 21.724686389098423 0.32301609986889446 8.851270340624011e-05
17 51 2.398104097839911 27.609946650040378 0.4278051479308236 0.0002687572884902884
17 52 2.4520478412345357 30.107302311059918 1.2228843474321875 0.00024396181040280075
17 53 3.931306800938653 25.170196976507114 0.3757687240339641 9.053944954974893e-05
17 54 3.7636108847161083 31.36938927567067 -0.10015324684091803 -3.2454306092490626e-05
17 55 3.8608997610752707 24.089450177320224 0.3280333706718733 3.766177814002369e-05
18 0 0.8996910952001784 25.98580802306519 0.3246988303716436 0.00014573335704428666
18 1 1.5843686724376471 27.487351285862353 0.7003379850950414 0.0002234578137099371
18 2 1.6375718463125895 25.787566194157932 0.25083549892254775 9.828805763229136e-05
18 3 1.3043627029497835 27.23209170776412 0.3478219961131319 8.052789148920025e-05
18 4 0.9090395473361402 25.88187271037822 0.33069035597652185 0.00014692544977870154
18 5 1.3852596761100548 37.92232046659729 1.8811000194699268 -0.00035378336962640987
18 6 1.2443950475894043 27.231886664544607 0.1212680509379558 0.0001316661594982622
18 7 1.2856272440102687 25.971682824314207 0.0973862824254117 0.00010171474677158368
18 8 1.0578658436232247 26.05459880227788 0.36368308890796897 0.00013345480016832895
18 9 1.442863816202466 26.475641986500218 0.30646168615742864 0.0001250576234247248
18 10 1.511672674095959 27.232071482374202 0.35649892916947523 8.207781082997197e-05
18 11 1.6879275406822432 27.988520461058425 0.56604360214628 0.00018176436142223522
18 12 1.4718939318236235 27.988420750986208 0.2640954692875952 9.530844509696864e-05
18 13 1.8853441101138542 27.232013338315387 0.24258677216574198 8.975264865946614e-05
18 14 2.307532088717914 27.232060509825224 0.2763471634193914 8.017028061957406e-05
18 15 2.3535941397896734 25.71914804201255 0.1816081676853273 9.459256211968425e-05
18 16 2.195202959910445 28.102468864535865 0.8516223646155485 2.8014197356192e-06
18 17 1.5347408039568935 25.009975093356104 0.1518764104617532 0.0001443980180382578
18 18 2.1435543210450336 27.988217052456037 0.3519502262784174 8.827456212465894e-05
18 19 2.1038647243332056 24.67265125185606 -1.3387660479717631 0.0005787014241730163
18 20 1.4656998999662374 27.232078492054562 0.3302531246284306 0.00017124415992026605
18 21 2.248218141121221 27.026048808610312 0.2691251043453541 8.434057237414303e-05
18 22 2.34028057724865 28.744945485222022 0.8625563444009343 -1.1175837278655517e-05
18 23 1.856448293369868 42.360920030600155 2.0746387531253236 0.00024324767381359277
18 24 1.6768894079675165 25.029153368732047 0.2641664523170334 0.00011080503461729001
18 25 1.8677132343212972 26.965671868823716 0.18455788133130535 6.884336506585978e-05
18 26 2.8007853738551374 26.475601241748976 0.2937239736820918 8.565176575970666e-05
18 27 2.176601073998623 25.897616605239836 0.29316563069725887 9.268522265264557e-05
18 28 2.05677968045354 25.7755875338151 0.27767470105145353 0.00018912440415691848
18 29 2.185629629584518 26.218032724301004 0.28142263229038755 8.565187453891534e-05
18 30 2.2164096381825935 26.214797769002146 0.2710379913415296 8.481740951880104e-05
18 31 2.0463261166031823 27.231986594274773 0.40132269732245174 8.529386897327128e-05
18 32 1.6616571546648276 25.686497028517458 0.29945510181437907 8.255248405196361e-05
18 33 1.8576253728107324 25.098124687795618 0.46569523275563274 -9.980797752578891e-05
18 34 2.1426135302308156 29.501341621634943 0.340845444724091 3.333078764053399e-05
18 35 1.6309872357892665 25.298430181887184 0.4891376475921585 0.00017303228283506043
18 36 2.0079613533924094 29.74580914496736 1.264252911530428 0.0004773735994845415
18 37 3.6386464483414223 26.475587716580335 0.2454407069537275 7.134610767894618e-05
18 38 2.3692697809388985 27.44316857946173 0.026755151689147022 0.0001729130743447287
18 39 2.601004403139653 23.087903882874784 -6.32510282820051 5.298852668155585e-05
18 40 2.452418041068225 27.98848199432189 0.3756286975539306 7.600881391579958e-05
18 41 2.7743313908362888 25.822231657675527 -0.48050994414508086 6.061792304160632e-05
18 42 3.665030448276263 31.77076282990147 0.20567988601396064 5.901128835827485e-05
18 43 2.572822679637418 26.13712118641058 0.527465904755785 1.0315228413917868e-05
18 44 3.198878683132019 22.220196861374706 0.3009473817160576 1.6627905631406478e-05
18 45 2.873577181144033 26.75124463008921 0.7241647166107184 7.689012769269078e-06
18 46 3.4792517238036815 22.826222652548584 0.24565315316710623 3.761059947190063e-05
18 47 3.5101292227731893 26.475621257338396 0.2639429451073647 9.278167361627563e-05
18 48 2.921568110268293 23.065818890670073 0.30692295095031374 9.745359410327914e-05
18 49 3.884608262920554 22.97719561837507 0.5230971779415279 7.134677007602198e-05
18 50 3.595617880011088 25.490721038950056 0.24704967552377674 0.00010617240864100394
18 51 3.4882982602937247 24.144763192084827 0.34246472194676003 8.755922664733921e-05
18 52 3.3756676132796866 27.018326203317372 0.5684085276178775 0.000131428042500871
18 53 4.042182240793567 27.094346488979994 0.29377370942483083 6.896257340284435e-05
18 54 4.302785583658448 27.988538101742755 0.40556372467513213 9.125483794148157e-05
18 55 5.086704942903225 30.257876420405978 0.47174992345719263 0.00012539065767896128
19 0 1.9355512194694087 24.68082332224266 0.2933510977915061 0.00010448687623249192
19 1 2.824123054229961 24.484406203844415 0.28576087356901336 8.418054616702351e-05
19 2 3.3604345824548747 21.83020970602493 0.30653494522258196 9.018183077669636e-05
19 3 2.4984704259213633 22.760517709416916 0.28596932606157754 0.0001007914910239669
19 4 2.1725393819650365 22.3111454362594 0.32032722831126476 9.185074623213091e-05
19 5 3.431753939299094 22.016213370216715 0.34373114767409896 0.00020259618858247658
19 6 3.0758216666575557 22.29888742420261 0.2980298557200801 9.554627197858783e-05
19 7 2.6089747808194987 22.570615307613053 0.31054112004255774 0.00010186433687652217
19 8 2.880251372746228 22.184222683362606 0.30078303007921614 9.134250765394512e-05
19 9 3.3793538589145364 21.723747414182913 0.32116956961790966 9.280443222934537e-05
19 10 3.604408427233765 19.9713101076482 0.30999869661956914 0.00011867295842458937
19 11 4.126530685478791 24.112363176233234 0.3514816257033804 0.00010937452323244237
19 12 3.3689416306680613 21.70093865155126 0.3403836456386802 0.00010007619742007586
19 13 3.9990577185412697 24.46952901556876 0.3891508367099173 0.00011903957767004923
19 14 4.974056751664536 20.451723166836643 0.32302137474941417 9.411573387913704e-05
19 15 5.028374174984052 20.616520783941773 0.35320361208436324 8.179939099487877e-05
19 16 7.601985286437792 18.35214363938406 0.2554034942153228 0.0001005383877359885
19 17 4.462419675968189 36.85458036490529 2.057020280349131 0.00010307221081852334
19 18 4.865813132117866 18.80927209238307 0.35100921946846353 0.00014593255080486096
19 19 3.5012797166908767 20.05711708621563 0.3323883982254433 9.220838417629987e-05
19 20 3.375369839468416 22.649839928279548 0.30371600158627093 9.220838545915234e-05
19 21 5.487305138549505 19.214960728157727 0.3750892711398234 0.00011450052257874286
19 22 6.301676516448731 20.35682492809633 0.32434479362927915 0.00010936567548458108
19 23 6.1846599917001965 20.646145944936016 0.3415331155076835 9.530871694297096e-05
19 24 5.11589164589804 27.75589172227533 1.5394593088438757 -1.9272221823246124e-06
19 25 5.416315091521232 21.1353364231965 0.3349773594697082 9.235405040362355e-05
19 26 9.284418839610682 19.742216150545552 0.4413377305139857 0.00010448740950738959
19 27 8.377090792019043 22.159933790835666 0.27071494948734387 0.00011187784821262599
19 28 6.455862691757521 22.562949739380212 0.34310812443135025 0.00010257959385355038
19 29 5.289721121196661 26.763523848153483 -0.37086851963513257 0.00013988733903069723
19 30 6.852474652889351 18.569162080951465 0.3438418397237295 0.0001112926274053766
19 31 5.712264114206132 19.881441260052853 0.2735699183656042 8.730486482415312e-05
19 32 4.026720944933052 20.677777160756385 0.3436672383662206 9.065866460897874e-05
19 33 4.948722064259238 21.41084002768944 0.39297848546558056 9.31276029693743e-05
19 34 3.9339898962152264 19.319213973086327 0.411769191051678 5.739941174690718e-05
19 35 3.757902494461737 20.72535905211715 0.5165272188635024 1.8060185794616047e-05
19 36 5.113466573676506 17.6993990487473 0.29903548775311095 0.00010329484964611505
19 37 8.069355110788631 18.668063912625858 0.5186051830299877 8.509329417053893e-05
19 38 6.61998638828428 23.214275490161615 0.3837763585939902 0.00010746725840317313
19 39 7.096584294797598 20.64614039204377 0.21304806127143194 6.221847081881246e-05
19 40 7.138929623106806 19.11681589517518 0.3843987626457749 7.11455556988015e-05
19 41 70.01190122127392 21.0 0.3 9e-05
19 42 9.942690472758176 20.374300124756477 0.34183447794913624 8.543958003208162e-05
19 43 7.69517123846067 22.32571436147093 0.37736911864413814 7.36159206331728e-05
19 44 8.687460011885689 19.309870181589886 0.601310333634379 0.0002120137815047648
19 45 9.541026924544585 20.646135458984393 0.48209901746120964 8.388684481054162e-05
19 46 63.66921694429431 21.0 0.3 9e-05
19 47 5.675864535458504 18.05787719731383 0.4698795515901296 0.0001028180113699037
19 48 7.8303958721019455 20.635698244474113 0.37924447647578974 0.00010091059589552838
19 49 65.60938353404632 21.0 0.3 9e-05
19 50 9.203613321194153 19.207963779885198 0.3858158223487206 7.230043305138641e-05
19 51 6.680205889946557 17.609906211953145 -0.06833627679644357 0.00014173970741406677
19 52 8.062149481903148 18.6553154386662 0.39377886817869645 7.444618116637025e-05
19 53 8.123823705214111 18.6375930509018 0.38362064109267846 0.00013881921712757957
19 54 8.496652804454127 16.294398238554393 0.3115799810967813 0.00011783855938071665
19 55 52.18637356885236 13.24621843107186 0.46063534229113845 7.838010847827665e-05
