order obs chisq vsini limbdark rv
0 0 5221.0000933495185 26.387434003959815 0.22024586169672294 7.671118308644534e-05
0 1 5221.0000933495185 26.387434003959815 0.22024586169672294 7.671118308644534e-05
0 2 5616.132012157503 21.432665964190537 0.31228431323878264 9.924173051190599e-05
0 3 5616.132012157503 21.432665964190537 0.31228431323878264 9.924173051190599e-05
0 4 5616.132012157503 21.432665964190537 0.31228431323878264 9.924173051190599e-05
0 5 5616.132012157503 21.432665964190537 0.31228431323878264 9.924173051190599e-05
0 6 5616.132012157503 21.432665964190537 0.31228431323878264 9.924173051190599e-05
0 7 5616.132012157503 21.432665964190537 0.31228431323878264 9.924173051190599e-05
0 8 4836.210504574853 29.088609653409577 -0.05111372946750431 9.316205982520177e-05
0 9 4836.210504574853 29.088609653409577 -0.05111372946750431 9.316205982520177e-05
0 10 4836.210504574853 29.088609653409577 -0.05111372946750431 9.316205982520177e-05
0 11 4836.210504574853 29.088609653409577 -0.05111372946750431 9.316205982520177e-05
0 12 4836.210504574853 29.088609653409577 -0.05111372946750431 9.316205982520177e-05
0 13 4836.210504574853 29.088609653409577 -0.05111372946750431 9.316205982520177e-05
0 14 5173.384872788519 24.116662040245544 0.43932677624803546 9.518862168908445e-05
0 15 5173.384872788519 24.116662040245544 0.43932677624803546 9.518862168908445e-05
0 16 5173.384872788519 24.116662040245544 0.43932677624803546 9.518862168908445e-05
0 17 5173.384872788519 24.116662040245544 0.43932677624803546 9.518862168908445e-05
0 18 5173.384872788519 24.116662040245544 0.43932677624803546 9.518862168908445e-05
0 19 5140.941550369997 24.648291345690197 0.28612066395678304 0.00010436773298098096
0 20 5140.941550369997 24.648291345690197 0.28612066395678304 0.00010436773298098096
0 21 5140.941550369997 24.648291345690197 0.28612066395678304 0.00010436773298098096
0 22 5140.941550369997 24.648291345690197 0.28612066395678304 0.00010436773298098096
0 23 5140.941550369997 24.648291345690197 0.28612066395678304 0.00010436773298098096
0 24 5140.941550369997 24.648291345690197 0.28612066395678304 0.00010436773298098096
0 25 5183.98487162791 25.63793016130206 0.32707544481118994 5.2750110625059794e-05
0 26 5183.98487162791 25.63793016130206 0.32707544481118994 5.2750110625059794e-05
0 27 5183.98487162791 25.63793016130206 0.32707544481118994 5.2750110625059794e-05
0 28 5183.98487162791 25.63793016130206 0.32707544481118994 5.2750110625059794e-05
0 29 5183.98487162791 25.63793016130206 0.32707544481118994 5.2750110625059794e-05
0 30 5060.260495635377 28.88163537371084 0.29793172802438866 8.529424723776116e-05
0 31 5060.260495635377 28.88163537371084 0.29793172802438866 8.529424723776116e-05
0 32 5060.260495635377 28.88163537371084 0.29793172802438866 8.529424723776116e-05
0 33 5060.260495635377 28.88163537371084 0.29793172802438866 8.529424723776116e-05
0 34 5269.637907574332 26.905100670975706 0.21279959402644244 9.733438427780291e-05
0 35 5269.637907574332 26.905100670975706 0.21279959402644244 9.733438427780291e-05
0 36 5269.637907574332 26.905100670975706 0.21279959402644244 9.733438427780291e-05
0 37 5269.637907574332 26.905100670975706 0.21279959402644244 9.733438427780291e-05
0 38 5269.637907574332 26.905100670975706 0.21279959402644244 9.733438427780291e-05
0 39 5269.637907574332 26.905100670975706 0.21279959402644244 9.733438427780291e-05
0 40 5149.737552602046 26.845719193686328 0.3102232070150803 9.779332810328718e-05
0 41 5149.737552602046 26.845719193686328 0.3102232070150803 9.779332810328718e-05
0 42 5149.737552602046 26.845719193686328 0.3102232070150803 9.779332810328718e-05
0 43 5149.737552602046 26.845719193686328 0.3102232070150803 9.779332810328718e-05
0 44 5149.737552602046 26.845719193686328 0.3102232070150803 9.779332810328718e-05
0 45 5149.737552602046 26.845719193686328 0.3102232070150803 9.779332810328718e-05
0 46 5249.239522838449 28.118636840269495 0.3553360447763366 0.00010281801198644666
0 47 5249.239522838449 28.118636840269495 0.3553360447763366 0.00010281801198644666
0 48 5249.239522838449 28.118636840269495 0.3553360447763366 0.00010281801198644666
0 49 5249.239522838449 28.118636840269495 0.3553360447763366 0.00010281801198644666
0 50 5249.239522838449 28.118636840269495 0.3553360447763366 0.00010281801198644666
0 51 5249.239522838449 28.118636840269495 0.3553360447763366 0.00010281801198644666
0 52 5249.239522838449 28.118636840269495 0.3553360447763366 0.00010281801198644666
0 53 5249.239522838449 28.118636840269495 0.3553360447763366 0.00010281801198644666
0 54 5052.408189757419 29.763927010887663 0.29323693860053435 4.845857509108799e-05
0 55 5052.408189757419 29.763927010887663 0.29323693860053435 4.845857509108799e-05
1 0 3332.24742127759 29.962673931639998 0.34115890834079154 8.195638858099957e-05
1 1 3332.24742127759 29.962673931639998 0.34115890834079154 8.195638858099957e-05
1 2 3332.574512592355 29.918623944570328 0.3163682809012893 7.451857601141418e-05
1 3 3332.574512592355 29.918623944570328 0.3163682809012893 7.451857601141418e-05
1 4 3332.574512592355 29.918623944570328 0.3163682809012893 7.451857601141418e-05
1 5 3332.574512592355 29.918623944570328 0.3163682809012893 7.451857601141418e-05
1 6 3332.574512592355 29.918623944570328 0.3163682809012893 7.451857601141418e-05
1 7 3332.574512592355 29.918623944570328 0.3163682809012893 7.451857601141418e-05
1 8 3332.876608723198 29.889984741629114 0.2927125658221533 8.791424856116278e-05
1 9 3332.876608723198 29.889984741629114 0.2927125658221533 8.791424856116278e-05
1 10 3332.876608723198 29.889984741629114 0.2927125658221533 8.791424856116278e-05
1 11 3332.876608723198 29.889984741629114 0.2927125658221533 8.791424856116278e-05
1 12 3332.876608723198 29.889984741629114 0.2927125658221533 8.791424856116278e-05
1 13 3332.876608723198 29.889984741629114 0.2927125658221533 8.791424856116278e-05
1 14 3331.7974830666344 30.25453749272838 0.3608889967496762 6.955862834582456e-05
1 15 3331.7974830666344 30.25453749272838 0.3608889967496762 6.955862834582456e-05
1 16 3331.7974830666344 30.25453749272838 0.3608889967496762 6.955862834582456e-05
1 17 3331.7974830666344 30.25453749272838 0.3608889967496762 6.955862834582456e-05
1 18 3331.7974830666344 30.25453749272838 0.3608889967496762 6.955862834582456e-05
1 19 3331.769166155553 30.293347048292958 0.37449812452341447 9.476342840877955e-05
1 20 3331.769166155553 30.293347048292958 0.37449812452341447 9.476342840877955e-05
1 21 3331.769166155553 30.293347048292958 0.37449812452341447 9.476342840877955e-05
1 22 3331.769166155553 30.293347048292958 0.37449812452341447 9.476342840877955e-05
1 23 3331.769166155553 30.293347048292958 0.37449812452341447 9.476342840877955e-05
1 24 3331.769166155553 30.293347048292958 0.37449812452341447 9.476342840877955e-05
1 25 3333.9824744716857 29.915597441262413 0.23875810693215324 0.00010508299261959724
1 26 3333.9824744716857 29.915597441262413 0.23875810693215324 0.00010508299261959724
1 27 3333.9824744716857 29.915597441262413 0.23875810693215324 0.00010508299261959724
1 28 3333.9824744716857 29.915597441262413 0.23875810693215324 0.00010508299261959724
1 29 3333.9824744716857 29.915597441262413 0.23875810693215324 0.00010508299261959724
1 30 3334.597579936966 29.732143815204022 0.2076468685321601 8.577107745395016e-05
1 31 3334.597579936966 29.732143815204022 0.2076468685321601 8.577107745395016e-05
1 32 3334.597579936966 29.732143815204022 0.2076468685321601 8.577107745395016e-05
1 33 3334.597579936966 29.732143815204022 0.2076468685321601 8.577107745395016e-05
1 34 3334.208404645391 29.987014153926907 0.3208219129048451 -4.4077721842920064e-05
1 35 3334.208404645391 29.987014153926907 0.3208219129048451 -4.4077721842920064e-05
1 36 3334.208404645391 29.987014153926907 0.3208219129048451 -4.4077721842920064e-05
1 37 3334.208404645391 29.987014153926907 0.3208219129048451 -4.4077721842920064e-05
1 38 3334.208404645391 29.987014153926907 0.3208219129048451 -4.4077721842920064e-05
1 39 3334.208404645391 29.987014153926907 0.3208219129048451 -4.4077721842920064e-05
1 40 3333.0628495984665 30.24509027235642 0.3271602542089136 6.800366325878499e-05
1 41 3333.0628495984665 30.24509027235642 0.3271602542089136 6.800366325878499e-05
1 42 3333.0628495984665 30.24509027235642 0.3271602542089136 6.800366325878499e-05
1 43 3333.0628495984665 30.24509027235642 0.3271602542089136 6.800366325878499e-05
1 44 3333.0628495984665 30.24509027235642 0.3271602542089136 6.800366325878499e-05
1 45 3333.0628495984665 30.24509027235642 0.3271602542089136 6.800366325878499e-05
1 46 3332.514437651469 30.029803425425552 0.34333858830990743 5.108117583645933e-05
1 47 3332.514437651469 30.029803425425552 0.34333858830990743 5.108117583645933e-05
1 48 3332.514437651469 30.029803425425552 0.34333858830990743 5.108117583645933e-05
1 49 3332.514437651469 30.029803425425552 0.34333858830990743 5.108117583645933e-05
1 50 3332.514437651469 30.029803425425552 0.34333858830990743 5.108117583645933e-05
1 51 3332.514437651469 30.029803425425552 0.34333858830990743 5.108117583645933e-05
1 52 3332.514437651469 30.029803425425552 0.34333858830990743 5.108117583645933e-05
1 53 3332.514437651469 30.029803425425552 0.34333858830990743 5.108117583645933e-05
1 54 3331.6188980097263 30.37588039966382 0.401184218550566 4.893539912911698e-05
1 55 3331.6188980097263 30.37588039966382 0.401184218550566 4.893539912911698e-05
2 0 1675.4985453788163 20.753212174551535 0.30295578650934707 8.863083451874601e-05
2 1 1675.4985453788163 20.753212174551535 0.30295578650934707 8.863083451874601e-05
2 2 1674.8946333663375 20.70003424212188 0.30690156228983917 9.09594969173789e-05
2 3 1674.8946333663375 20.70003424212188 0.30690156228983917 9.09594969173789e-05
2 4 1674.8946333663375 20.70003424212188 0.30690156228983917 9.09594969173789e-05
2 5 1674.8946333663375 20.70003424212188 0.30690156228983917 9.09594969173789e-05
2 6 1674.8946333663375 20.70003424212188 0.30690156228983917 9.09594969173789e-05
2 7 1674.8946333663375 20.70003424212188 0.30690156228983917 9.09594969173789e-05
2 8 1675.7200017922182 20.699589883668864 0.30827330283734494 9.07778743272999e-05
2 9 1675.7200017922182 20.699589883668864 0.30827330283734494 9.07778743272999e-05
2 10 1675.7200017922182 20.699589883668864 0.30827330283734494 9.07778743272999e-05
2 11 1675.7200017922182 20.699589883668864 0.30827330283734494 9.07778743272999e-05
2 12 1675.7200017922182 20.699589883668864 0.30827330283734494 9.07778743272999e-05
2 13 1675.7200017922182 20.699589883668864 0.30827330283734494 9.07778743272999e-05
2 14 1675.0120223908839 20.704485390229266 0.30708612685464176 9.232943013630234e-05
2 15 1675.0120223908839 20.704485390229266 0.30708612685464176 9.232943013630234e-05
2 16 1675.0120223908839 20.704485390229266 0.30708612685464176 9.232943013630234e-05
2 17 1675.0120223908839 20.704485390229266 0.30708612685464176 9.232943013630234e-05
2 18 1675.0120223908839 20.704485390229266 0.30708612685464176 9.232943013630234e-05
2 19 1674.4987056883915 20.715170828668285 0.3154160065401953 9.3975329360822e-05
2 20 1674.4987056883915 20.715170828668285 0.3154160065401953 9.3975329360822e-05
2 21 1674.4987056883915 20.715170828668285 0.3154160065401953 9.3975329360822e-05
2 22 1674.4987056883915 20.715170828668285 0.3154160065401953 9.3975329360822e-05
2 23 1674.4987056883915 20.715170828668285 0.3154160065401953 9.3975329360822e-05
2 24 1674.4987056883915 20.715170828668285 0.3154160065401953 9.3975329360822e-05
2 25 1677.6554170298773 21.334766659832162 0.30119493814905385 9.340047382105255e-05
2 26 1677.6554170298773 21.334766659832162 0.30119493814905385 9.340047382105255e-05
2 27 1677.6554170298773 21.334766659832162 0.30119493814905385 9.340047382105255e-05
2 28 1677.6554170298773 21.334766659832162 0.30119493814905385 9.340047382105255e-05
2 29 1677.6554170298773 21.334766659832162 0.30119493814905385 9.340047382105255e-05
2 30 1675.1756451161027 20.696140700353855 0.30197532190948995 9.270947791235057e-05
2 31 1675.1756451161027 20.696140700353855 0.30197532190948995 9.270947791235057e-05
2 32 1675.1756451161027 20.696140700353855 0.30197532190948995 9.270947791235057e-05
2 33 1675.1756451161027 20.696140700353855 0.30197532190948995 9.270947791235057e-05
2 34 1678.9408644909283 21.385887094420028 0.3008643216950146 9.590387317667306e-05
2 35 1678.9408644909283 21.385887094420028 0.3008643216950146 9.590387317667306e-05
2 36 1678.9408644909283 21.385887094420028 0.3008643216950146 9.590387317667306e-05
2 37 1678.9408644909283 21.385887094420028 0.3008643216950146 9.590387317667306e-05
2 38 1678.9408644909283 21.385887094420028 0.3008643216950146 9.590387317667306e-05
2 39 1678.9408644909283 21.385887094420028 0.3008643216950146 9.590387317667306e-05
2 40 1674.7237579084253 20.722923400778008 0.3123059416362538 9.161233884503409e-05
2 41 1674.7237579084253 20.722923400778008 0.3123059416362538 9.161233884503409e-05
2 42 1674.7237579084253 20.722923400778008 0.3123059416362538 9.161233884503409e-05
2 43 1674.7237579084253 20.722923400778008 0.3123059416362538 9.161233884503409e-05
2 44 1674.7237579084253 20.722923400778008 0.3123059416362538 9.161233884503409e-05
2 45 1674.7237579084253 20.722923400778008 0.3123059416362538 9.161233884503409e-05
2 46 1670.4876898109992 20.64923659424919 0.33728230520354613 9.094261244332155e-05
2 47 1670.4876898109992 20.64923659424919 0.33728230520354613 9.094261244332155e-05
2 48 1670.4876898109992 20.64923659424919 0.33728230520354613 9.094261244332155e-05
2 49 1670.4876898109992 20.64923659424919 0.33728230520354613 9.094261244332155e-05
2 50 1670.4876898109992 20.64923659424919 0.33728230520354613 9.094261244332155e-05
2 51 1670.4876898109992 20.64923659424919 0.33728230520354613 9.094261244332155e-05
2 52 1670.4876898109992 20.64923659424919 0.33728230520354613 9.094261244332155e-05
2 53 1670.4876898109992 20.64923659424919 0.33728230520354613 9.094261244332155e-05
2 54 1675.1743378863162 20.876470812207753 0.300044424621955 9.471176677551038e-05
2 55 1675.1743378863162 20.876470812207753 0.300044424621955 9.471176677551038e-05
3 0 869.5376500804567 23.81242680767315 0.29774105856926575 8.791685102685506e-05
3 1 869.5376500804567 23.81242680767315 0.29774105856926575 8.791685102685506e-05
3 2 869.4513495406381 23.812281914607347 0.28906570965366796 8.958578879533722e-05
3 3 869.4513495406381 23.812281914607347 0.28906570965366796 8.958578879533722e-05
3 4 869.4513495406381 23.812281914607347 0.28906570965366796 8.958578879533722e-05
3 5 869.4513495406381 23.812281914607347 0.28906570965366796 8.958578879533722e-05
3 6 869.4513495406381 23.812281914607347 0.28906570965366796 8.958578879533722e-05
3 7 869.4513495406381 23.812281914607347 0.28906570965366796 8.958578879533722e-05
3 8 810.989586459202 41.90651121072003 2.0822706267676345 9.137392069897605e-05
3 9 810.989586459202 41.90651121072003 2.0822706267676345 9.137392069897605e-05
3 10 810.989586459202 41.90651121072003 2.0822706267676345 9.137392069897605e-05
3 11 810.989586459202 41.90651121072003 2.0822706267676345 9.137392069897605e-05
3 12 810.989586459202 41.90651121072003 2.0822706267676345 9.137392069897605e-05
3 13 810.989586459202 41.90651121072003 2.0822706267676345 9.137392069897605e-05
3 14 869.254426233562 23.89931235796632 0.3234773816556417 9.065866472423719e-05
3 15 869.254426233562 23.89931235796632 0.3234773816556417 9.065866472423719e-05
3 16 869.254426233562 23.89931235796632 0.3234773816556417 9.065866472423719e-05
3 17 869.254426233562 23.89931235796632 0.3234773816556417 9.065866472423719e-05
3 18 869.254426233562 23.89931235796632 0.3234773816556417 9.065866472423719e-05
3 19 869.5604296751438 23.7996386276483 0.29461094878601546 9.101629827666188e-05
3 20 869.5604296751438 23.7996386276483 0.29461094878601546 9.101629827666188e-05
3 21 869.5604296751438 23.7996386276483 0.29461094878601546 9.101629827666188e-05
3 22 869.5604296751438 23.7996386276483 0.29461094878601546 9.101629827666188e-05
3 23 869.5604296751438 23.7996386276483 0.29461094878601546 9.101629827666188e-05
3 24 869.5604296751438 23.7996386276483 0.29461094878601546 9.101629827666188e-05
3 25 869.7604742269041 23.798709211811314 0.3071146377088352 9.101629261870669e-05
3 26 869.7604742269041 23.798709211811314 0.3071146377088352 9.101629261870669e-05
3 27 869.7604742269041 23.798709211811314 0.3071146377088352 9.101629261870669e-05
3 28 869.7604742269041 23.798709211811314 0.3071146377088352 9.101629261870669e-05
3 29 869.7604742269041 23.798709211811314 0.3071146377088352 9.101629261870669e-05
3 30 869.8909631848969 23.712447036941168 0.2714550362521949 8.840982387232492e-05
3 31 869.8909631848969 23.712447036941168 0.2714550362521949 8.840982387232492e-05
3 32 869.8909631848969 23.712447036941168 0.2714550362521949 8.840982387232492e-05
3 33 869.8909631848969 23.712447036941168 0.2714550362521949 8.840982387232492e-05
3 34 869.9585668725871 23.64739227849528 0.25022397604876123 8.9228153154135e-05
3 35 869.9585668725871 23.64739227849528 0.25022397604876123 8.9228153154135e-05
3 36 869.9585668725871 23.64739227849528 0.25022397604876123 8.9228153154135e-05
3 37 869.9585668725871 23.64739227849528 0.25022397604876123 8.9228153154135e-05
3 38 869.9585668725871 23.64739227849528 0.25022397604876123 8.9228153154135e-05
3 39 869.9585668725871 23.64739227849528 0.25022397604876123 8.9228153154135e-05
3 40 869.0949601212208 24.13041285938961 0.38732140331054216 8.875131423031007e-05
3 41 869.0949601212208 24.13041285938961 0.38732140331054216 8.875131423031007e-05
3 42 869.0949601212208 24.13041285938961 0.38732140331054216 8.875131423031007e-05
3 43 869.0949601212208 24.13041285938961 0.38732140331054216 8.875131423031007e-05
3 44 869.0949601212208 24.13041285938961 0.38732140331054216 8.875131423031007e-05
3 45 869.0949601212208 24.13041285938961 0.38732140331054216 8.875131423031007e-05
3 46 869.389612712939 23.819658721435452 0.29540893535898727 8.51859996694784e-05
3 47 869.389612712939 23.819658721435452 0.29540893535898727 8.51859996694784e-05
3 48 869.389612712939 23.819658721435452 0.29540893535898727 8.51859996694784e-05
3 49 869.389612712939 23.819658721435452 0.29540893535898727 8.51859996694784e-05
3 50 869.389612712939 23.819658721435452 0.29540893535898727 8.51859996694784e-05
3 51 869.389612712939 23.819658721435452 0.29540893535898727 8.51859996694784e-05
3 52 869.389612712939 23.819658721435452 0.29540893535898727 8.51859996694784e-05
3 53 869.389612712939 23.819658721435452 0.29540893535898727 8.51859996694784e-05
3 54 870.1761073172559 23.589616296634063 0.21571553305923746 8.850982713144151e-05
3 55 870.1761073172559 23.589616296634063 0.21571553305923746 8.850982713144151e-05
4 0 414.0091536994042 26.714727044231545 0.8621459028198317 8.863210597426707e-05
4 1 414.0091536994042 26.714727044231545 0.8621459028198317 8.863210597426707e-05
4 2 396.5300775231903 25.363127548144888 0.5468227802055425 6.026030681083701e-05
4 3 396.5300775231903 25.363127548144888 0.5468227802055425 6.026030681083701e-05
4 4 396.5300775231903 25.363127548144888 0.5468227802055425 6.026030681083701e-05
4 5 396.5300775231903 25.363127548144888 0.5468227802055425 6.026030681083701e-05
4 6 396.5300775231903 25.363127548144888 0.5468227802055425 6.026030681083701e-05
4 7 396.5300775231903 25.363127548144888 0.5468227802055425 6.026030681083701e-05
4 8 397.8499198444016 24.88434113254987 0.3990438350758765 8.815526990155464e-05
4 9 397.8499198444016 24.88434113254987 0.3990438350758765 8.815526990155464e-05
4 10 397.8499198444016 24.88434113254987 0.3990438350758765 8.815526990155464e-05
4 11 397.8499198444016 24.88434113254987 0.3990438350758765 8.815526990155464e-05
4 12 397.8499198444016 24.88434113254987 0.3990438350758765 8.815526990155464e-05
4 13 397.8499198444016 24.88434113254987 0.3990438350758765 8.815526990155464e-05
4 14 407.8647242394669 25.348892134526224 0.3285626244328126 8.624792060727843e-05
4 15 407.8647242394669 25.348892134526224 0.3285626244328126 8.624792060727843e-05
4 16 407.8647242394669 25.348892134526224 0.3285626244328126 8.624792060727843e-05
4 17 407.8647242394669 25.348892134526224 0.3285626244328126 8.624792060727843e-05
4 18 407.8647242394669 25.348892134526224 0.3285626244328126 8.624792060727843e-05
4 19 409.0067512920127 24.10716981934558 0.4378509081114605 7.051229633701014e-05
4 20 409.0067512920127 24.10716981934558 0.4378509081114605 7.051229633701014e-05
4 21 409.0067512920127 24.10716981934558 0.4378509081114605 7.051229633701014e-05
4 22 409.0067512920127 24.10716981934558 0.4378509081114605 7.051229633701014e-05
4 23 409.0067512920127 24.10716981934558 0.4378509081114605 7.051229633701014e-05
4 24 409.0067512920127 24.10716981934558 0.4378509081114605 7.051229633701014e-05
4 25 416.6678769726664 24.570169780318835 0.21640717078543725 0.00012081866964924081
4 26 416.6678769726664 24.570169780318835 0.21640717078543725 0.00012081866964924081
4 27 416.6678769726664 24.570169780318835 0.21640717078543725 0.00012081866964924081
4 28 416.6678769726664 24.570169780318835 0.21640717078543725 0.00012081866964924081
4 29 416.6678769726664 24.570169780318835 0.21640717078543725 0.00012081866964924081
4 30 419.62941125509144 25.083614787299325 0.4142227700146057 5.024693344562634e-05
4 31 419.62941125509144 25.083614787299325 0.4142227700146057 5.024693344562634e-05
4 32 419.62941125509144 25.083614787299325 0.4142227700146057 5.024693344562634e-05
4 33 419.62941125509144 25.083614787299325 0.4142227700146057 5.024693344562634e-05
4 34 399.1880597758502 24.66260984414568 0.3084060908786082 9.889471455713942e-05
4 35 399.1880597758502 24.66260984414568 0.3084060908786082 9.889471455713942e-05
4 36 399.1880597758502 24.66260984414568 0.3084060908786082 9.889471455713942e-05
4 37 399.1880597758502 24.66260984414568 0.3084060908786082 9.889471455713942e-05
4 38 399.1880597758502 24.66260984414568 0.3084060908786082 9.889471455713942e-05
4 39 399.1880597758502 24.66260984414568 0.3084060908786082 9.889471455713942e-05
4 40 414.4102872197681 24.08840827970778 0.2995570107428463 0.00010448693554803362
4 41 414.4102872197681 24.08840827970778 0.2995570107428463 0.00010448693554803362
4 42 414.4102872197681 24.08840827970778 0.2995570107428463 0.00010448693554803362
4 43 414.4102872197681 24.08840827970778 0.2995570107428463 0.00010448693554803362
4 44 414.4102872197681 24.08840827970778 0.2995570107428463 0.00010448693554803362
4 45 414.4102872197681 24.08840827970778 0.2995570107428463 0.00010448693554803362
4 46 398.511278717745 24.824411650676492 0.3689577123844642 8.314847954040355e-05
4 47 398.511278717745 24.824411650676492 0.3689577123844642 8.314847954040355e-05
4 48 398.511278717745 24.824411650676492 0.3689577123844642 8.314847954040355e-05
4 49 398.511278717745 24.824411650676492 0.3689577123844642 8.314847954040355e-05
4 50 398.511278717745 24.824411650676492 0.3689577123844642 8.314847954040355e-05
4 51 398.511278717745 24.824411650676492 0.3689577123844642 8.314847954040355e-05
4 52 398.511278717745 24.824411650676492 0.3689577123844642 8.314847954040355e-05
4 53 398.511278717745 24.824411650676492 0.3689577123844642 8.314847954040355e-05
4 54 399.3424476823923 24.582216688391092 0.27440287368584265 9.614229381759183e-05
4 55 399.3424476823923 24.582216688391092 0.27440287368584265 9.614229381759183e-05
5 0 446.784572621861 24.880164972095024 0.2889560017379539 9.518861741616329e-05
5 1 446.784572621861 24.880164972095024 0.2889560017379539 9.518861741616329e-05
5 2 452.218663351807 24.78019754059283 0.3077454272935285 9.030103668337535e-05
5 3 452.218663351807 24.78019754059283 0.3077454272935285 9.030103668337535e-05
5 4 452.218663351807 24.78019754059283 0.3077454272935285 9.030103668337535e-05
5 5 452.218663351807 24.78019754059283 0.3077454272935285 9.030103668337535e-05
5 6 452.218663351807 24.78019754059283 0.3077454272935285 9.030103668337535e-05
5 7 452.218663351807 24.78019754059283 0.3077454272935285 9.030103668337535e-05
5 8 450.83136225243015 24.951026999485148 0.30793932272314717 8.040666562580496e-05
5 9 450.83136225243015 24.951026999485148 0.30793932272314717 8.040666562580496e-05
5 10 450.83136225243015 24.951026999485148 0.30793932272314717 8.040666562580496e-05
5 11 450.83136225243015 24.951026999485148 0.30793932272314717 8.040666562580496e-05
5 12 450.83136225243015 24.951026999485148 0.30793932272314717 8.040666562580496e-05
5 13 450.83136225243015 24.951026999485148 0.30793932272314717 8.040666562580496e-05
5 14 451.21578788241146 24.73422487886287 0.2924836168526865 0.00010163674933763128
5 15 451.21578788241146 24.73422487886287 0.2924836168526865 0.00010163674933763128
5 16 451.21578788241146 24.73422487886287 0.2924836168526865 0.00010163674933763128
5 17 451.21578788241146 24.73422487886287 0.2924836168526865 0.00010163674933763128
5 18 451.21578788241146 24.73422487886287 0.2924836168526865 0.00010163674933763128
5 19 438.6518447672584 22.79935983174088 -1.0604035679629462 9.411573304998148e-05
5 20 438.6518447672584 22.79935983174088 -1.0604035679629462 9.411573304998148e-05
5 21 438.6518447672584 22.79935983174088 -1.0604035679629462 9.411573304998148e-05
5 22 438.6518447672584 22.79935983174088 -1.0604035679629462 9.411573304998148e-05
5 23 438.6518447672584 22.79935983174088 -1.0604035679629462 9.411573304998148e-05
5 24 438.6518447672584 22.79935983174088 -1.0604035679629462 9.411573304998148e-05
5 25 449.9824659108222 24.71129604877477 0.29574796268894876 8.314847953859504e-05
5 26 449.9824659108222 24.71129604877477 0.29574796268894876 8.314847953859504e-05
5 27 449.9824659108222 24.71129604877477 0.29574796268894876 8.314847953859504e-05
5 28 449.9824659108222 24.71129604877477 0.29574796268894876 8.314847953859504e-05
5 29 449.9824659108222 24.71129604877477 0.29574796268894876 8.314847953859504e-05
5 30 451.93046011720514 24.677237645086006 0.27773415668798074 8.696317777180273e-05
5 31 451.93046011720514 24.677237645086006 0.27773415668798074 8.696317777180273e-05
5 32 451.93046011720514 24.677237645086006 0.27773415668798074 8.696317777180273e-05
5 33 451.93046011720514 24.677237645086006 0.27773415668798074 8.696317777180273e-05
5 34 454.1765864109019 24.703765941222464 0.29150158506180457 7.504256617337055e-05
5 35 454.1765864109019 24.703765941222464 0.29150158506180457 7.504256617337055e-05
5 36 454.1765864109019 24.703765941222464 0.29150158506180457 7.504256617337055e-05
5 37 454.1765864109019 24.703765941222464 0.29150158506180457 7.504256617337055e-05
5 38 454.1765864109019 24.703765941222464 0.29150158506180457 7.504256617337055e-05
5 39 454.1765864109019 24.703765941222464 0.29150158506180457 7.504256617337055e-05
5 40 452.01849737444934 24.712551234177965 0.26191495982551194 9.399652616605016e-05
5 41 452.01849737444934 24.712551234177965 0.26191495982551194 9.399652616605016e-05
5 42 452.01849737444934 24.712551234177965 0.26191495982551194 9.399652616605016e-05
5 43 452.01849737444934 24.712551234177965 0.26191495982551194 9.399652616605016e-05
5 44 452.01849737444934 24.712551234177965 0.26191495982551194 9.399652616605016e-05
5 45 452.01849737444934 24.712551234177965 0.26191495982551194 9.399652616605016e-05
5 46 454.08767480275264 24.756828847740355 0.3007390444704541 7.659195636016994e-05
5 47 454.08767480275264 24.756828847740355 0.3007390444704541 7.659195636016994e-05
5 48 454.08767480275264 24.756828847740355 0.3007390444704541 7.659195636016994e-05
5 49 454.08767480275264 24.756828847740355 0.3007390444704541 7.659195636016994e-05
5 50 454.08767480275264 24.756828847740355 0.3007390444704541 7.659195636016994e-05
5 51 454.08767480275264 24.756828847740355 0.3007390444704541 7.659195636016994e-05
5 52 454.08767480275264 24.756828847740355 0.3007390444704541 7.659195636016994e-05
5 53 454.08767480275264 24.756828847740355 0.3007390444704541 7.659195636016994e-05
5 54 444.21584882784646 25.31071952996873 0.38083876751664825 8.888578966838132e-05
5 55 444.21584882784646 25.31071952996873 0.38083876751664825 8.888578966838132e-05
6 0 368.0236887682545 23.263558433766775 0.2865448949480542 8.517503425225747e-05
6 1 368.0236887682545 23.263558433766775 0.2865448949480542 8.517503425225747e-05
6 2 367.8913841090542 23.1647176700263 0.3042642369691452 9.367111813031646e-05
6 3 367.8913841090542 23.1647176700263 0.3042642369691452 9.367111813031646e-05
6 4 367.8913841090542 23.1647176700263 0.3042642369691452 9.367111813031646e-05
6 5 367.8913841090542 23.1647176700263 0.3042642369691452 9.367111813031646e-05
6 6 367.8913841090542 23.1647176700263 0.3042642369691452 9.367111813031646e-05
6 7 367.8913841090542 23.1647176700263 0.3042642369691452 9.367111813031646e-05
6 8 368.06520656186905 22.87458657981874 0.28361709136680724 8.565187451418916e-05
6 9 368.06520656186905 22.87458657981874 0.28361709136680724 8.565187451418916e-05
6 10 368.06520656186905 22.87458657981874 0.28361709136680724 8.565187451418916e-05
6 11 368.06520656186905 22.87458657981874 0.28361709136680724 8.565187451418916e-05
6 12 368.06520656186905 22.87458657981874 0.28361709136680724 8.565187451418916e-05
6 13 368.06520656186905 22.87458657981874 0.28361709136680724 8.565187451418916e-05
6 14 367.74051599448876 24.338972109014748 0.4618460181876005 8.82744789103863e-05
6 15 367.74051599448876 24.338972109014748 0.4618460181876005 8.82744789103863e-05
6 16 367.74051599448876 24.338972109014748 0.4618460181876005 8.82744789103863e-05
6 17 367.74051599448876 24.338972109014748 0.4618460181876005 8.82744789103863e-05
6 18 367.74051599448876 24.338972109014748 0.4618460181876005 8.82744789103863e-05
6 19 367.94578181750285 23.178536941828696 0.31568003476895856 8.50558281154649e-05
6 20 367.94578181750285 23.178536941828696 0.31568003476895856 8.50558281154649e-05
6 21 367.94578181750285 23.178536941828696 0.31568003476895856 8.50558281154649e-05
6 22 367.94578181750285 23.178536941828696 0.31568003476895856 8.50558281154649e-05
6 23 367.94578181750285 23.178536941828696 0.31568003476895856 8.50558281154649e-05
6 24 367.94578181750285 23.178536941828696 0.31568003476895856 8.50558281154649e-05
6 25 367.97715058527785 23.205572077273423 0.306178605750373 8.565187446427195e-05
6 26 367.97715058527785 23.205572077273423 0.306178605750373 8.565187446427195e-05
6 27 367.97715058527785 23.205572077273423 0.306178605750373 8.565187446427195e-05
6 28 367.97715058527785 23.205572077273423 0.306178605750373 8.565187446427195e-05
6 29 367.97715058527785 23.205572077273423 0.306178605750373 8.565187446427195e-05
6 30 367.9731939285924 23.155825101270473 0.29406487750653554 8.732240455345771e-05
6 31 367.9731939285924 23.155825101270473 0.29406487750653554 8.732240455345771e-05
6 32 367.9731939285924 23.155825101270473 0.29406487750653554 8.732240455345771e-05
6 33 367.9731939285924 23.155825101270473 0.29406487750653554 8.732240455345771e-05
6 34 367.933648398129 23.22030511775663 0.3119881479463874 8.744001341169012e-05
6 35 367.933648398129 23.22030511775663 0.3119881479463874 8.744001341169012e-05
6 36 367.933648398129 23.22030511775663 0.3119881479463874 8.744001341169012e-05
6 37 367.933648398129 23.22030511775663 0.3119881479463874 8.744001341169012e-05
6 38 367.933648398129 23.22030511775663 0.3119881479463874 8.744001341169012e-05
6 39 367.933648398129 23.22030511775663 0.3119881479463874 8.744001341169012e-05
6 40 367.9547671601133 23.157294261107616 0.30062622126435457 8.737575684807265e-05
6 41 367.9547671601133 23.157294261107616 0.30062622126435457 8.737575684807265e-05
6 42 367.9547671601133 23.157294261107616 0.30062622126435457 8.737575684807265e-05
6 43 367.9547671601133 23.157294261107616 0.30062622126435457 8.737575684807265e-05
6 44 367.9547671601133 23.157294261107616 0.30062622126435457 8.737575684807265e-05
6 45 367.9547671601133 23.157294261107616 0.30062622126435457 8.737575684807265e-05
6 46 367.9838394068692 23.15251330316051 0.2872195596728577 8.815526965884481e-05
6 47 367.9838394068692 23.15251330316051 0.2872195596728577 8.815526965884481e-05
6 48 367.9838394068692 23.15251330316051 0.2872195596728577 8.815526965884481e-05
6 49 367.9838394068692 23.15251330316051 0.2872195596728577 8.815526965884481e-05
6 50 367.9838394068692 23.15251330316051 0.2872195596728577 8.815526965884481e-05
6 51 367.9838394068692 23.15251330316051 0.2872195596728577 8.815526965884481e-05
6 52 367.9838394068692 23.15251330316051 0.2872195596728577 8.815526965884481e-05
6 53 367.9838394068692 23.15251330316051 0.2872195596728577 8.815526965884481e-05
6 54 367.93221353001866 22.95377849269019 0.3630879495661668 8.708238356181162e-05
6 55 367.93221353001866 22.95377849269019 0.3630879495661668 8.708238356181162e-05
7 0 287.93943360832276 21.1608088768427 0.3001115055087461 9.280444254261848e-05
7 1 287.93943360832276 21.1608088768427 0.3001115055087461 9.280444254261848e-05
7 2 287.7436140659289 20.63313297114821 0.29919014096039664 9.308098347790114e-05
7 3 287.7436140659289 20.63313297114821 0.29919014096039664 9.308098347790114e-05
7 4 287.7436140659289 20.63313297114821 0.29919014096039664 9.308098347790114e-05
7 5 287.7436140659289 20.63313297114821 0.29919014096039664 9.308098347790114e-05
7 6 287.7436140659289 20.63313297114821 0.29919014096039664 9.308098347790114e-05
7 7 287.7436140659289 20.63313297114821 0.29919014096039664 9.308098347790114e-05
7 8 287.486657539421 19.967441471324193 0.2972611847547991 9.230818707222637e-05
7 9 287.486657539421 19.967441471324193 0.2972611847547991 9.230818707222637e-05
7 10 287.486657539421 19.967441471324193 0.2972611847547991 9.230818707222637e-05
7 11 287.486657539421 19.967441471324193 0.2972611847547991 9.230818707222637e-05
7 12 287.486657539421 19.967441471324193 0.2972611847547991 9.230818707222637e-05
7 13 287.486657539421 19.967441471324193 0.2972611847547991 9.230818707222637e-05
7 14 287.4758451518866 19.967563214720997 0.29501877188956704 9.229469171079163e-05
7 15 287.4758451518866 19.967563214720997 0.29501877188956704 9.229469171079163e-05
7 16 287.4758451518866 19.967563214720997 0.29501877188956704 9.229469171079163e-05
7 17 287.4758451518866 19.967563214720997 0.29501877188956704 9.229469171079163e-05
7 18 287.4758451518866 19.967563214720997 0.29501877188956704 9.229469171079163e-05
7 19 287.67711053945885 20.63314843884151 0.29595780170152985 9.161249850506252e-05
7 20 287.67711053945885 20.63314843884151 0.29595780170152985 9.161249850506252e-05
7 21 287.67711053945885 20.63314843884151 0.29595780170152985 9.161249850506252e-05
7 22 287.67711053945885 20.63314843884151 0.29595780170152985 9.161249850506252e-05
7 23 287.67711053945885 20.63314843884151 0.29595780170152985 9.161249850506252e-05
7 24 287.67711053945885 20.63314843884151 0.29595780170152985 9.161249850506252e-05
7 25 287.6256122208899 20.524341500994865 0.2993640104470454 9.196996696159254e-05
7 26 287.6256122208899 20.524341500994865 0.2993640104470454 9.196996696159254e-05
7 27 287.6256122208899 20.524341500994865 0.2993640104470454 9.196996696159254e-05
7 28 287.6256122208899 20.524341500994865 0.2993640104470454 9.196996696159254e-05
7 29 287.6256122208899 20.524341500994865 0.2993640104470454 9.196996696159254e-05
7 30 287.7770972498309 20.633065110879436 0.30093990334902976 9.220838558988336e-05
7 31 287.7770972498309 20.633065110879436 0.30093990334902976 9.220838558988336e-05
7 32 287.7770972498309 20.633065110879436 0.30093990334902976 9.220838558988336e-05
7 33 287.7770972498309 20.633065110879436 0.30093990334902976 9.220838558988336e-05
7 34 287.54574214957444 20.24935061993059 0.30093548370805 9.31620592409935e-05
7 35 287.54574214957444 20.24935061993059 0.30093548370805 9.31620592409935e-05
7 36 287.54574214957444 20.24935061993059 0.30093548370805 9.31620592409935e-05
7 37 287.54574214957444 20.24935061993059 0.30093548370805 9.31620592409935e-05
7 38 287.54574214957444 20.24935061993059 0.30093548370805 9.31620592409935e-05
7 39 287.54574214957444 20.24935061993059 0.30093548370805 9.31620592409935e-05
7 40 287.527835166834 20.237022824036714 0.29772018264078337 8.946658256307811e-05
7 41 287.527835166834 20.237022824036714 0.29772018264078337 8.946658256307811e-05
7 42 287.527835166834 20.237022824036714 0.29772018264078337 8.946658256307811e-05
7 43 287.527835166834 20.237022824036714 0.29772018264078337 8.946658256307811e-05
7 44 287.527835166834 20.237022824036714 0.29772018264078337 8.946658256307811e-05
7 45 287.527835166834 20.237022824036714 0.29772018264078337 8.946658256307811e-05
7 46 287.49401979468047 19.9674628756934 0.2926713949670654 9.187530443276087e-05
7 47 287.49401979468047 19.9674628756934 0.2926713949670654 9.187530443276087e-05
7 48 287.49401979468047 19.9674628756934 0.2926713949670654 9.187530443276087e-05
7 49 287.49401979468047 19.9674628756934 0.2926713949670654 9.187530443276087e-05
7 50 287.49401979468047 19.9674628756934 0.2926713949670654 9.187530443276087e-05
7 51 287.49401979468047 19.9674628756934 0.2926713949670654 9.187530443276087e-05
7 52 287.49401979468047 19.9674628756934 0.2926713949670654 9.187530443276087e-05
7 53 287.49401979468047 19.9674628756934 0.2926713949670654 9.187530443276087e-05
7 54 287.490751291585 19.96748585965695 0.31018065519762716 8.854875039175921e-05
7 55 287.490751291585 19.96748585965695 0.31018065519762716 8.854875039175921e-05
8 0 250.7387796261958 20.947312674265397 0.30902090722403136 9.077787417807643e-05
8 1 250.7387796261958 20.947312674265397 0.30902090722403136 9.077787417807643e-05
8 2 250.760279623315 21.254390240163993 0.30674306724825007 9.099254588892561e-05
8 3 250.760279623315 21.254390240163993 0.30674306724825007 9.099254588892561e-05
8 4 250.760279623315 21.254390240163993 0.30674306724825007 9.099254588892561e-05
8 5 250.760279623315 21.254390240163993 0.30674306724825007 9.099254588892561e-05
8 6 250.760279623315 21.254390240163993 0.30674306724825007 9.099254588892561e-05
8 7 250.760279623315 21.254390240163993 0.30674306724825007 9.099254588892561e-05
8 8 250.75854816000412 21.250763402455156 0.307275972507347 9.097777876225738e-05
8 9 250.75854816000412 21.250763402455156 0.307275972507347 9.097777876225738e-05
8 10 250.75854816000412 21.250763402455156 0.307275972507347 9.097777876225738e-05
8 11 250.75854816000412 21.250763402455156 0.307275972507347 9.097777876225738e-05
8 12 250.75854816000412 21.250763402455156 0.307275972507347 9.097777876225738e-05
8 13 250.75854816000412 21.250763402455156 0.307275972507347 9.097777876225738e-05
8 14 250.73517937788273 20.90954105182893 0.3090865616691246 9.086830770188245e-05
8 15 250.73517937788273 20.90954105182893 0.3090865616691246 9.086830770188245e-05
8 16 250.73517937788273 20.90954105182893 0.3090865616691246 9.086830770188245e-05
8 17 250.73517937788273 20.90954105182893 0.3090865616691246 9.086830770188245e-05
8 18 250.73517937788273 20.90954105182893 0.3090865616691246 9.086830770188245e-05
8 19 250.74042531766958 20.890094041356235 0.30818979923162126 9.081943428245512e-05
8 20 250.74042531766958 20.890094041356235 0.30818979923162126 9.081943428245512e-05
8 21 250.74042531766958 20.890094041356235 0.30818979923162126 9.081943428245512e-05
8 22 250.74042531766958 20.890094041356235 0.30818979923162126 9.081943428245512e-05
8 23 250.74042531766958 20.890094041356235 0.30818979923162126 9.081943428245512e-05
8 24 250.74042531766958 20.890094041356235 0.30818979923162126 9.081943428245512e-05
8 25 250.72400561236623 21.085497301068003 0.3066259716234435 9.077787399466272e-05
8 26 250.72400561236623 21.085497301068003 0.3066259716234435 9.077787399466272e-05
8 27 250.72400561236623 21.085497301068003 0.3066259716234435 9.077787399466272e-05
8 28 250.72400561236623 21.085497301068003 0.3066259716234435 9.077787399466272e-05
8 29 250.72400561236623 21.085497301068003 0.3066259716234435 9.077787399466272e-05
8 30 250.74363702274195 20.905758671476384 0.30859828325488137 9.092316443221231e-05
8 31 250.74363702274195 20.905758671476384 0.30859828325488137 9.092316443221231e-05
8 32 250.74363702274195 20.905758671476384 0.30859828325488137 9.092316443221231e-05
8 33 250.74363702274195 20.905758671476384 0.30859828325488137 9.092316443221231e-05
8 34 250.75371882871886 20.95894886071799 0.30709211995236246 9.101629252270381e-05
8 35 250.75371882871886 20.95894886071799 0.30709211995236246 9.101629252270381e-05
8 36 250.75371882871886 20.95894886071799 0.30709211995236246 9.101629252270381e-05
8 37 250.75371882871886 20.95894886071799 0.30709211995236246 9.101629252270381e-05
8 38 250.75371882871886 20.95894886071799 0.30709211995236246 9.101629252270381e-05
8 39 250.75371882871886 20.95894886071799 0.30709211995236246 9.101629252270381e-05
8 40 250.741383555296 21.08851503172392 0.3073426430727399 9.077787522279748e-05
8 41 250.741383555296 21.08851503172392 0.3073426430727399 9.077787522279748e-05
8 42 250.741383555296 21.08851503172392 0.3073426430727399 9.077787522279748e-05
8 43 250.741383555296 21.08851503172392 0.3073426430727399 9.077787522279748e-05
8 44 250.741383555296 21.08851503172392 0.3073426430727399 9.077787522279748e-05
8 45 250.741383555296 21.08851503172392 0.3073426430727399 9.077787522279748e-05
8 46 250.74616706313097 20.897299168932463 0.3091644281788025 9.101629069092136e-05
8 47 250.74616706313097 20.897299168932463 0.3091644281788025 9.101629069092136e-05
8 48 250.74616706313097 20.897299168932463 0.3091644281788025 9.101629069092136e-05
8 49 250.74616706313097 20.897299168932463 0.3091644281788025 9.101629069092136e-05
8 50 250.74616706313097 20.897299168932463 0.3091644281788025 9.101629069092136e-05
8 51 250.74616706313097 20.897299168932463 0.3091644281788025 9.101629069092136e-05
8 52 250.74616706313097 20.897299168932463 0.3091644281788025 9.101629069092136e-05
8 53 250.74616706313097 20.897299168932463 0.3091644281788025 9.101629069092136e-05
8 54 250.7338742535337 20.89567317795917 0.30862540084632273 9.077859835498639e-05
8 55 250.7338742535337 20.89567317795917 0.30862540084632273 9.077859835498639e-05
9 0 235.9813768254675 17.736055544880003 0.14818073778421018 0.0001459286434383067
9 1 235.9813768254675 17.736055544880003 0.14818073778421018 0.0001459286434383067
9 2 236.92252793347177 14.270469120798912 0.1293708953751163 0.00018613738330718724
9 3 236.92252793347177 14.270469120798912 0.1293708953751163 0.00018613738330718724
9 4 236.92252793347177 14.270469120798912 0.1293708953751163 0.00018613738330718724
9 5 236.92252793347177 14.270469120798912 0.1293708953751163 0.00018613738330718724
9 6 236.92252793347177 14.270469120798912 0.1293708953751163 0.00018613738330718724
9 7 236.92252793347177 14.270469120798912 0.1293708953751163 0.00018613738330718724
9 8 235.7973288743529 17.053936946674142 0.13214316269959414 0.00014997361140005327
9 9 235.7973288743529 17.053936946674142 0.13214316269959414 0.00014997361140005327
9 10 235.7973288743529 17.053936946674142 0.13214316269959414 0.00014997361140005327
9 11 235.7973288743529 17.053936946674142 0.13214316269959414 0.00014997361140005327
9 12 235.7973288743529 17.053936946674142 0.13214316269959414 0.00014997361140005327
9 13 235.7973288743529 17.053936946674142 0.13214316269959414 0.00014997361140005327
9 14 237.05625885153475 18.41668437390245 0.18923475248750488 0.00011107849504490487
9 15 237.05625885153475 18.41668437390245 0.18923475248750488 0.00011107849504490487
9 16 237.05625885153475 18.41668437390245 0.18923475248750488 0.00011107849504490487
9 17 237.05625885153475 18.41668437390245 0.18923475248750488 0.00011107849504490487
9 18 237.05625885153475 18.41668437390245 0.18923475248750488 0.00011107849504490487
9 19 242.0140457229032 13.753080573821792 0.2586559263921091 0.00011712311154299116
9 20 242.0140457229032 13.753080573821792 0.2586559263921091 0.00011712311154299116
9 21 242.0140457229032 13.753080573821792 0.2586559263921091 0.00011712311154299116
9 22 242.0140457229032 13.753080573821792 0.2586559263921091 0.00011712311154299116
9 23 242.0140457229032 13.753080573821792 0.2586559263921091 0.00011712311154299116
9 24 242.0140457229032 13.753080573821792 0.2586559263921091 0.00011712311154299116
9 25 237.75781669086024 22.511114455003494 0.14927005241689206 0.00010627510467717824
9 26 237.75781669086024 22.511114455003494 0.14927005241689206 0.00010627510467717824
9 27 237.75781669086024 22.511114455003494 0.14927005241689206 0.00010627510467717824
9 28 237.75781669086024 22.511114455003494 0.14927005241689206 0.00010627510467717824
9 29 237.75781669086024 22.511114455003494 0.14927005241689206 0.00010627510467717824
9 30 236.664310171228 14.126567975313893 0.19102811752633428 0.00010056834010074327
9 31 236.664310171228 14.126567975313893 0.19102811752633428 0.00010056834010074327
9 32 236.664310171228 14.126567975313893 0.19102811752633428 0.00010056834010074327
9 33 236.664310171228 14.126567975313893 0.19102811752633428 0.00010056834010074327
9 34 237.1775023109406 13.054947994178411 0.17218473063144513 0.00010925531610636128
9 35 237.1775023109406 13.054947994178411 0.17218473063144513 0.00010925531610636128
9 36 237.1775023109406 13.054947994178411 0.17218473063144513 0.00010925531610636128
9 37 237.1775023109406 13.054947994178411 0.17218473063144513 0.00010925531610636128
9 38 237.1775023109406 13.054947994178411 0.17218473063144513 0.00010925531610636128
9 39 237.1775023109406 13.054947994178411 0.17218473063144513 0.00010925531610636128
9 40 239.17263117557542 15.01052727829487 0.25042256114886874 9.399642384303116e-05
9 41 239.17263117557542 15.01052727829487 0.25042256114886874 9.399642384303116e-05
9 42 239.17263117557542 15.01052727829487 0.25042256114886874 9.399642384303116e-05
9 43 239.17263117557542 15.01052727829487 0.25042256114886874 9.399642384303116e-05
9 44 239.17263117557542 15.01052727829487 0.25042256114886874 9.399642384303116e-05
9 45 239.17263117557542 15.01052727829487 0.25042256114886874 9.399642384303116e-05
9 46 239.1846563660298 23.128562076556317 0.1855156159933579 0.000114501087783409
9 47 239.1846563660298 23.128562076556317 0.1855156159933579 0.000114501087783409
9 48 239.1846563660298 23.128562076556317 0.1855156159933579 0.000114501087783409
9 49 239.1846563660298 23.128562076556317 0.1855156159933579 0.000114501087783409
9 50 239.1846563660298 23.128562076556317 0.1855156159933579 0.000114501087783409
9 51 239.1846563660298 23.128562076556317 0.1855156159933579 0.000114501087783409
9 52 239.1846563660298 23.128562076556317 0.1855156159933579 0.000114501087783409
9 53 239.1846563660298 23.128562076556317 0.1855156159933579 0.000114501087783409
9 54 236.02327777515706 16.644908594263136 0.23687458755432533 9.709595794655654e-05
9 55 236.02327777515706 16.644908594263136 0.23687458755432533 9.709595794655654e-05
10 0 235.20817893242588 19.33211204878549 0.30533820563696396 8.859303013387891e-05
10 1 235.20817893242588 19.33211204878549 0.30533820563696396 8.859303013387891e-05
10 2 235.21511291779552 19.784731010088144 0.3036516036030718 8.863134243726657e-05
10 3 235.21511291779552 19.784731010088144 0.3036516036030718 8.863134243726657e-05
10 4 235.21511291779552 19.784731010088144 0.3036516036030718 8.863134243726657e-05
10 5 235.21511291779552 19.784731010088144 0.3036516036030718 8.863134243726657e-05
10 6 235.21511291779552 19.784731010088144 0.3036516036030718 8.863134243726657e-05
10 7 235.21511291779552 19.784731010088144 0.3036516036030718 8.863134243726657e-05
10 8 232.32909189185784 10.65106282612976 0.3119842873670896 8.100271225348871e-05
10 9 232.32909189185784 10.65106282612976 0.3119842873670896 8.100271225348871e-05
10 10 232.32909189185784 10.65106282612976 0.3119842873670896 8.100271225348871e-05
10 11 232.32909189185784 10.65106282612976 0.3119842873670896 8.100271225348871e-05
10 12 232.32909189185784 10.65106282612976 0.3119842873670896 8.100271225348871e-05
10 13 232.32909189185784 10.65106282612976 0.3119842873670896 8.100271225348871e-05
10 14 231.24382477540306 11.737328983603405 0.3613034582799899 9.399729815285637e-05
10 15 231.24382477540306 11.737328983603405 0.3613034582799899 9.399729815285637e-05
10 16 231.24382477540306 11.737328983603405 0.3613034582799899 9.399729815285637e-05
10 17 231.24382477540306 11.737328983603405 0.3613034582799899 9.399729815285637e-05
10 18 231.24382477540306 11.737328983603405 0.3613034582799899 9.399729815285637e-05
10 19 231.6860781366206 8.527259967048316 0.3799699574084116 8.326768855316635e-05
10 20 231.6860781366206 8.527259967048316 0.3799699574084116 8.326768855316635e-05
10 21 231.6860781366206 8.527259967048316 0.3799699574084116 8.326768855316635e-05
10 22 231.6860781366206 8.527259967048316 0.3799699574084116 8.326768855316635e-05
10 23 231.6860781366206 8.527259967048316 0.3799699574084116 8.326768855316635e-05
10 24 231.6860781366206 8.527259967048316 0.3799699574084116 8.326768855316635e-05
10 25 232.53642821171167 9.787675032461445 0.34301349686240445 9.852647782153853e-05
10 26 232.53642821171167 9.787675032461445 0.34301349686240445 9.852647782153853e-05
10 27 232.53642821171167 9.787675032461445 0.34301349686240445 9.852647782153853e-05
10 28 232.53642821171167 9.787675032461445 0.34301349686240445 9.852647782153853e-05
10 29 232.53642821171167 9.787675032461445 0.34301349686240445 9.852647782153853e-05
10 30 232.63097891801362 10.553246366209489 0.42106215917664924 8.779764057937836e-05
10 31 232.63097891801362 10.553246366209489 0.42106215917664924 8.779764057937836e-05
10 32 232.63097891801362 10.553246366209489 0.42106215917664924 8.779764057937836e-05
10 33 232.63097891801362 10.553246366209489 0.42106215917664924 8.779764057937836e-05
10 34 231.2699658267513 11.103911803163172 0.40586618440976185 7.861852634379255e-05
10 35 231.2699658267513 11.103911803163172 0.40586618440976185 7.861852634379255e-05
10 36 231.2699658267513 11.103911803163172 0.40586618440976185 7.861852634379255e-05
10 37 231.2699658267513 11.103911803163172 0.40586618440976185 7.861852634379255e-05
10 38 231.2699658267513 11.103911803163172 0.40586618440976185 7.861852634379255e-05
10 39 231.2699658267513 11.103911803163172 0.40586618440976185 7.861852634379255e-05
10 40 233.00959575985246 17.26082134105303 0.3235198532256548 7.778395362712147e-05
10 41 233.00959575985246 17.26082134105303 0.3235198532256548 7.778395362712147e-05
10 42 233.00959575985246 17.26082134105303 0.3235198532256548 7.778395362712147e-05
10 43 233.00959575985246 17.26082134105303 0.3235198532256548 7.778395362712147e-05
10 44 233.00959575985246 17.26082134105303 0.3235198532256548 7.778395362712147e-05
10 45 233.00959575985246 17.26082134105303 0.3235198532256548 7.778395362712147e-05
10 46 234.3975978914566 17.260876602378374 0.32995412122093193 8.588536588370756e-05
10 47 234.3975978914566 17.260876602378374 0.32995412122093193 8.588536588370756e-05
10 48 234.3975978914566 17.260876602378374 0.32995412122093193 8.588536588370756e-05
10 49 234.3975978914566 17.260876602378374 0.32995412122093193 8.588536588370756e-05
10 50 234.3975978914566 17.260876602378374 0.32995412122093193 8.588536588370756e-05
10 51 234.3975978914566 17.260876602378374 0.32995412122093193 8.588536588370756e-05
10 52 234.3975978914566 17.260876602378374 0.32995412122093193 8.588536588370756e-05
10 53 234.3975978914566 17.260876602378374 0.32995412122093193 8.588536588370756e-05
10 54 232.62990310956212 10.424009208831645 0.2902024049808839 0.00011897376361713516
10 55 232.62990310956212 10.424009208831645 0.2902024049808839 0.00011897376361713516
11 0 198.7104093065373 16.070257188022303 0.2710079232591655 8.958578270878306e-05
11 1 198.7104093065373 16.070257188022303 0.2710079232591655 8.958578270878306e-05
11 2 199.14681267197844 16.76890722169089 0.2520213648731585 9.404391841361185e-05
11 3 199.14681267197844 16.76890722169089 0.2520213648731585 9.404391841361185e-05
11 4 199.14681267197844 16.76890722169089 0.2520213648731585 9.404391841361185e-05
11 5 199.14681267197844 16.76890722169089 0.2520213648731585 9.404391841361185e-05
11 6 199.14681267197844 16.76890722169089 0.2520213648731585 9.404391841361185e-05
11 7 199.14681267197844 16.76890722169089 0.2520213648731585 9.404391841361185e-05
11 8 199.5244225487937 19.779719337030855 0.2691673154255795 9.0658670184437e-05
11 9 199.5244225487937 19.779719337030855 0.2691673154255795 9.0658670184437e-05
11 10 199.5244225487937 19.779719337030855 0.2691673154255795 9.0658670184437e-05
11 11 199.5244225487937 19.779719337030855 0.2691673154255795 9.0658670184437e-05
11 12 199.5244225487937 19.779719337030855 0.2691673154255795 9.0658670184437e-05
11 13 199.5244225487937 19.779719337030855 0.2691673154255795 9.0658670184437e-05
11 14 199.15072900005043 16.61889395792154 0.26026304815283763 9.137392018949292e-05
11 15 199.15072900005043 16.61889395792154 0.26026304815283763 9.137392018949292e-05
11 16 199.15072900005043 16.61889395792154 0.26026304815283763 9.137392018949292e-05
11 17 199.15072900005043 16.61889395792154 0.26026304815283763 9.137392018949292e-05
11 18 199.15072900005043 16.61889395792154 0.26026304815283763 9.137392018949292e-05
11 19 199.5565423939177 16.78448717847092 0.32720446338127596 8.648633882550233e-05
11 20 199.5565423939177 16.78448717847092 0.32720446338127596 8.648633882550233e-05
11 21 199.5565423939177 16.78448717847092 0.32720446338127596 8.648633882550233e-05
11 22 199.5565423939177 16.78448717847092 0.32720446338127596 8.648633882550233e-05
11 23 199.5565423939177 16.78448717847092 0.32720446338127596 8.648633882550233e-05
11 24 199.5565423939177 16.78448717847092 0.32720446338127596 8.648633882550233e-05
11 25 200.15545649065655 21.167422264227728 0.30572353313689726 9.018181485734493e-05
11 26 200.15545649065655 21.167422264227728 0.30572353313689726 9.018181485734493e-05
11 27 200.15545649065655 21.167422264227728 0.30572353313689726 9.018181485734493e-05
11 28 200.15545649065655 21.167422264227728 0.30572353313689726 9.018181485734493e-05
11 29 200.15545649065655 21.167422264227728 0.30572353313689726 9.018181485734493e-05
11 30 199.93133938593385 17.52105325521137 0.31677997852377493 9.065866919472491e-05
11 31 199.93133938593385 17.52105325521137 0.31677997852377493 9.065866919472491e-05
11 32 199.93133938593385 17.52105325521137 0.31677997852377493 9.065866919472491e-05
11 33 199.93133938593385 17.52105325521137 0.31677997852377493 9.065866919472491e-05
11 34 200.1347911053669 21.064346579684752 0.30570901950734897 9.137362063216297e-05
11 35 200.1347911053669 21.064346579684752 0.30570901950734897 9.137362063216297e-05
11 36 200.1347911053669 21.064346579684752 0.30570901950734897 9.137362063216297e-05
11 37 200.1347911053669 21.064346579684752 0.30570901950734897 9.137362063216297e-05
11 38 200.1347911053669 21.064346579684752 0.30570901950734897 9.137362063216297e-05
11 39 200.1347911053669 21.064346579684752 0.30570901950734897 9.137362063216297e-05
11 40 200.11516116781218 20.96118760062172 0.30637163877413454 9.196952154185541e-05
11 41 200.11516116781218 20.96118760062172 0.30637163877413454 9.196952154185541e-05
11 42 200.11516116781218 20.96118760062172 0.30637163877413454 9.196952154185541e-05
11 43 200.11516116781218 20.96118760062172 0.30637163877413454 9.196952154185541e-05
11 44 200.11516116781218 20.96118760062172 0.30637163877413454 9.196952154185541e-05
11 45 200.11516116781218 20.96118760062172 0.30637163877413454 9.196952154185541e-05
11 46 199.9011752152157 17.2002462080993 0.306148585170588 9.137392027565961e-05
11 47 199.9011752152157 17.2002462080993 0.306148585170588 9.137392027565961e-05
11 48 199.9011752152157 17.2002462080993 0.306148585170588 9.137392027565961e-05
11 49 199.9011752152157 17.2002462080993 0.306148585170588 9.137392027565961e-05
11 50 199.9011752152157 17.2002462080993 0.306148585170588 9.137392027565961e-05
11 51 199.9011752152157 17.2002462080993 0.306148585170588 9.137392027565961e-05
11 52 199.9011752152157 17.2002462080993 0.306148585170588 9.137392027565961e-05
11 53 199.9011752152157 17.2002462080993 0.306148585170588 9.137392027565961e-05
11 54 199.1212763900524 16.768967454320745 0.24660019934855637 9.136533696668135e-05
11 55 199.1212763900524 16.768967454320745 0.24660019934855637 9.136533696668135e-05
12 0 223.53098390256454 28.9858963840202 0.34207289015466763 0.00011101498085691415
12 1 223.53098390256454 28.9858963840202 0.34207289015466763 0.00011101498085691415
12 2 220.0639717198861 15.681067214833721 0.6120967569123752 8.100271229108004e-05
12 3 220.0639717198861 15.681067214833721 0.6120967569123752 8.100271229108004e-05
12 4 220.0639717198861 15.681067214833721 0.6120967569123752 8.100271229108004e-05
12 5 220.0639717198861 15.681067214833721 0.6120967569123752 8.100271229108004e-05
12 6 220.0639717198861 15.681067214833721 0.6120967569123752 8.100271229108004e-05
12 7 220.0639717198861 15.681067214833721 0.6120967569123752 8.100271229108004e-05
12 8 202.01496635053542 20.505510267587788 1.0928715469106116 0.0004171640561479318
12 9 202.01496635053542 20.505510267587788 1.0928715469106116 0.0004171640561479318
12 10 202.01496635053542 20.505510267587788 1.0928715469106116 0.0004171640561479318
12 11 202.01496635053542 20.505510267587788 1.0928715469106116 0.0004171640561479318
12 12 202.01496635053542 20.505510267587788 1.0928715469106116 0.0004171640561479318
12 13 202.01496635053542 20.505510267587788 1.0928715469106116 0.0004171640561479318
12 14 205.5908304018008 21.2092516590576 0.6658075042866562 0.00031598619994022137
12 15 205.5908304018008 21.2092516590576 0.6658075042866562 0.00031598619994022137
12 16 205.5908304018008 21.2092516590576 0.6658075042866562 0.00031598619994022137
12 17 205.5908304018008 21.2092516590576 0.6658075042866562 0.00031598619994022137
12 18 205.5908304018008 21.2092516590576 0.6658075042866562 0.00031598619994022137
12 19 212.9530868687123 34.5127826821294 1.1407333322172808 0.00017867600662866984
12 20 212.9530868687123 34.5127826821294 1.1407333322172808 0.00017867600662866984
12 21 212.9530868687123 34.5127826821294 1.1407333322172808 0.00017867600662866984
12 22 212.9530868687123 34.5127826821294 1.1407333322172808 0.00017867600662866984
12 23 212.9530868687123 34.5127826821294 1.1407333322172808 0.00017867600662866984
12 24 212.9530868687123 34.5127826821294 1.1407333322172808 0.00017867600662866984
12 25 203.62771977902165 21.6699211434158 1.1117998330675882 0.00026994943608171453
12 26 203.62771977902165 21.6699211434158 1.1117998330675882 0.00026994943608171453
12 27 203.62771977902165 21.6699211434158 1.1117998330675882 0.00026994943608171453
12 28 203.62771977902165 21.6699211434158 1.1117998330675882 0.00026994943608171453
12 29 203.62771977902165 21.6699211434158 1.1117998330675882 0.00026994943608171453
12 30 209.02583184303785 19.70932434821772 0.7338935449404103 0.00010997056073480449
12 31 209.02583184303785 19.70932434821772 0.7338935449404103 0.00010997056073480449
12 32 209.02583184303785 19.70932434821772 0.7338935449404103 0.00010997056073480449
12 33 209.02583184303785 19.70932434821772 0.7338935449404103 0.00010997056073480449
12 34 207.1028720561066 25.051166495719656 0.9772410455354819 0.0002636311473350389
12 35 207.1028720561066 25.051166495719656 0.9772410455354819 0.0002636311473350389
12 36 207.1028720561066 25.051166495719656 0.9772410455354819 0.0002636311473350389
12 37 207.1028720561066 25.051166495719656 0.9772410455354819 0.0002636311473350389
12 38 207.1028720561066 25.051166495719656 0.9772410455354819 0.0002636311473350389
12 39 207.1028720561066 25.051166495719656 0.9772410455354819 0.0002636311473350389
12 40 203.97828338391108 15.937981712263085 0.870614305771251 0.00014024972443713626
12 41 203.97828338391108 15.937981712263085 0.870614305771251 0.00014024972443713626
12 42 203.97828338391108 15.937981712263085 0.870614305771251 0.00014024972443713626
12 43 203.97828338391108 15.937981712263085 0.870614305771251 0.00014024972443713626
12 44 203.97828338391108 15.937981712263085 0.870614305771251 0.00014024972443713626
12 45 203.97828338391108 15.937981712263085 0.870614305771251 0.00014024972443713626
12 46 202.50614188820924 16.481938163538715 0.8517147482924324 0.00013774633298633274
12 47 202.50614188820924 16.481938163538715 0.8517147482924324 0.00013774633298633274
12 48 202.50614188820924 16.481938163538715 0.8517147482924324 0.00013774633298633274
12 49 202.50614188820924 16.481938163538715 0.8517147482924324 0.00013774633298633274
12 50 202.50614188820924 16.481938163538715 0.8517147482924324 0.00013774633298633274
12 51 202.50614188820924 16.481938163538715 0.8517147482924324 0.00013774633298633274
12 52 202.50614188820924 16.481938163538715 0.8517147482924324 0.00013774633298633274
12 53 202.50614188820924 16.481938163538715 0.8517147482924324 0.00013774633298633274
12 54 208.16398206919305 27.836255662345593 0.9475615045673416 0.00013965380625931026
12 55 208.16398206919305 27.836255662345593 0.9475615045673416 0.00013965380625931026
13 0 245.18445665107186 18.966917484796102 0.3136090817219693 8.684391557189108e-05
13 1 245.18445665107186 18.966917484796102 0.3136090817219693 8.684391557189108e-05
13 2 245.00263846294166 18.45913076684517 0.2845357969383218 9.17315483179723e-05
13 3 245.00263846294166 18.45913076684517 0.2845357969383218 9.17315483179723e-05
13 4 245.00263846294166 18.45913076684517 0.2845357969383218 9.17315483179723e-05
13 5 245.00263846294166 18.45913076684517 0.2845357969383218 9.17315483179723e-05
13 6 245.00263846294166 18.45913076684517 0.2845357969383218 9.17315483179723e-05
13 7 245.00263846294166 18.45913076684517 0.2845357969383218 9.17315483179723e-05
13 8 245.09713659643506 18.32519370447116 0.3336797820342273 9.423494334283292e-05
13 9 245.09713659643506 18.32519370447116 0.3336797820342273 9.423494334283292e-05
13 10 245.09713659643506 18.32519370447116 0.3336797820342273 9.423494334283292e-05
13 11 245.09713659643506 18.32519370447116 0.3336797820342273 9.423494334283292e-05
13 12 245.09713659643506 18.32519370447116 0.3336797820342273 9.423494334283292e-05
13 13 245.09713659643506 18.32519370447116 0.3336797820342273 9.423494334283292e-05
13 14 244.51918687007708 18.137978401379577 0.3625283691705863 9.300625500585993e-05
13 15 244.51918687007708 18.137978401379577 0.3625283691705863 9.300625500585993e-05
13 16 244.51918687007708 18.137978401379577 0.3625283691705863 9.300625500585993e-05
13 17 244.51918687007708 18.137978401379577 0.3625283691705863 9.300625500585993e-05
13 18 244.51918687007708 18.137978401379577 0.3625283691705863 9.300625500585993e-05
13 19 245.2272386874825 18.641730000170185 0.3608014620958058 0.00010234117524273375
13 20 245.2272386874825 18.641730000170185 0.3608014620958058 0.00010234117524273375
13 21 245.2272386874825 18.641730000170185 0.3608014620958058 0.00010234117524273375
13 22 245.2272386874825 18.641730000170185 0.3608014620958058 0.00010234117524273375
13 23 245.2272386874825 18.641730000170185 0.3608014620958058 0.00010234117524273375
13 24 245.2272386874825 18.641730000170185 0.3608014620958058 0.00010234117524273375
13 25 244.5901310477034 18.373999886804285 0.29998195384993387 9.709596630157872e-05
13 26 244.5901310477034 18.373999886804285 0.29998195384993387 9.709596630157872e-05
13 27 244.5901310477034 18.373999886804285 0.29998195384993387 9.709596630157872e-05
13 28 244.5901310477034 18.373999886804285 0.29998195384993387 9.709596630157872e-05
13 29 244.5901310477034 18.373999886804285 0.29998195384993387 9.709596630157872e-05
13 30 244.15917761212683 18.653042553597786 0.3964884878660022 0.00010246038433860832
13 31 244.15917761212683 18.653042553597786 0.3964884878660022 0.00010246038433860832
13 32 244.15917761212683 18.653042553597786 0.3964884878660022 0.00010246038433860832
13 33 244.15917761212683 18.653042553597786 0.3964884878660022 0.00010246038433860832
13 34 243.5241408679476 17.424303504052606 0.26188667700032964 9.434728440795366e-05
13 35 243.5241408679476 17.424303504052606 0.26188667700032964 9.434728440795366e-05
13 36 243.5241408679476 17.424303504052606 0.26188667700032964 9.434728440795366e-05
13 37 243.5241408679476 17.424303504052606 0.26188667700032964 9.434728440795366e-05
13 38 243.5241408679476 17.424303504052606 0.26188667700032964 9.434728440795366e-05
13 39 243.5241408679476 17.424303504052606 0.26188667700032964 9.434728440795366e-05
13 40 244.87020358980564 18.614261203151685 0.2534041428820577 9.864568679951955e-05
13 41 244.87020358980564 18.614261203151685 0.2534041428820577 9.864568679951955e-05
13 42 244.87020358980564 18.614261203151685 0.2534041428820577 9.864568679951955e-05
13 43 244.87020358980564 18.614261203151685 0.2534041428820577 9.864568679951955e-05
13 44 244.87020358980564 18.614261203151685 0.2534041428820577 9.864568679951955e-05
13 45 244.87020358980564 18.614261203151685 0.2534041428820577 9.864568679951955e-05
13 46 245.01023793421083 18.74184455365334 0.2890248504483378 9.661912915100615e-05
13 47 245.01023793421083 18.74184455365334 0.2890248504483378 9.661912915100615e-05
13 48 245.01023793421083 18.74184455365334 0.2890248504483378 9.661912915100615e-05
13 49 245.01023793421083 18.74184455365334 0.2890248504483378 9.661912915100615e-05
13 50 245.01023793421083 18.74184455365334 0.2890248504483378 9.661912915100615e-05
13 51 245.01023793421083 18.74184455365334 0.2890248504483378 9.661912915100615e-05
13 52 245.01023793421083 18.74184455365334 0.2890248504483378 9.661912915100615e-05
13 53 245.01023793421083 18.74184455365334 0.2890248504483378 9.661912915100615e-05
13 54 245.14535608791425 18.647147507201865 0.27012264700335437 9.589871175103874e-05
13 55 245.14535608791425 18.647147507201865 0.27012264700335437 9.589871175103874e-05
14 0 1751.250503415751 78.86027936964938 2.414476569757703 -0.00011667783244059846
14 1 1751.250503415751 78.86027936964938 2.414476569757703 -0.00011667783244059846
14 2 1949.974091187202 44.121407993108676 2.1464505995765943 -4.890560113092826e-05
14 3 1949.974091187202 44.121407993108676 2.1464505995765943 -4.890560113092826e-05
14 4 1949.974091187202 44.121407993108676 2.1464505995765943 -4.890560113092826e-05
14 5 1949.974091187202 44.121407993108676 2.1464505995765943 -4.890560113092826e-05
14 6 1949.974091187202 44.121407993108676 2.1464505995765943 -4.890560113092826e-05
14 7 1949.974091187202 44.121407993108676 2.1464505995765943 -4.890560113092826e-05
14 8 1635.170622655496 40.515373992392654 2.3406715833918357 1.811964803392659e-05
14 9 1635.170622655496 40.515373992392654 2.3406715833918357 1.811964803392659e-05
14 10 1635.170622655496 40.515373992392654 2.3406715833918357 1.811964803392659e-05
14 11 1635.170622655496 40.515373992392654 2.3406715833918357 1.811964803392659e-05
14 12 1635.170622655496 40.515373992392654 2.3406715833918357 1.811964803392659e-05
14 13 1635.170622655496 40.515373992392654 2.3406715833918357 1.811964803392659e-05
14 14 1846.1186927668655 36.174438638260305 2.1623989842353812 -6.645970095236571e-06
14 15 1846.1186927668655 36.174438638260305 2.1623989842353812 -6.645970095236571e-06
14 16 1846.1186927668655 36.174438638260305 2.1623989842353812 -6.645970095236571e-06
14 17 1846.1186927668655 36.174438638260305 2.1623989842353812 -6.645970095236571e-06
14 18 1846.1186927668655 36.174438638260305 2.1623989842353812 -6.645970095236571e-06
14 19 1978.7637729316693 57.1556124303678 2.3195568859590363 -8.314769652019016e-06
14 20 1978.7637729316693 57.1556124303678 2.3195568859590363 -8.314769652019016e-06
14 21 1978.7637729316693 57.1556124303678 2.3195568859590363 -8.314769652019016e-06
14 22 1978.7637729316693 57.1556124303678 2.3195568859590363 -8.314769652019016e-06
14 23 1978.7637729316693 57.1556124303678 2.3195568859590363 -8.314769652019016e-06
14 24 1978.7637729316693 57.1556124303678 2.3195568859590363 -8.314769652019016e-06
14 25 2040.8536150837626 51.36770398597312 2.2119532294018724 -1.2725636152622477e-05
14 26 2040.8536150837626 51.36770398597312 2.2119532294018724 -1.2725636152622477e-05
14 27 2040.8536150837626 51.36770398597312 2.2119532294018724 -1.2725636152622477e-05
14 28 2040.8536150837626 51.36770398597312 2.2119532294018724 -1.2725636152622477e-05
14 29 2040.8536150837626 51.36770398597312 2.2119532294018724 -1.2725636152622477e-05
14 30 1522.6329935638503 510.0595793971702 -2.6223427658887686 -0.0006181300053953781
14 31 1522.6329935638503 510.0595793971702 -2.6223427658887686 -0.0006181300053953781
14 32 1522.6329935638503 510.0595793971702 -2.6223427658887686 -0.0006181300053953781
14 33 1522.6329935638503 510.0595793971702 -2.6223427658887686 -0.0006181300053953781
14 34 1950.1825464362828 61.49654807853386 2.362510612892697 -3.7605797890522536e-05
14 35 1950.1825464362828 61.49654807853386 2.362510612892697 -3.7605797890522536e-05
14 36 1950.1825464362828 61.49654807853386 2.362510612892697 -3.7605797890522536e-05
14 37 1950.1825464362828 61.49654807853386 2.362510612892697 -3.7605797890522536e-05
14 38 1950.1825464362828 61.49654807853386 2.362510612892697 -3.7605797890522536e-05
14 39 1950.1825464362828 61.49654807853386 2.362510612892697 -3.7605797890522536e-05
14 40 2011.2466856779397 52.091183532599686 2.253452220561974 -2.202398870673803e-05
14 41 2011.2466856779397 52.091183532599686 2.253452220561974 -2.202398870673803e-05
14 42 2011.2466856779397 52.091183532599686 2.253452220561974 -2.202398870673803e-05
14 43 2011.2466856779397 52.091183532599686 2.253452220561974 -2.202398870673803e-05
14 44 2011.2466856779397 52.091183532599686 2.253452220561974 -2.202398870673803e-05
14 45 2011.2466856779397 52.091183532599686 2.253452220561974 -2.202398870673803e-05
14 46 1466.590099731859 74.51932382357256 0.1744905358102512 4.708743177318055e-06
14 47 1466.590099731859 74.51932382357256 0.1744905358102512 4.708743177318055e-06
14 48 1466.590099731859 74.51932382357256 0.1744905358102512 4.708743177318055e-06
14 49 1466.590099731859 74.51932382357256 0.1744905358102512 4.708743177318055e-06
14 50 1466.590099731859 74.51932382357256 0.1744905358102512 4.708743177318055e-06
14 51 1466.590099731859 74.51932382357256 0.1744905358102512 4.708743177318055e-06
14 52 1466.590099731859 74.51932382357256 0.1744905358102512 4.708743177318055e-06
14 53 1466.590099731859 74.51932382357256 0.1744905358102512 4.708743177318055e-06
14 54 1310.903935866877 64.39050092941247 -0.01020001266764697 5.051465462805928e-05
14 55 1310.903935866877 64.39050092941247 -0.01020001266764697 5.051465462805928e-05
15 0 1105.4756611313248 24.147210788968486 0.47788810162001694 0.00010985110027864081
15 1 1105.4756611313248 24.147210788968486 0.47788810162001694 0.00010985110027864081
15 2 1104.5917098679902 23.415405769068563 0.27320587038777167 0.00012057977029726692
15 3 1104.5917098679902 23.415405769068563 0.27320587038777167 0.00012057977029726692
15 4 1104.5917098679902 23.415405769068563 0.27320587038777167 0.00012057977029726692
15 5 1104.5917098679902 23.415405769068563 0.27320587038777167 0.00012057977029726692
15 6 1104.5917098679902 23.415405769068563 0.27320587038777167 0.00012057977029726692
15 7 1104.5917098679902 23.415405769068563 0.27320587038777167 0.00012057977029726692
15 8 1104.0860372011816 23.738865630342794 0.4256785517535303 0.00013893842559089127
15 9 1104.0860372011816 23.738865630342794 0.4256785517535303 0.00013893842559089127
15 10 1104.0860372011816 23.738865630342794 0.4256785517535303 0.00013893842559089127
15 11 1104.0860372011816 23.738865630342794 0.4256785517535303 0.00013893842559089127
15 12 1104.0860372011816 23.738865630342794 0.4256785517535303 0.00013893842559089127
15 13 1104.0860372011816 23.738865630342794 0.4256785517535303 0.00013893842559089127
15 14 1126.8570305987328 23.415461964423912 0.30916510610092884 9.220837951918638e-05
15 15 1126.8570305987328 23.415461964423912 0.30916510610092884 9.220837951918638e-05
15 16 1126.8570305987328 23.415461964423912 0.30916510610092884 9.220837951918638e-05
15 17 1126.8570305987328 23.415461964423912 0.30916510610092884 9.220837951918638e-05
15 18 1126.8570305987328 23.415461964423912 0.30916510610092884 9.220837951918638e-05
15 19 1105.1754135011083 23.245493895250263 0.2652476111895525 0.00011783838279465953
15 20 1105.1754135011083 23.245493895250263 0.2652476111895525 0.00011783838279465953
15 21 1105.1754135011083 23.245493895250263 0.2652476111895525 0.00011783838279465953
15 22 1105.1754135011083 23.245493895250263 0.2652476111895525 0.00011783838279465953
15 23 1105.1754135011083 23.245493895250263 0.2652476111895525 0.00011783838279465953
15 24 1105.1754135011083 23.245493895250263 0.2652476111895525 0.00011783838279465953
15 25 1116.27609422652 24.084454644830636 0.32916909966829405 0.00011187791821624666
15 26 1116.27609422652 24.084454644830636 0.32916909966829405 0.00011187791821624666
15 27 1116.27609422652 24.084454644830636 0.32916909966829405 0.00011187791821624666
15 28 1116.27609422652 24.084454644830636 0.32916909966829405 0.00011187791821624666
15 29 1116.27609422652 24.084454644830636 0.32916909966829405 0.00011187791821624666
15 30 1120.2780590969376 24.878937791817698 0.3370062409972094 9.423490944859475e-05
15 31 1120.2780590969376 24.878937791817698 0.3370062409972094 9.423490944859475e-05
15 32 1120.2780590969376 24.878937791817698 0.3370062409972094 9.423490944859475e-05
15 33 1120.2780590969376 24.878937791817698 0.3370062409972094 9.423490944859475e-05
15 34 1116.3583430879748 22.271491007913127 0.45271171407366095 0.00010305431842472888
15 35 1116.3583430879748 22.271491007913127 0.45271171407366095 0.00010305431842472888
15 36 1116.3583430879748 22.271491007913127 0.45271171407366095 0.00010305431842472888
15 37 1116.3583430879748 22.271491007913127 0.45271171407366095 0.00010305431842472888
15 38 1116.3583430879748 22.271491007913127 0.45271171407366095 0.00010305431842472888
15 39 1116.3583430879748 22.271491007913127 0.45271171407366095 0.00010305431842472888
15 40 1105.5537947173316 22.665618138776736 0.34302825468037745 0.00010746717084034787
15 41 1105.5537947173316 22.665618138776736 0.34302825468037745 0.00010746717084034787
15 42 1105.5537947173316 22.665618138776736 0.34302825468037745 0.00010746717084034787
15 43 1105.5537947173316 22.665618138776736 0.34302825468037745 0.00010746717084034787
15 44 1105.5537947173316 22.665618138776736 0.34302825468037745 0.00010746717084034787
15 45 1105.5537947173316 22.665618138776736 0.34302825468037745 0.00010746717084034787
15 46 1133.8174161697173 21.236840113670215 0.3149796026533507 9.292364126759492e-05
15 47 1133.8174161697173 21.236840113670215 0.3149796026533507 9.292364126759492e-05
15 48 1133.8174161697173 21.236840113670215 0.3149796026533507 9.292364126759492e-05
15 49 1133.8174161697173 21.236840113670215 0.3149796026533507 9.292364126759492e-05
15 50 1133.8174161697173 21.236840113670215 0.3149796026533507 9.292364126759492e-05
15 51 1133.8174161697173 21.236840113670215 0.3149796026533507 9.292364126759492e-05
15 52 1133.8174161697173 21.236840113670215 0.3149796026533507 9.292364126759492e-05
15 53 1133.8174161697173 21.236840113670215 0.3149796026533507 9.292364126759492e-05
15 54 1121.5525628983326 24.147170566685737 0.29687054555658815 9.29277592045937e-05
15 55 1121.5525628983326 24.147170566685737 0.29687054555658815 9.29277592045937e-05
16 0 2545.410592832709 25.899211092317135 -0.22598970360792056 0.0002409815664401659
16 1 2545.410592832709 25.899211092317135 -0.22598970360792056 0.0002409815664401659
16 2 3152.9760073467114 50.31863873851603 2.242502879297619 -0.000680281989688924
16 3 3152.9760073467114 50.31863873851603 2.242502879297619 -0.000680281989688924
16 4 3152.9760073467114 50.31863873851603 2.242502879297619 -0.000680281989688924
16 5 3152.9760073467114 50.31863873851603 2.242502879297619 -0.000680281989688924
16 6 3152.9760073467114 50.31863873851603 2.242502879297619 -0.000680281989688924
16 7 3152.9760073467114 50.31863873851603 2.242502879297619 -0.000680281989688924
16 8 4485.289949982647 25.815498957225753 0.26670438298259436 8.851289887640038e-05
16 9 4485.289949982647 25.815498957225753 0.26670438298259436 8.851289887640038e-05
16 10 4485.289949982647 25.815498957225753 0.26670438298259436 8.851289887640038e-05
16 11 4485.289949982647 25.815498957225753 0.26670438298259436 8.851289887640038e-05
16 12 4485.289949982647 25.815498957225753 0.26670438298259436 8.851289887640038e-05
16 13 4485.289949982647 25.815498957225753 0.26670438298259436 8.851289887640038e-05
16 14 2581.776606801398 38.47896001541156 1.8844411781339558 -0.0008297370364814852
16 15 2581.776606801398 38.47896001541156 1.8844411781339558 -0.0008297370364814852
16 16 2581.776606801398 38.47896001541156 1.8844411781339558 -0.0008297370364814852
16 17 2581.776606801398 38.47896001541156 1.8844411781339558 -0.0008297370364814852
16 18 2581.776606801398 38.47896001541156 1.8844411781339558 -0.0008297370364814852
16 19 2604.739108365448 61.455708307891726 1.7608957962627483 -0.0004167258746061842
16 20 2604.739108365448 61.455708307891726 1.7608957962627483 -0.0004167258746061842
16 21 2604.739108365448 61.455708307891726 1.7608957962627483 -0.0004167258746061842
16 22 2604.739108365448 61.455708307891726 1.7608957962627483 -0.0004167258746061842
16 23 2604.739108365448 61.455708307891726 1.7608957962627483 -0.0004167258746061842
16 24 2604.739108365448 61.455708307891726 1.7608957962627483 -0.0004167258746061842
16 25 2927.2073635956117 22.19940045195265 1.8043097569920268 -0.0006975233535711782
16 26 2927.2073635956117 22.19940045195265 1.8043097569920268 -0.0006975233535711782
16 27 2927.2073635956117 22.19940045195265 1.8043097569920268 -0.0006975233535711782
16 28 2927.2073635956117 22.19940045195265 1.8043097569920268 -0.0006975233535711782
16 29 2927.2073635956117 22.19940045195265 1.8043097569920268 -0.0006975233535711782
16 30 3053.7142413198894 67.33817804651166 2.386070186036911 -0.0004694288446516311
16 31 3053.7142413198894 67.33817804651166 2.386070186036911 -0.0004694288446516311
16 32 3053.7142413198894 67.33817804651166 2.386070186036911 -0.0004694288446516311
16 33 3053.7142413198894 67.33817804651166 2.386070186036911 -0.0004694288446516311
16 34 4322.061246060454 11.393785318198482 0.7134999165696618 8.922129570754415e-06
16 35 4322.061246060454 11.393785318198482 0.7134999165696618 8.922129570754415e-06
16 36 4322.061246060454 11.393785318198482 0.7134999165696618 8.922129570754415e-06
16 37 4322.061246060454 11.393785318198482 0.7134999165696618 8.922129570754415e-06
16 38 4322.061246060454 11.393785318198482 0.7134999165696618 8.922129570754415e-06
16 39 4322.061246060454 11.393785318198482 0.7134999165696618 8.922129570754415e-06
16 40 2622.1126543865503 54.88245375041794 1.9458443664900629 0.00018411874731151176
16 41 2622.1126543865503 54.88245375041794 1.9458443664900629 0.00018411874731151176
16 42 2622.1126543865503 54.88245375041794 1.9458443664900629 0.00018411874731151176
16 43 2622.1126543865503 54.88245375041794 1.9458443664900629 0.00018411874731151176
16 44 2622.1126543865503 54.88245375041794 1.9458443664900629 0.00018411874731151176
16 45 2622.1126543865503 54.88245375041794 1.9458443664900629 0.00018411874731151176
16 46 3251.2242029538793 16.8079890685717 0.9672132328437124 -1.6069915598086137e-05
16 47 3251.2242029538793 16.8079890685717 0.9672132328437124 -1.6069915598086137e-05
16 48 3251.2242029538793 16.8079890685717 0.9672132328437124 -1.6069915598086137e-05
16 49 3251.2242029538793 16.8079890685717 0.9672132328437124 -1.6069915598086137e-05
16 50 3251.2242029538793 16.8079890685717 0.9672132328437124 -1.6069915598086137e-05
16 51 3251.2242029538793 16.8079890685717 0.9672132328437124 -1.6069915598086137e-05
16 52 3251.2242029538793 16.8079890685717 0.9672132328437124 -1.6069915598086137e-05
16 53 3251.2242029538793 16.8079890685717 0.9672132328437124 -1.6069915598086137e-05
16 54 3103.2012001008784 14.664285102553528 1.1004885078420021 -0.0002762973310134002
16 55 3103.2012001008784 14.664285102553528 1.1004885078420021 -0.0002762973310134002
17 0 5422.247891345209 28.570787244234914 0.08149126241100565 0.00047618088520638626
17 1 5422.247891345209 28.570787244234914 0.08149126241100565 0.00047618088520638626
17 2 5469.265302852527 33.499692091082146 0.5298967496647892 8.704346644222533e-06
17 3 5469.265302852527 33.499692091082146 0.5298967496647892 8.704346644222533e-06
17 4 5469.265302852527 33.499692091082146 0.5298967496647892 8.704346644222533e-06
17 5 5469.265302852527 33.499692091082146 0.5298967496647892 8.704346644222533e-06
17 6 5469.265302852527 33.499692091082146 0.5298967496647892 8.704346644222533e-06
17 7 5469.265302852527 33.499692091082146 0.5298967496647892 8.704346644222533e-06
17 8 5297.037130727122 43.39302393781912 1.8066781612739553 -5.11109745189132e-05
17 9 5297.037130727122 43.39302393781912 1.8066781612739553 -5.11109745189132e-05
17 10 5297.037130727122 43.39302393781912 1.8066781612739553 -5.11109745189132e-05
17 11 5297.037130727122 43.39302393781912 1.8066781612739553 -5.11109745189132e-05
17 12 5297.037130727122 43.39302393781912 1.8066781612739553 -5.11109745189132e-05
17 13 5297.037130727122 43.39302393781912 1.8066781612739553 -5.11109745189132e-05
17 14 5522.922274647286 31.636963053718475 0.35787044577905236 5.9783459193039096e-05
17 15 5522.922274647286 31.636963053718475 0.35787044577905236 5.9783459193039096e-05
17 16 5522.922274647286 31.636963053718475 0.35787044577905236 5.9783459193039096e-05
17 17 5522.922274647286 31.636963053718475 0.35787044577905236 5.9783459193039096e-05
17 18 5522.922274647286 31.636963053718475 0.35787044577905236 5.9783459193039096e-05
17 19 4957.378064712839 25.158580494063532 0.46483508736196716 7.683033837134281e-05
17 20 4957.378064712839 25.158580494063532 0.46483508736196716 7.683033837134281e-05
17 21 4957.378064712839 25.158580494063532 0.46483508736196716 7.683033837134281e-05
17 22 4957.378064712839 25.158580494063532 0.46483508736196716 7.683033837134281e-05
17 23 4957.378064712839 25.158580494063532 0.46483508736196716 7.683033837134281e-05
17 24 4957.378064712839 25.158580494063532 0.46483508736196716 7.683033837134281e-05
17 25 4968.1932438937 25.349581793033625 0.4862944755928724 8.553281981769184e-05
17 26 4968.1932438937 25.349581793033625 0.4862944755928724 8.553281981769184e-05
17 27 4968.1932438937 25.349581793033625 0.4862944755928724 8.553281981769184e-05
17 28 4968.1932438937 25.349581793033625 0.4862944755928724 8.553281981769184e-05
17 29 4968.1932438937 25.349581793033625 0.4862944755928724 8.553281981769184e-05
17 30 4970.90394845005 25.439221575586394 0.49789118789934284 7.392644998814929e-05
17 31 4970.90394845005 25.439221575586394 0.49789118789934284 7.392644998814929e-05
17 32 4970.90394845005 25.439221575586394 0.49789118789934284 7.392644998814929e-05
17 33 4970.90394845005 25.439221575586394 0.49789118789934284 7.392644998814929e-05
17 34 4970.132508895968 25.012284485685207 0.5102302404049808 7.159229521958523e-05
17 35 4970.132508895968 25.012284485685207 0.5102302404049808 7.159229521958523e-05
17 36 4970.132508895968 25.012284485685207 0.5102302404049808 7.159229521958523e-05
17 37 4970.132508895968 25.012284485685207 0.5102302404049808 7.159229521958523e-05
17 38 4970.132508895968 25.012284485685207 0.5102302404049808 7.159229521958523e-05
17 39 4970.132508895968 25.012284485685207 0.5102302404049808 7.159229521958523e-05
17 40 4956.426903022608 24.142796252567685 0.45883899665447747 9.042023929996277e-05
17 41 4956.426903022608 24.142796252567685 0.45883899665447747 9.042023929996277e-05
17 42 4956.426903022608 24.142796252567685 0.45883899665447747 9.042023929996277e-05
17 43 4956.426903022608 24.142796252567685 0.45883899665447747 9.042023929996277e-05
17 44 4956.426903022608 24.142796252567685 0.45883899665447747 9.042023929996277e-05
17 45 4956.426903022608 24.142796252567685 0.45883899665447747 9.042023929996277e-05
17 46 4942.257537441523 25.195268406704308 0.516017049242717 5.7160857162536006e-05
17 47 4942.257537441523 25.195268406704308 0.516017049242717 5.7160857162536006e-05
17 48 4942.257537441523 25.195268406704308 0.516017049242717 5.7160857162536006e-05
17 49 4942.257537441523 25.195268406704308 0.516017049242717 5.7160857162536006e-05
17 50 4942.257537441523 25.195268406704308 0.516017049242717 5.7160857162536006e-05
17 51 4942.257537441523 25.195268406704308 0.516017049242717 5.7160857162536006e-05
17 52 4942.257537441523 25.195268406704308 0.516017049242717 5.7160857162536006e-05
17 53 4942.257537441523 25.195268406704308 0.516017049242717 5.7160857162536006e-05
17 54 4941.750985173098 25.157943237577456 0.5045816710698723 5.859136461843493e-05
17 55 4941.750985173098 25.157943237577456 0.5045816710698723 5.859136461843493e-05
18 0 2883.952210717299 28.7449896186029 0.3897669157171825 0.00010816627265194655
18 1 2883.952210717299 28.7449896186029 0.3897669157171825 0.00010816627265194655
18 2 2922.231229628849 27.426338266128447 0.1657570726443552 0.00013071299043355126
18 3 2922.231229628849 27.426338266128447 0.1657570726443552 0.00013071299043355126
18 4 2922.231229628849 27.426338266128447 0.1657570726443552 0.00013071299043355126
18 5 2922.231229628849 27.426338266128447 0.1657570726443552 0.00013071299043355126
18 6 2922.231229628849 27.426338266128447 0.1657570726443552 0.00013071299043355126
18 7 2922.231229628849 27.426338266128447 0.1657570726443552 0.00013071299043355126
18 8 2929.6427759490443 28.27159187032362 0.5519659439114508 4.357157085108387e-05
18 9 2929.6427759490443 28.27159187032362 0.5519659439114508 4.357157085108387e-05
18 10 2929.6427759490443 28.27159187032362 0.5519659439114508 4.357157085108387e-05
18 11 2929.6427759490443 28.27159187032362 0.5519659439114508 4.357157085108387e-05
18 12 2929.6427759490443 28.27159187032362 0.5519659439114508 4.357157085108387e-05
18 13 2929.6427759490443 28.27159187032362 0.5519659439114508 4.357157085108387e-05
18 14 3081.108874110511 23.65897473050998 0.4561373554501995 6.788969337382972e-05
18 15 3081.108874110511 23.65897473050998 0.4561373554501995 6.788969337382972e-05
18 16 3081.108874110511 23.65897473050998 0.4561373554501995 6.788969337382972e-05
18 17 3081.108874110511 23.65897473050998 0.4561373554501995 6.788969337382972e-05
18 18 3081.108874110511 23.65897473050998 0.4561373554501995 6.788969337382972e-05
18 19 2629.725121249364 30.25788299414659 0.1649117891965376 -7.420633894100778e-06
18 20 2629.725121249364 30.25788299414659 0.1649117891965376 -7.420633894100778e-06
18 21 2629.725121249364 30.25788299414659 0.1649117891965376 -7.420633894100778e-06
18 22 2629.725121249364 30.25788299414659 0.1649117891965376 -7.420633894100778e-06
18 23 2629.725121249364 30.25788299414659 0.1649117891965376 -7.420633894100778e-06
18 24 2629.725121249364 30.25788299414659 0.1649117891965376 -7.420633894100778e-06
18 25 2928.1285149588102 27.8235870378075 0.3035047362033143 0.00011068582530636337
18 26 2928.1285149588102 27.8235870378075 0.3035047362033143 0.00011068582530636337
18 27 2928.1285149588102 27.8235870378075 0.3035047362033143 0.00011068582530636337
18 28 2928.1285149588102 27.8235870378075 0.3035047362033143 0.00011068582530636337
18 29 2928.1285149588102 27.8235870378075 0.3035047362033143 0.00011068582530636337
18 30 2756.350531518902 29.501430530671314 -0.7133968967377178 0.00018725115592464043
18 31 2756.350531518902 29.501430530671314 -0.7133968967377178 0.00018725115592464043
18 32 2756.350531518902 29.501430530671314 -0.7133968967377178 0.00018725115592464043
18 33 2756.350531518902 29.501430530671314 -0.7133968967377178 0.00018725115592464043
18 34 2685.9157479746495 22.88861846997041 -0.28578865558690913 0.00014418155985397718
18 35 2685.9157479746495 22.88861846997041 -0.28578865558690913 0.00014418155985397718
18 36 2685.9157479746495 22.88861846997041 -0.28578865558690913 0.00014418155985397718
18 37 2685.9157479746495 22.88861846997041 -0.28578865558690913 0.00014418155985397718
18 38 2685.9157479746495 22.88861846997041 -0.28578865558690913 0.00014418155985397718
18 39 2685.9157479746495 22.88861846997041 -0.28578865558690913 0.00014418155985397718
18 40 2625.067250410821 44.63035565480108 1.9754342869054788 -0.0005756914538826475
18 41 2625.067250410821 44.63035565480108 1.9754342869054788 -0.0005756914538826475
18 42 2625.067250410821 44.63035565480108 1.9754342869054788 -0.0005756914538826475
18 43 2625.067250410821 44.63035565480108 1.9754342869054788 -0.0005756914538826475
18 44 2625.067250410821 44.63035565480108 1.9754342869054788 -0.0005756914538826475
18 45 2625.067250410821 44.63035565480108 1.9754342869054788 -0.0005756914538826475
18 46 2607.0312088545825 28.06927932077695 0.238450324110687 0.00017565488824426001
18 47 2607.0312088545825 28.06927932077695 0.238450324110687 0.00017565488824426001
18 48 2607.0312088545825 28.06927932077695 0.238450324110687 0.00017565488824426001
18 49 2607.0312088545825 28.06927932077695 0.238450324110687 0.00017565488824426001
18 50 2607.0312088545825 28.06927932077695 0.238450324110687 0.00017565488824426001
18 51 2607.0312088545825 28.06927932077695 0.238450324110687 0.00017565488824426001
18 52 2607.0312088545825 28.06927932077695 0.238450324110687 0.00017565488824426001
18 53 2607.0312088545825 28.06927932077695 0.238450324110687 0.00017565488824426001
18 54 2552.2795454074535 27.411407646116153 0.27054449833881433 0.00027376427507095876
18 55 2552.2795454074535 27.411407646116153 0.27054449833881433 0.00027376427507095876
19 0 6291.675070686497 20.85185830984487 0.3160009241479495 9.32163810537102e-05
19 1 6291.675070686497 20.85185830984487 0.3160009241479495 9.32163810537102e-05
19 2 6191.324346960387 21.450293629307872 0.23034547309749615 0.00010710955014025512
19 3 6191.324346960387 21.450293629307872 0.23034547309749615 0.00010710955014025512
19 4 6191.324346960387 21.450293629307872 0.23034547309749615 0.00010710955014025512
19 5 6191.324346960387 21.450293629307872 0.23034547309749615 0.00010710955014025512
19 6 6191.324346960387 21.450293629307872 0.23034547309749615 0.00010710955014025512
19 7 6191.324346960387 21.450293629307872 0.23034547309749615 0.00010710955014025512
19 8 6311.60312289068 20.797916052687814 0.27736307279315475 9.292364660394456e-05
19 9 6311.60312289068 20.797916052687814 0.27736307279315475 9.292364660394456e-05
19 10 6311.60312289068 20.797916052687814 0.27736307279315475 9.292364660394456e-05
19 11 6311.60312289068 20.797916052687814 0.27736307279315475 9.292364660394456e-05
19 12 6311.60312289068 20.797916052687814 0.27736307279315475 9.292364660394456e-05
19 13 6311.60312289068 20.797916052687814 0.27736307279315475 9.292364660394456e-05
19 14 6237.3698856943865 23.704856144369646 0.40190779893890893 0.00010503748047384988
19 15 6237.3698856943865 23.704856144369646 0.40190779893890893 0.00010503748047384988
19 16 6237.3698856943865 23.704856144369646 0.40190779893890893 0.00010503748047384988
19 17 6237.3698856943865 23.704856144369646 0.40190779893890893 0.00010503748047384988
19 18 6237.3698856943865 23.704856144369646 0.40190779893890893 0.00010503748047384988
19 19 5807.536628142952 20.238487847930088 0.7559285698514695 0.00012630224233298103
19 20 5807.536628142952 20.238487847930088 0.7559285698514695 0.00012630224233298103
19 21 5807.536628142952 20.238487847930088 0.7559285698514695 0.00012630224233298103
19 22 5807.536628142952 20.238487847930088 0.7559285698514695 0.00012630224233298103
19 23 5807.536628142952 20.238487847930088 0.7559285698514695 0.00012630224233298103
19 24 5807.536628142952 20.238487847930088 0.7559285698514695 0.00012630224233298103
19 25 6152.8099140412005 25.234204470335776 0.4388889083705435 0.00010106529571797746
19 26 6152.8099140412005 25.234204470335776 0.4388889083705435 0.00010106529571797746
19 27 6152.8099140412005 25.234204470335776 0.4388889083705435 0.00010106529571797746
19 28 6152.8099140412005 25.234204470335776 0.4388889083705435 0.00010106529571797746
19 29 6152.8099140412005 25.234204470335776 0.4388889083705435 0.00010106529571797746
19 30 6036.920545696145 24.469531992581913 -0.006016876377783809 0.0001029133916936384
19 31 6036.920545696145 24.469531992581913 -0.006016876377783809 0.0001029133916936384
19 32 6036.920545696145 24.469531992581913 -0.006016876377783809 0.0001029133916936384
19 33 6036.920545696145 24.469531992581913 -0.006016876377783809 0.0001029133916936384
19 34 5429.083744776812 20.790629987149195 0.1484843645827199 -1.3202414681250452e-05
19 35 5429.083744776812 20.790629987149195 0.1484843645827199 -1.3202414681250452e-05
19 36 5429.083744776812 20.790629987149195 0.1484843645827199 -1.3202414681250452e-05
19 37 5429.083744776812 20.790629987149195 0.1484843645827199 -1.3202414681250452e-05
19 38 5429.083744776812 20.790629987149195 0.1484843645827199 -1.3202414681250452e-05
19 39 5429.083744776812 20.790629987149195 0.1484843645827199 -1.3202414681250452e-05
19 40 6347.3642760161665 21.68622454863501 0.3107969162595226 0.00010484456895010972
19 41 6347.3642760161665 21.68622454863501 0.3107969162595226 0.00010484456895010972
19 42 6347.3642760161665 21.68622454863501 0.3107969162595226 0.00010484456895010972
19 43 6347.3642760161665 21.68622454863501 0.3107969162595226 0.00010484456895010972
19 44 6347.3642760161665 21.68622454863501 0.3107969162595226 0.00010484456895010972
19 45 6347.3642760161665 21.68622454863501 0.3107969162595226 0.00010484456895010972
19 46 5462.70436726188 19.998515647407817 -0.4568615039349481 -0.0002473890778777062
19 47 5462.70436726188 19.998515647407817 -0.4568615039349481 -0.0002473890778777062
19 48 5462.70436726188 19.998515647407817 -0.4568615039349481 -0.0002473890778777062
19 49 5462.70436726188 19.998515647407817 -0.4568615039349481 -0.0002473890778777062
19 50 5462.70436726188 19.998515647407817 -0.4568615039349481 -0.0002473890778777062
19 51 5462.70436726188 19.998515647407817 -0.4568615039349481 -0.0002473890778777062
19 52 5462.70436726188 19.998515647407817 -0.4568615039349481 -0.0002473890778777062
19 53 5462.70436726188 19.998515647407817 -0.4568615039349481 -0.0002473890778777062
19 54 6310.327935505444 21.161828473757907 0.28634909009182075 9.065866398194061e-05
19 55 6310.327935505444 21.161828473757907 0.28634909009182075 9.065866398194061e-05
