order obs chisq vsini limbdark rv
0 0 23064.41293939637 44.032555593941844 0.10752792494191087 9.868189010315457e-05
0 1 23064.41293939637 44.032555593941844 0.10752792494191087 9.868189010315457e-05
0 2 25314.77156592817 23.10408268427869 0.3521531608985315 9.682387911334411e-05
0 3 25314.77156592817 23.10408268427869 0.3521531608985315 9.682387911334411e-05
0 4 25314.77156592817 23.10408268427869 0.3521531608985315 9.682387911334411e-05
0 5 25314.77156592817 23.10408268427869 0.3521531608985315 9.682387911334411e-05
0 6 25314.77156592817 23.10408268427869 0.3521531608985315 9.682387911334411e-05
0 7 25314.77156592817 23.10408268427869 0.3521531608985315 9.682387911334411e-05
0 8 25434.361930836567 22.48203239236763 0.33150247445014513 7.921457286342097e-05
0 9 25434.361930836567 22.48203239236763 0.33150247445014513 7.921457286342097e-05
0 10 25434.361930836567 22.48203239236763 0.33150247445014513 7.921457286342097e-05
0 11 25434.361930836567 22.48203239236763 0.33150247445014513 7.921457286342097e-05
0 12 25434.361930836567 22.48203239236763 0.33150247445014513 7.921457286342097e-05
0 13 25434.361930836567 22.48203239236763 0.33150247445014513 7.921457286342097e-05
0 14 25399.467992299524 23.613099551574265 0.3287825291232682 0.00010234428625478806
0 15 25399.467992299524 23.613099551574265 0.3287825291232682 0.00010234428625478806
0 16 25399.467992299524 23.613099551574265 0.3287825291232682 0.00010234428625478806
0 17 25399.467992299524 23.613099551574265 0.3287825291232682 0.00010234428625478806
0 18 25399.467992299524 23.613099551574265 0.3287825291232682 0.00010234428625478806
0 19 37860.581765204304 19.150010131060018 0.3317129595480486 0.00010019540827932372
0 20 37860.581765204304 19.150010131060018 0.3317129595480486 0.00010019540827932372
0 21 37860.581765204304 19.150010131060018 0.3317129595480486 0.00010019540827932372
0 22 37860.581765204304 19.150010131060018 0.3317129595480486 0.00010019540827932372
0 23 37860.581765204304 19.150010131060018 0.3317129595480486 0.00010019540827932372
0 24 37860.581765204304 19.150010131060018 0.3317129595480486 0.00010019540827932372
0 25 25421.90065217782 22.25700558758343 0.3271550109239578 8.469820020100076e-05
0 26 25421.90065217782 22.25700558758343 0.3271550109239578 8.469820020100076e-05
0 27 25421.90065217782 22.25700558758343 0.3271550109239578 8.469820020100076e-05
0 28 25421.90065217782 22.25700558758343 0.3271550109239578 8.469820020100076e-05
0 29 25421.90065217782 22.25700558758343 0.3271550109239578 8.469820020100076e-05
0 30 25903.123949342487 18.686423440304697 0.36403516807194447 8.98426966075782e-05
0 31 25903.123949342487 18.686423440304697 0.36403516807194447 8.98426966075782e-05
0 32 25903.123949342487 18.686423440304697 0.36403516807194447 8.98426966075782e-05
0 33 25903.123949342487 18.686423440304697 0.36403516807194447 8.98426966075782e-05
0 34 25746.90444109004 19.69575263106207 0.3073658610383736 0.00010329484920577226
0 35 25746.90444109004 19.69575263106207 0.3073658610383736 0.00010329484920577226
0 36 25746.90444109004 19.69575263106207 0.3073658610383736 0.00010329484920577226
0 37 25746.90444109004 19.69575263106207 0.3073658610383736 0.00010329484920577226
0 38 25746.90444109004 19.69575263106207 0.3073658610383736 0.00010329484920577226
0 39 25746.90444109004 19.69575263106207 0.3073658610383736 0.00010329484920577226
0 40 27730.81321351623 22.711117443859347 0.3817336454977156 9.816884952511956e-05
0 41 27730.81321351623 22.711117443859347 0.3817336454977156 9.816884952511956e-05
0 42 27730.81321351623 22.711117443859347 0.3817336454977156 9.816884952511956e-05
0 43 27730.81321351623 22.711117443859347 0.3817336454977156 9.816884952511956e-05
0 44 27730.81321351623 22.711117443859347 0.3817336454977156 9.816884952511956e-05
0 45 27730.81321351623 22.711117443859347 0.3817336454977156 9.816884952511956e-05
0 46 25606.174561040694 27.867380616588203 0.30827947439927705 8.398294468794023e-05
0 47 25606.174561040694 27.867380616588203 0.30827947439927705 8.398294468794023e-05
0 48 25606.174561040694 27.867380616588203 0.30827947439927705 8.398294468794023e-05
0 49 25606.174561040694 27.867380616588203 0.30827947439927705 8.398294468794023e-05
0 50 25606.174561040694 27.867380616588203 0.30827947439927705 8.398294468794023e-05
0 51 25606.174561040694 27.867380616588203 0.30827947439927705 8.398294468794023e-05
0 52 25606.174561040694 27.867380616588203 0.30827947439927705 8.398294468794023e-05
0 53 25606.174561040694 27.867380616588203 0.30827947439927705 8.398294468794023e-05
0 54 25532.60799579646 21.362846513822692 0.3163545413596749 0.00010901689528164555
0 55 25532.60799579646 21.362846513822692 0.3163545413596749 0.00010901689528164555
1 0 1522.8974782108298 26.40880761052741 0.7021248510235552 9.196996600849558e-05
1 1 1522.8974782108298 26.40880761052741 0.7021248510235552 9.196996600849558e-05
1 2 1569.6241125013419 25.273807115199972 0.2638855863019397 9.92417337006467e-05
1 3 1569.6241125013419 25.273807115199972 0.2638855863019397 9.92417337006467e-05
1 4 1569.6241125013419 25.273807115199972 0.2638855863019397 9.92417337006467e-05
1 5 1569.6241125013419 25.273807115199972 0.2638855863019397 9.92417337006467e-05
1 6 1569.6241125013419 25.273807115199972 0.2638855863019397 9.92417337006467e-05
1 7 1569.6241125013419 25.273807115199972 0.2638855863019397 9.92417337006467e-05
1 8 1543.4702667710235 25.4135667495704 0.33648314300572835 0.00014501809920148601
1 9 1543.4702667710235 25.4135667495704 0.33648314300572835 0.00014501809920148601
1 10 1543.4702667710235 25.4135667495704 0.33648314300572835 0.00014501809920148601
1 11 1543.4702667710235 25.4135667495704 0.33648314300572835 0.00014501809920148601
1 12 1543.4702667710235 25.4135667495704 0.33648314300572835 0.00014501809920148601
1 13 1543.4702667710235 25.4135667495704 0.33648314300572835 0.00014501809920148601
1 14 1655.2792987604669 25.798178777242867 0.33945574955070035 8.970499032207053e-05
1 15 1655.2792987604669 25.798178777242867 0.33945574955070035 8.970499032207053e-05
1 16 1655.2792987604669 25.798178777242867 0.33945574955070035 8.970499032207053e-05
1 17 1655.2792987604669 25.798178777242867 0.33945574955070035 8.970499032207053e-05
1 18 1655.2792987604669 25.798178777242867 0.33945574955070035 8.970499032207053e-05
1 19 1771.1966743826924 24.414864893456624 0.3291508881241587 6.300211023043103e-05
1 20 1771.1966743826924 24.414864893456624 0.3291508881241587 6.300211023043103e-05
1 21 1771.1966743826924 24.414864893456624 0.3291508881241587 6.300211023043103e-05
1 22 1771.1966743826924 24.414864893456624 0.3291508881241587 6.300211023043103e-05
1 23 1771.1966743826924 24.414864893456624 0.3291508881241587 6.300211023043103e-05
1 24 1771.1966743826924 24.414864893456624 0.3291508881241587 6.300211023043103e-05
1 25 1561.1051568287496 25.24700416100564 0.21826915188538637 0.0001918671655927401
1 26 1561.1051568287496 25.24700416100564 0.21826915188538637 0.0001918671655927401
1 27 1561.1051568287496 25.24700416100564 0.21826915188538637 0.0001918671655927401
1 28 1561.1051568287496 25.24700416100564 0.21826915188538637 0.0001918671655927401
1 29 1561.1051568287496 25.24700416100564 0.21826915188538637 0.0001918671655927401
1 30 1644.9902152867114 25.481611152487957 0.5210843308161177 0.00011247396435144717
1 31 1644.9902152867114 25.481611152487957 0.5210843308161177 0.00011247396435144717
1 32 1644.9902152867114 25.481611152487957 0.5210843308161177 0.00011247396435144717
1 33 1644.9902152867114 25.481611152487957 0.5210843308161177 0.00011247396435144717
1 34 1617.3185360896132 25.594243497674455 0.34197755592746115 0.00010901689523021278
1 35 1617.3185360896132 25.594243497674455 0.34197755592746115 0.00010901689523021278
1 36 1617.3185360896132 25.594243497674455 0.34197755592746115 0.00010901689523021278
1 37 1617.3185360896132 25.594243497674455 0.34197755592746115 0.00010901689523021278
1 38 1617.3185360896132 25.594243497674455 0.34197755592746115 0.00010901689523021278
1 39 1617.3185360896132 25.594243497674455 0.34197755592746115 0.00010901689523021278
1 40 1648.7231721917212 25.774569552803243 0.3475047379354923 5.1438808402517566e-05
1 41 1648.7231721917212 25.774569552803243 0.3475047379354923 5.1438808402517566e-05
1 42 1648.7231721917212 25.774569552803243 0.3475047379354923 5.1438808402517566e-05
1 43 1648.7231721917212 25.774569552803243 0.3475047379354923 5.1438808402517566e-05
1 44 1648.7231721917212 25.774569552803243 0.3475047379354923 5.1438808402517566e-05
1 45 1648.7231721917212 25.774569552803243 0.3475047379354923 5.1438808402517566e-05
1 46 1645.3549271015404 25.41256751175235 0.2561178205653827 7.468462046487028e-05
1 47 1645.3549271015404 25.41256751175235 0.2561178205653827 7.468462046487028e-05
1 48 1645.3549271015404 25.41256751175235 0.2561178205653827 7.468462046487028e-05
1 49 1645.3549271015404 25.41256751175235 0.2561178205653827 7.468462046487028e-05
1 50 1645.3549271015404 25.41256751175235 0.2561178205653827 7.468462046487028e-05
1 51 1645.3549271015404 25.41256751175235 0.2561178205653827 7.468462046487028e-05
1 52 1645.3549271015404 25.41256751175235 0.2561178205653827 7.468462046487028e-05
1 53 1645.3549271015404 25.41256751175235 0.2561178205653827 7.468462046487028e-05
1 54 1557.39531358678 25.750428002224538 0.48586615040651504 0.00010722875612697894
1 55 1557.39531358678 25.750428002224538 0.48586615040651504 0.00010722875612697894
2 0 1474.0713249787889 25.575371252335557 0.245493172376559 8.612871169778348e-05
2 1 1474.0713249787889 25.575371252335557 0.245493172376559 8.612871169778348e-05
2 2 1473.0532076590248 25.81385071920225 0.3234887303858967 8.696317673509276e-05
2 3 1473.0532076590248 25.81385071920225 0.3234887303858967 8.696317673509276e-05
2 4 1473.0532076590248 25.81385071920225 0.3234887303858967 8.696317673509276e-05
2 5 1473.0532076590248 25.81385071920225 0.3234887303858967 8.696317673509276e-05
2 6 1473.0532076590248 25.81385071920225 0.3234887303858967 8.696317673509276e-05
2 7 1473.0532076590248 25.81385071920225 0.3234887303858967 8.696317673509276e-05
2 8 1468.410177810567 25.79269543084933 0.3378391039803662 8.282081109530475e-05
2 9 1468.410177810567 25.79269543084933 0.3378391039803662 8.282081109530475e-05
2 10 1468.410177810567 25.79269543084933 0.3378391039803662 8.282081109530475e-05
2 11 1468.410177810567 25.79269543084933 0.3378391039803662 8.282081109530475e-05
2 12 1468.410177810567 25.79269543084933 0.3378391039803662 8.282081109530475e-05
2 13 1468.410177810567 25.79269543084933 0.3378391039803662 8.282081109530475e-05
2 14 1480.2306309304513 25.662614407280557 0.29211744793313255 9.028235630460324e-05
2 15 1480.2306309304513 25.662614407280557 0.29211744793313255 9.028235630460324e-05
2 16 1480.2306309304513 25.662614407280557 0.29211744793313255 9.028235630460324e-05
2 17 1480.2306309304513 25.662614407280557 0.29211744793313255 9.028235630460324e-05
2 18 1480.2306309304513 25.662614407280557 0.29211744793313255 9.028235630460324e-05
2 19 1473.638067718004 25.622283237144984 0.2678033260298878 7.134675979654228e-05
2 20 1473.638067718004 25.622283237144984 0.2678033260298878 7.134675979654228e-05
2 21 1473.638067718004 25.622283237144984 0.2678033260298878 7.134675979654228e-05
2 22 1473.638067718004 25.622283237144984 0.2678033260298878 7.134675979654228e-05
2 23 1473.638067718004 25.622283237144984 0.2678033260298878 7.134675979654228e-05
2 24 1473.638067718004 25.622283237144984 0.2678033260298878 7.134675979654228e-05
2 25 1479.5994920745375 25.818202277756605 0.35742145500702716 9.270769333182945e-05
2 26 1479.5994920745375 25.818202277756605 0.35742145500702716 9.270769333182945e-05
2 27 1479.5994920745375 25.818202277756605 0.35742145500702716 9.270769333182945e-05
2 28 1479.5994920745375 25.818202277756605 0.35742145500702716 9.270769333182945e-05
2 29 1479.5994920745375 25.818202277756605 0.35742145500702716 9.270769333182945e-05
2 30 1490.1772509368693 25.643821990730263 0.31495338935057854 8.875131555359601e-05
2 31 1490.1772509368693 25.643821990730263 0.31495338935057854 8.875131555359601e-05
2 32 1490.1772509368693 25.643821990730263 0.31495338935057854 8.875131555359601e-05
2 33 1490.1772509368693 25.643821990730263 0.31495338935057854 8.875131555359601e-05
2 34 1492.9264245931058 25.551770221210223 0.35175279256062336 7.981061909586852e-05
2 35 1492.9264245931058 25.551770221210223 0.35175279256062336 7.981061909586852e-05
2 36 1492.9264245931058 25.551770221210223 0.35175279256062336 7.981061909586852e-05
2 37 1492.9264245931058 25.551770221210223 0.35175279256062336 7.981061909586852e-05
2 38 1492.9264245931058 25.551770221210223 0.35175279256062336 7.981061909586852e-05
2 39 1492.9264245931058 25.551770221210223 0.35175279256062336 7.981061909586852e-05
2 40 1471.2997375560556 26.022759829239618 0.4054430780576337 7.909537155308016e-05
2 41 1471.2997375560556 26.022759829239618 0.4054430780576337 7.909537155308016e-05
2 42 1471.2997375560556 26.022759829239618 0.4054430780576337 7.909537155308016e-05
2 43 1471.2997375560556 26.022759829239618 0.4054430780576337 7.909537155308016e-05
2 44 1471.2997375560556 26.022759829239618 0.4054430780576337 7.909537155308016e-05
2 45 1471.2997375560556 26.022759829239618 0.4054430780576337 7.909537155308016e-05
2 46 1489.5460095142394 25.59676506909082 0.32153366780010595 9.256601316150605e-05
2 47 1489.5460095142394 25.59676506909082 0.32153366780010595 9.256601316150605e-05
2 48 1489.5460095142394 25.59676506909082 0.32153366780010595 9.256601316150605e-05
2 49 1489.5460095142394 25.59676506909082 0.32153366780010595 9.256601316150605e-05
2 50 1489.5460095142394 25.59676506909082 0.32153366780010595 9.256601316150605e-05
2 51 1489.5460095142394 25.59676506909082 0.32153366780010595 9.256601316150605e-05
2 52 1489.5460095142394 25.59676506909082 0.32153366780010595 9.256601316150605e-05
2 53 1489.5460095142394 25.59676506909082 0.32153366780010595 9.256601316150605e-05
2 54 1490.4964889661373 25.573217155321423 0.3009659841548642 9.018182777015461e-05
2 55 1490.4964889661373 25.573217155321423 0.3009659841548642 9.018182777015461e-05
3 0 893.6664958343313 24.397367547892102 0.42964328100639104 8.314847971290944e-05
3 1 893.6664958343313 24.397367547892102 0.42964328100639104 8.314847971290944e-05
3 2 893.3007737076232 24.182282591573635 0.3735719312518715 0.00010909758001750419
3 3 893.3007737076232 24.182282591573635 0.3735719312518715 0.00010909758001750419
3 4 893.3007737076232 24.182282591573635 0.3735719312518715 0.00010909758001750419
3 5 893.3007737076232 24.182282591573635 0.3735719312518715 0.00010909758001750419
3 6 893.3007737076232 24.182282591573635 0.3735719312518715 0.00010909758001750419
3 7 893.3007737076232 24.182282591573635 0.3735719312518715 0.00010909758001750419
3 8 911.3233978635903 24.648257422168598 0.27080747737584776 9.328126907625503e-05
3 9 911.3233978635903 24.648257422168598 0.27080747737584776 9.328126907625503e-05
3 10 911.3233978635903 24.648257422168598 0.27080747737584776 9.328126907625503e-05
3 11 911.3233978635903 24.648257422168598 0.27080747737584776 9.328126907625503e-05
3 12 911.3233978635903 24.648257422168598 0.27080747737584776 9.328126907625503e-05
3 13 911.3233978635903 24.648257422168598 0.27080747737584776 9.328126907625503e-05
3 14 907.8148385180941 23.363288090690396 0.02179952372655299 9.590387328066896e-05
3 15 907.8148385180941 23.363288090690396 0.02179952372655299 9.590387328066896e-05
3 16 907.8148385180941 23.363288090690396 0.02179952372655299 9.590387328066896e-05
3 17 907.8148385180941 23.363288090690396 0.02179952372655299 9.590387328066896e-05
3 18 907.8148385180941 23.363288090690396 0.02179952372655299 9.590387328066896e-05
3 19 896.8985764600455 23.45389650185014 0.0627506002228452 8.183717663038639e-05
3 20 896.8985764600455 23.45389650185014 0.0627506002228452 8.183717663038639e-05
3 21 896.8985764600455 23.45389650185014 0.0627506002228452 8.183717663038639e-05
3 22 896.8985764600455 23.45389650185014 0.0627506002228452 8.183717663038639e-05
3 23 896.8985764600455 23.45389650185014 0.0627506002228452 8.183717663038639e-05
3 24 896.8985764600455 23.45389650185014 0.0627506002228452 8.183717663038639e-05
3 25 894.6524764008984 23.537463744700418 0.10065810200326747 9.435415272108851e-05
3 26 894.6524764008984 23.537463744700418 0.10065810200326747 9.435415272108851e-05
3 27 894.6524764008984 23.537463744700418 0.10065810200326747 9.435415272108851e-05
3 28 894.6524764008984 23.537463744700418 0.10065810200326747 9.435415272108851e-05
3 29 894.6524764008984 23.537463744700418 0.10065810200326747 9.435415272108851e-05
3 30 898.8676639602983 24.12026513715346 0.3186103197908873 9.292364120018018e-05
3 31 898.8676639602983 24.12026513715346 0.3186103197908873 9.292364120018018e-05
3 32 898.8676639602983 24.12026513715346 0.3186103197908873 9.292364120018018e-05
3 33 898.8676639602983 24.12026513715346 0.3186103197908873 9.292364120018018e-05
3 34 896.0521352787064 24.213132601583432 0.377310798552016 8.946657177837409e-05
3 35 896.0521352787064 24.213132601583432 0.377310798552016 8.946657177837409e-05
3 36 896.0521352787064 24.213132601583432 0.377310798552016 8.946657177837409e-05
3 37 896.0521352787064 24.213132601583432 0.377310798552016 8.946657177837409e-05
3 38 896.0521352787064 24.213132601583432 0.377310798552016 8.946657177837409e-05
3 39 896.0521352787064 24.213132601583432 0.377310798552016 8.946657177837409e-05
3 40 903.4688824595235 24.752116109191675 0.5165929951000495 9.447207881704085e-05
3 41 903.4688824595235 24.752116109191675 0.5165929951000495 9.447207881704085e-05
3 42 903.4688824595235 24.752116109191675 0.5165929951000495 9.447207881704085e-05
3 43 903.4688824595235 24.752116109191675 0.5165929951000495 9.447207881704085e-05
3 44 903.4688824595235 24.752116109191675 0.5165929951000495 9.447207881704085e-05
3 45 903.4688824595235 24.752116109191675 0.5165929951000495 9.447207881704085e-05
3 46 922.1778383989216 23.46722399312642 0.3396028925140804 9.578466440080781e-05
3 47 922.1778383989216 23.46722399312642 0.3396028925140804 9.578466440080781e-05
3 48 922.1778383989216 23.46722399312642 0.3396028925140804 9.578466440080781e-05
3 49 922.1778383989216 23.46722399312642 0.3396028925140804 9.578466440080781e-05
3 50 922.1778383989216 23.46722399312642 0.3396028925140804 9.578466440080781e-05
3 51 922.1778383989216 23.46722399312642 0.3396028925140804 9.578466440080781e-05
3 52 922.1778383989216 23.46722399312642 0.3396028925140804 9.578466440080781e-05
3 53 922.1778383989216 23.46722399312642 0.3396028925140804 9.578466440080781e-05
3 54 912.9794143624429 24.20245452296955 0.352204340742842 9.270272256339289e-05
3 55 912.9794143624429 24.20245452296955 0.352204340742842 9.270272256339289e-05
4 0 822.1923095214581 20.722958057884924 0.18049790238866373 9.585010179047646e-05
4 1 822.1923095214581 20.722958057884924 0.18049790238866373 9.585010179047646e-05
4 2 832.7095235846031 21.907881232893224 0.31266479737668773 9.448275273880053e-05
4 3 832.7095235846031 21.907881232893224 0.31266479737668773 9.448275273880053e-05
4 4 832.7095235846031 21.907881232893224 0.31266479737668773 9.448275273880053e-05
4 5 832.7095235846031 21.907881232893224 0.31266479737668773 9.448275273880053e-05
4 6 832.7095235846031 21.907881232893224 0.31266479737668773 9.448275273880053e-05
4 7 832.7095235846031 21.907881232893224 0.31266479737668773 9.448275273880053e-05
4 8 829.0862940602568 20.761880760548554 0.3327512675692269 9.455095575348004e-05
4 9 829.0862940602568 20.761880760548554 0.3327512675692269 9.455095575348004e-05
4 10 829.0862940602568 20.761880760548554 0.3327512675692269 9.455095575348004e-05
4 11 829.0862940602568 20.761880760548554 0.3327512675692269 9.455095575348004e-05
4 12 829.0862940602568 20.761880760548554 0.3327512675692269 9.455095575348004e-05
4 13 829.0862940602568 20.761880760548554 0.3327512675692269 9.455095575348004e-05
4 14 830.580924345496 20.860701281920143 0.30982819151435514 9.423494289282237e-05
4 15 830.580924345496 20.860701281920143 0.30982819151435514 9.423494289282237e-05
4 16 830.580924345496 20.860701281920143 0.30982819151435514 9.423494289282237e-05
4 17 830.580924345496 20.860701281920143 0.30982819151435514 9.423494289282237e-05
4 18 830.580924345496 20.860701281920143 0.30982819151435514 9.423494289282237e-05
4 19 829.7490659130979 20.732204328482993 0.31194255075456595 9.351968769616123e-05
4 20 829.7490659130979 20.732204328482993 0.31194255075456595 9.351968769616123e-05
4 21 829.7490659130979 20.732204328482993 0.31194255075456595 9.351968769616123e-05
4 22 829.7490659130979 20.732204328482993 0.31194255075456595 9.351968769616123e-05
4 23 829.7490659130979 20.732204328482993 0.31194255075456595 9.351968769616123e-05
4 24 829.7490659130979 20.732204328482993 0.31194255075456595 9.351968769616123e-05
4 25 827.9428109050087 20.947524475758087 0.3250630597808061 9.077810451286225e-05
4 26 827.9428109050087 20.947524475758087 0.3250630597808061 9.077810451286225e-05
4 27 827.9428109050087 20.947524475758087 0.3250630597808061 9.077810451286225e-05
4 28 827.9428109050087 20.947524475758087 0.3250630597808061 9.077810451286225e-05
4 29 827.9428109050087 20.947524475758087 0.3250630597808061 9.077810451286225e-05
4 30 833.0818028341519 21.99062824888812 0.32404380740862504 9.13739205189896e-05
4 31 833.0818028341519 21.99062824888812 0.32404380740862504 9.13739205189896e-05
4 32 833.0818028341519 21.99062824888812 0.32404380740862504 9.13739205189896e-05
4 33 833.0818028341519 21.99062824888812 0.32404380740862504 9.13739205189896e-05
4 34 833.4840402003422 21.854700286856907 0.316917225084142 9.14931296654502e-05
4 35 833.4840402003422 21.854700286856907 0.316917225084142 9.14931296654502e-05
4 36 833.4840402003422 21.854700286856907 0.316917225084142 9.14931296654502e-05
4 37 833.4840402003422 21.854700286856907 0.316917225084142 9.14931296654502e-05
4 38 833.4840402003422 21.854700286856907 0.316917225084142 9.14931296654502e-05
4 39 833.4840402003422 21.854700286856907 0.316917225084142 9.14931296654502e-05
4 40 829.854575669337 20.784034602761707 0.30870580821309374 9.006261824523581e-05
4 41 829.854575669337 20.784034602761707 0.30870580821309374 9.006261824523581e-05
4 42 829.854575669337 20.784034602761707 0.30870580821309374 9.006261824523581e-05
4 43 829.854575669337 20.784034602761707 0.30870580821309374 9.006261824523581e-05
4 44 829.854575669337 20.784034602761707 0.30870580821309374 9.006261824523581e-05
4 45 829.854575669337 20.784034602761707 0.30870580821309374 9.006261824523581e-05
4 46 829.3586635060165 21.21858894804103 0.3166969090034023 9.08970834263446e-05
4 47 829.3586635060165 21.21858894804103 0.3166969090034023 9.08970834263446e-05
4 48 829.3586635060165 21.21858894804103 0.3166969090034023 9.08970834263446e-05
4 49 829.3586635060165 21.21858894804103 0.3166969090034023 9.08970834263446e-05
4 50 829.3586635060165 21.21858894804103 0.3166969090034023 9.08970834263446e-05
4 51 829.3586635060165 21.21858894804103 0.3166969090034023 9.08970834263446e-05
4 52 829.3586635060165 21.21858894804103 0.3166969090034023 9.08970834263446e-05
4 53 829.3586635060165 21.21858894804103 0.3166969090034023 9.08970834263446e-05
4 54 806.9826689177221 19.51124054141484 -0.18192331182330493 9.45925712494456e-05
4 55 806.9826689177221 19.51124054141484 -0.18192331182330493 9.45925712494456e-05
5 0 805.395768578591 17.700455414721496 0.3221893951928595 8.255243663305724e-05
5 1 805.395768578591 17.700455414721496 0.3221893951928595 8.255243663305724e-05
5 2 805.4505846524542 17.442966739120813 0.3021419897340204 8.434057006203905e-05
5 3 805.4505846524542 17.442966739120813 0.3021419897340204 8.434057006203905e-05
5 4 805.4505846524542 17.442966739120813 0.3021419897340204 8.434057006203905e-05
5 5 805.4505846524542 17.442966739120813 0.3021419897340204 8.434057006203905e-05
5 6 805.4505846524542 17.442966739120813 0.3021419897340204 8.434057006203905e-05
5 7 805.4505846524542 17.442966739120813 0.3021419897340204 8.434057006203905e-05
5 8 805.3412106155857 17.56839827516901 0.30852780084351245 8.39058927958929e-05
5 9 805.3412106155857 17.56839827516901 0.30852780084351245 8.39058927958929e-05
5 10 805.3412106155857 17.56839827516901 0.30852780084351245 8.39058927958929e-05
5 11 805.3412106155857 17.56839827516901 0.30852780084351245 8.39058927958929e-05
5 12 805.3412106155857 17.56839827516901 0.30852780084351245 8.39058927958929e-05
5 13 805.3412106155857 17.56839827516901 0.30852780084351245 8.39058927958929e-05
5 14 805.0291530727567 17.580388063542507 0.3339419308539445 9.936094370662653e-05
5 15 805.0291530727567 17.580388063542507 0.3339419308539445 9.936094370662653e-05
5 16 805.0291530727567 17.580388063542507 0.3339419308539445 9.936094370662653e-05
5 17 805.0291530727567 17.580388063542507 0.3339419308539445 9.936094370662653e-05
5 18 805.0291530727567 17.580388063542507 0.3339419308539445 9.936094370662653e-05
5 19 804.9831063162812 17.581105039885678 0.32958325130586524 9.936094300553714e-05
5 20 804.9831063162812 17.581105039885678 0.32958325130586524 9.936094300553714e-05
5 21 804.9831063162812 17.581105039885678 0.32958325130586524 9.936094300553714e-05
5 22 804.9831063162812 17.581105039885678 0.32958325130586524 9.936094300553714e-05
5 23 804.9831063162812 17.581105039885678 0.32958325130586524 9.936094300553714e-05
5 24 804.9831063162812 17.581105039885678 0.32958325130586524 9.936094300553714e-05
5 25 804.0781968916613 18.303656315856788 0.6042545762921488 9.832016622569203e-05
5 26 804.0781968916613 18.303656315856788 0.6042545762921488 9.832016622569203e-05
5 27 804.0781968916613 18.303656315856788 0.6042545762921488 9.832016622569203e-05
5 28 804.0781968916613 18.303656315856788 0.6042545762921488 9.832016622569203e-05
5 29 804.0781968916613 18.303656315856788 0.6042545762921488 9.832016622569203e-05
5 30 804.9848218172187 17.58802862922842 0.331282405083641 9.828805946769905e-05
5 31 804.9848218172187 17.58802862922842 0.331282405083641 9.828805946769905e-05
5 32 804.9848218172187 17.58802862922842 0.331282405083641 9.828805946769905e-05
5 33 804.9848218172187 17.58802862922842 0.331282405083641 9.828805946769905e-05
5 34 804.9614827554904 17.581948834539148 0.32904202965365625 9.804964150296984e-05
5 35 804.9614827554904 17.581948834539148 0.32904202965365625 9.804964150296984e-05
5 36 804.9614827554904 17.581948834539148 0.32904202965365625 9.804964150296984e-05
5 37 804.9614827554904 17.581948834539148 0.32904202965365625 9.804964150296984e-05
5 38 804.9614827554904 17.581948834539148 0.32904202965365625 9.804964150296984e-05
5 39 804.9614827554904 17.581948834539148 0.32904202965365625 9.804964150296984e-05
5 40 804.9409267594092 17.58585089509791 0.3289559730445277 9.924173344370659e-05
5 41 804.9409267594092 17.58585089509791 0.3289559730445277 9.924173344370659e-05
5 42 804.9409267594092 17.58585089509791 0.3289559730445277 9.924173344370659e-05
5 43 804.9409267594092 17.58585089509791 0.3289559730445277 9.924173344370659e-05
5 44 804.9409267594092 17.58585089509791 0.3289559730445277 9.924173344370659e-05
5 45 804.9409267594092 17.58585089509791 0.3289559730445277 9.924173344370659e-05
5 46 804.9255636652832 17.59089093500236 0.3324296553143312 9.769200882759246e-05
5 47 804.9255636652832 17.59089093500236 0.3324296553143312 9.769200882759246e-05
5 48 804.9255636652832 17.59089093500236 0.3324296553143312 9.769200882759246e-05
5 49 804.9255636652832 17.59089093500236 0.3324296553143312 9.769200882759246e-05
5 50 804.9255636652832 17.59089093500236 0.3324296553143312 9.769200882759246e-05
5 51 804.9255636652832 17.59089093500236 0.3324296553143312 9.769200882759246e-05
5 52 804.9255636652832 17.59089093500236 0.3324296553143312 9.769200882759246e-05
5 53 804.9255636652832 17.59089093500236 0.3324296553143312 9.769200882759246e-05
5 54 804.9799366680845 17.512583284020117 0.32472276831204794 0.00010019540816970927
5 55 804.9799366680845 17.512583284020117 0.32472276831204794 0.00010019540816970927
6 0 467.6837783628648 19.35426795655814 0.3054926933479658 9.30428415775617e-05
6 1 467.6837783628648 19.35426795655814 0.3054926933479658 9.30428415775617e-05
6 2 465.85772897835295 17.594795481685836 0.30121481186465027 9.483100534572172e-05
6 3 465.85772897835295 17.594795481685836 0.30121481186465027 9.483100534572172e-05
6 4 465.85772897835295 17.594795481685836 0.30121481186465027 9.483100534572172e-05
6 5 465.85772897835295 17.594795481685836 0.30121481186465027 9.483100534572172e-05
6 6 465.85772897835295 17.594795481685836 0.30121481186465027 9.483100534572172e-05
6 7 465.85772897835295 17.594795481685836 0.30121481186465027 9.483100534572172e-05
6 8 464.914523483205 17.594848283443454 0.2962741720467439 9.272296641104495e-05
6 9 464.914523483205 17.594848283443454 0.2962741720467439 9.272296641104495e-05
6 10 464.914523483205 17.594848283443454 0.2962741720467439 9.272296641104495e-05
6 11 464.914523483205 17.594848283443454 0.2962741720467439 9.272296641104495e-05
6 12 464.914523483205 17.594848283443454 0.2962741720467439 9.272296641104495e-05
6 13 464.914523483205 17.594848283443454 0.2962741720467439 9.272296641104495e-05
6 14 464.3964335557024 17.594774481097676 0.30037263347407805 8.624796530163271e-05
6 15 464.3964335557024 17.594774481097676 0.30037263347407805 8.624796530163271e-05
6 16 464.3964335557024 17.594774481097676 0.30037263347407805 8.624796530163271e-05
6 17 464.3964335557024 17.594774481097676 0.30037263347407805 8.624796530163271e-05
6 18 464.3964335557024 17.594774481097676 0.30037263347407805 8.624796530163271e-05
6 19 467.00893258048177 18.474614072051832 0.3061594234006289 9.244746390484522e-05
6 20 467.00893258048177 18.474614072051832 0.3061594234006289 9.244746390484522e-05
6 21 467.00893258048177 18.474614072051832 0.3061594234006289 9.244746390484522e-05
6 22 467.00893258048177 18.474614072051832 0.3061594234006289 9.244746390484522e-05
6 23 467.00893258048177 18.474614072051832 0.3061594234006289 9.244746390484522e-05
6 24 467.00893258048177 18.474614072051832 0.3061594234006289 9.244746390484522e-05
6 25 466.20633458669033 18.474610523762692 0.2965729016120439 8.387879031731987e-05
6 26 466.20633458669033 18.474610523762692 0.2965729016120439 8.387879031731987e-05
6 27 466.20633458669033 18.474610523762692 0.2965729016120439 8.387879031731987e-05
6 28 466.20633458669033 18.474610523762692 0.2965729016120439 8.387879031731987e-05
6 29 466.20633458669033 18.474610523762692 0.2965729016120439 8.387879031731987e-05
6 30 464.6461679416454 18.40949546815761 0.29383374922684863 8.410214738435658e-05
6 31 464.6461679416454 18.40949546815761 0.29383374922684863 8.410214738435658e-05
6 32 464.6461679416454 18.40949546815761 0.29383374922684863 8.410214738435658e-05
6 33 464.6461679416454 18.40949546815761 0.29383374922684863 8.410214738435658e-05
6 34 467.79707072130276 19.354354500832365 0.3051761597264772 9.00626807929243e-05
6 35 467.79707072130276 19.354354500832365 0.3051761597264772 9.00626807929243e-05
6 36 467.79707072130276 19.354354500832365 0.3051761597264772 9.00626807929243e-05
6 37 467.79707072130276 19.354354500832365 0.3051761597264772 9.00626807929243e-05
6 38 467.79707072130276 19.354354500832365 0.3051761597264772 9.00626807929243e-05
6 39 467.79707072130276 19.354354500832365 0.3051761597264772 9.00626807929243e-05
6 40 464.66564503138693 17.88545735001136 0.28728480386496247 8.171796772418573e-05
6 41 464.66564503138693 17.88545735001136 0.28728480386496247 8.171796772418573e-05
6 42 464.66564503138693 17.88545735001136 0.28728480386496247 8.171796772418573e-05
6 43 464.66564503138693 17.88545735001136 0.28728480386496247 8.171796772418573e-05
6 44 464.66564503138693 17.88545735001136 0.28728480386496247 8.171796772418573e-05
6 45 464.66564503138693 17.88545735001136 0.28728480386496247 8.171796772418573e-05
6 46 468.0206673965526 19.354343693573963 0.30606056891447836 9.347091305165e-05
6 47 468.0206673965526 19.354343693573963 0.30606056891447836 9.347091305165e-05
6 48 468.0206673965526 19.354343693573963 0.30606056891447836 9.347091305165e-05
6 49 468.0206673965526 19.354343693573963 0.30606056891447836 9.347091305165e-05
6 50 468.0206673965526 19.354343693573963 0.30606056891447836 9.347091305165e-05
6 51 468.0206673965526 19.354343693573963 0.30606056891447836 9.347091305165e-05
6 52 468.0206673965526 19.354343693573963 0.30606056891447836 9.347091305165e-05
6 53 468.0206673965526 19.354343693573963 0.30606056891447836 9.347091305165e-05
6 54 468.22279094611633 20.23078653804504 0.29941889049199966 9.173155038605338e-05
6 55 468.22279094611633 20.23078653804504 0.29941889049199966 9.173155038605338e-05
7 0 412.1736489613784 16.140342490188857 0.2011643940799442 8.858631345759573e-05
7 1 412.1736489613784 16.140342490188857 0.2011643940799442 8.858631345759573e-05
7 2 414.54797398977314 20.162374843906544 0.31117804821333794 9.185075759603653e-05
7 3 414.54797398977314 20.162374843906544 0.31117804821333794 9.185075759603653e-05
7 4 414.54797398977314 20.162374843906544 0.31117804821333794 9.185075759603653e-05
7 5 414.54797398977314 20.162374843906544 0.31117804821333794 9.185075759603653e-05
7 6 414.54797398977314 20.162374843906544 0.31117804821333794 9.185075759603653e-05
7 7 414.54797398977314 20.162374843906544 0.31117804821333794 9.185075759603653e-05
7 8 415.03832220852956 21.307404502680107 0.30584698877411165 9.173164006019897e-05
7 9 415.03832220852956 21.307404502680107 0.30584698877411165 9.173164006019897e-05
7 10 415.03832220852956 21.307404502680107 0.30584698877411165 9.173164006019897e-05
7 11 415.03832220852956 21.307404502680107 0.30584698877411165 9.173164006019897e-05
7 12 415.03832220852956 21.307404502680107 0.30584698877411165 9.173164006019897e-05
7 13 415.03832220852956 21.307404502680107 0.30584698877411165 9.173164006019897e-05
7 14 414.8551345075209 20.421169362436952 0.30440393775323654 9.173181173987327e-05
7 15 414.8551345075209 20.421169362436952 0.30440393775323654 9.173181173987327e-05
7 16 414.8551345075209 20.421169362436952 0.30440393775323654 9.173181173987327e-05
7 17 414.8551345075209 20.421169362436952 0.30440393775323654 9.173181173987327e-05
7 18 414.8551345075209 20.421169362436952 0.30440393775323654 9.173181173987327e-05
7 19 414.3022893775203 19.53327532511986 0.2685970301974038 0.0001036522968476503
7 20 414.3022893775203 19.53327532511986 0.2685970301974038 0.0001036522968476503
7 21 414.3022893775203 19.53327532511986 0.2685970301974038 0.0001036522968476503
7 22 414.3022893775203 19.53327532511986 0.2685970301974038 0.0001036522968476503
7 23 414.3022893775203 19.53327532511986 0.2685970301974038 0.0001036522968476503
7 24 414.3022893775203 19.53327532511986 0.2685970301974038 0.0001036522968476503
7 25 413.71757454820136 17.76143323224821 0.2484649026757851 9.411573714228435e-05
7 26 413.71757454820136 17.76143323224821 0.2484649026757851 9.411573714228435e-05
7 27 413.71757454820136 17.76143323224821 0.2484649026757851 9.411573714228435e-05
7 28 413.71757454820136 17.76143323224821 0.2484649026757851 9.411573714228435e-05
7 29 413.71757454820136 17.76143323224821 0.2484649026757851 9.411573714228435e-05
7 30 412.54232902043225 17.855368322189634 0.2589559883235355 8.901854092509753e-05
7 31 412.54232902043225 17.855368322189634 0.2589559883235355 8.901854092509753e-05
7 32 412.54232902043225 17.855368322189634 0.2589559883235355 8.901854092509753e-05
7 33 412.54232902043225 17.855368322189634 0.2589559883235355 8.901854092509753e-05
7 34 413.74300378094443 17.33981907283995 0.32995797023869666 9.191590618457356e-05
7 35 413.74300378094443 17.33981907283995 0.32995797023869666 9.191590618457356e-05
7 36 413.74300378094443 17.33981907283995 0.32995797023869666 9.191590618457356e-05
7 37 413.74300378094443 17.33981907283995 0.32995797023869666 9.191590618457356e-05
7 38 413.74300378094443 17.33981907283995 0.32995797023869666 9.191590618457356e-05
7 39 413.74300378094443 17.33981907283995 0.32995797023869666 9.191590618457356e-05
7 40 415.10972186628726 21.276353703814245 0.3059869989584549 9.173156716055575e-05
7 41 415.10972186628726 21.276353703814245 0.3059869989584549 9.173156716055575e-05
7 42 415.10972186628726 21.276353703814245 0.3059869989584549 9.173156716055575e-05
7 43 415.10972186628726 21.276353703814245 0.3059869989584549 9.173156716055575e-05
7 44 415.10972186628726 21.276353703814245 0.3059869989584549 9.173156716055575e-05
7 45 415.10972186628726 21.276353703814245 0.3059869989584549 9.173156716055575e-05
7 46 414.7993826417688 20.420617414481633 0.30282424177856493 9.015941220389062e-05
7 47 414.7993826417688 20.420617414481633 0.30282424177856493 9.015941220389062e-05
7 48 414.7993826417688 20.420617414481633 0.30282424177856493 9.015941220389062e-05
7 49 414.7993826417688 20.420617414481633 0.30282424177856493 9.015941220389062e-05
7 50 414.7993826417688 20.420617414481633 0.30282424177856493 9.015941220389062e-05
7 51 414.7993826417688 20.420617414481633 0.30282424177856493 9.015941220389062e-05
7 52 414.7993826417688 20.420617414481633 0.30282424177856493 9.015941220389062e-05
7 53 414.7993826417688 20.420617414481633 0.30282424177856493 9.015941220389062e-05
7 54 414.3990563606601 19.53328442117229 0.3041541062271078 9.156257630727453e-05
7 55 414.3990563606601 19.53328442117229 0.3041541062271078 9.156257630727453e-05
8 0 305.9146573916772 18.816127458684413 0.2976754506719364 9.840903656434384e-05
8 1 305.9146573916772 18.816127458684413 0.2976754506719364 9.840903656434384e-05
8 2 305.66024796954207 17.404981278165835 0.2984695150681389 9.23275944675289e-05
8 3 305.66024796954207 17.404981278165835 0.2984695150681389 9.23275944675289e-05
8 4 305.66024796954207 17.404981278165835 0.2984695150681389 9.23275944675289e-05
8 5 305.66024796954207 17.404981278165835 0.2984695150681389 9.23275944675289e-05
8 6 305.66024796954207 17.404981278165835 0.2984695150681389 9.23275944675289e-05
8 7 305.66024796954207 17.404981278165835 0.2984695150681389 9.23275944675289e-05
8 8 305.761060082021 17.01177504541856 0.3085789360439637 9.340047836153468e-05
8 9 305.761060082021 17.01177504541856 0.3085789360439637 9.340047836153468e-05
8 10 305.761060082021 17.01177504541856 0.3085789360439637 9.340047836153468e-05
8 11 305.761060082021 17.01177504541856 0.3085789360439637 9.340047836153468e-05
8 12 305.761060082021 17.01177504541856 0.3085789360439637 9.340047836153468e-05
8 13 305.761060082021 17.01177504541856 0.3085789360439637 9.340047836153468e-05
8 14 305.99936497494616 19.708208698820584 0.29070965477731403 9.912255649653352e-05
8 15 305.99936497494616 19.708208698820584 0.29070965477731403 9.912255649653352e-05
8 16 305.99936497494616 19.708208698820584 0.29070965477731403 9.912255649653352e-05
8 17 305.99936497494616 19.708208698820584 0.29070965477731403 9.912255649653352e-05
8 18 305.99936497494616 19.708208698820584 0.29070965477731403 9.912255649653352e-05
8 19 306.09542990041683 19.71211911719997 0.2873166206563975 0.00010030434804499577
8 20 306.09542990041683 19.71211911719997 0.2873166206563975 0.00010030434804499577
8 21 306.09542990041683 19.71211911719997 0.2873166206563975 0.00010030434804499577
8 22 306.09542990041683 19.71211911719997 0.2873166206563975 0.00010030434804499577
8 23 306.09542990041683 19.71211911719997 0.2873166206563975 0.00010030434804499577
8 24 306.09542990041683 19.71211911719997 0.2873166206563975 0.00010030434804499577
8 25 306.1192837410905 19.996661533928133 0.29170101530769293 9.95993478038429e-05
8 26 306.1192837410905 19.996661533928133 0.29170101530769293 9.95993478038429e-05
8 27 306.1192837410905 19.996661533928133 0.29170101530769293 9.95993478038429e-05
8 28 306.1192837410905 19.996661533928133 0.29170101530769293 9.95993478038429e-05
8 29 306.1192837410905 19.996661533928133 0.29170101530769293 9.95993478038429e-05
8 30 306.135955788272 19.71214476255812 0.2921906179148773 9.718795875614106e-05
8 31 306.135955788272 19.71214476255812 0.2921906179148773 9.718795875614106e-05
8 32 306.135955788272 19.71214476255812 0.2921906179148773 9.718795875614106e-05
8 33 306.135955788272 19.71214476255812 0.2921906179148773 9.718795875614106e-05
8 34 305.3075832520428 17.457676750414272 0.297800873439101 0.00010734758076882531
8 35 305.3075832520428 17.457676750414272 0.297800873439101 0.00010734758076882531
8 36 305.3075832520428 17.457676750414272 0.297800873439101 0.00010734758076882531
8 37 305.3075832520428 17.457676750414272 0.297800873439101 0.00010734758076882531
8 38 305.3075832520428 17.457676750414272 0.297800873439101 0.00010734758076882531
8 39 305.3075832520428 17.457676750414272 0.297800873439101 0.00010734758076882531
8 40 305.4045795351808 17.383902425167925 0.31642043728219826 9.721517545125801e-05
8 41 305.4045795351808 17.383902425167925 0.31642043728219826 9.721517545125801e-05
8 42 305.4045795351808 17.383902425167925 0.31642043728219826 9.721517545125801e-05
8 43 305.4045795351808 17.383902425167925 0.31642043728219826 9.721517545125801e-05
8 44 305.4045795351808 17.383902425167925 0.31642043728219826 9.721517545125801e-05
8 45 305.4045795351808 17.383902425167925 0.31642043728219826 9.721517545125801e-05
8 46 306.1239730410251 19.87044733612324 0.3032542854184477 9.948015272329852e-05
8 47 306.1239730410251 19.87044733612324 0.3032542854184477 9.948015272329852e-05
8 48 306.1239730410251 19.87044733612324 0.3032542854184477 9.948015272329852e-05
8 49 306.1239730410251 19.87044733612324 0.3032542854184477 9.948015272329852e-05
8 50 306.1239730410251 19.87044733612324 0.3032542854184477 9.948015272329852e-05
8 51 306.1239730410251 19.87044733612324 0.3032542854184477 9.948015272329852e-05
8 52 306.1239730410251 19.87044733612324 0.3032542854184477 9.948015272329852e-05
8 53 306.1239730410251 19.87044733612324 0.3032542854184477 9.948015272329852e-05
8 54 305.5645908652357 18.35776248107176 0.3008137782649566 9.983778005615202e-05
8 55 305.5645908652357 18.35776248107176 0.3008137782649566 9.983778005615202e-05
9 0 380.6703872316101 18.625819551067803 0.30591986328864307 9.554622367023574e-05
9 1 380.6703872316101 18.625819551067803 0.30591986328864307 9.554622367023574e-05
9 2 380.74339939731505 18.986649604739437 0.29600843153573586 9.411305844598962e-05
9 3 380.74339939731505 18.986649604739437 0.29600843153573586 9.411305844598962e-05
9 4 380.74339939731505 18.986649604739437 0.29600843153573586 9.411305844598962e-05
9 5 380.74339939731505 18.986649604739437 0.29600843153573586 9.411305844598962e-05
9 6 380.74339939731505 18.986649604739437 0.29600843153573586 9.411305844598962e-05
9 7 380.74339939731505 18.986649604739437 0.29600843153573586 9.411305844598962e-05
9 8 379.7528614222461 15.824430273060496 0.3236493851990196 9.58514782027257e-05
9 9 379.7528614222461 15.824430273060496 0.3236493851990196 9.58514782027257e-05
9 10 379.7528614222461 15.824430273060496 0.3236493851990196 9.58514782027257e-05
9 11 379.7528614222461 15.824430273060496 0.3236493851990196 9.58514782027257e-05
9 12 379.7528614222461 15.824430273060496 0.3236493851990196 9.58514782027257e-05
9 13 379.7528614222461 15.824430273060496 0.3236493851990196 9.58514782027257e-05
9 14 381.18928610947523 18.986568806156463 0.2971087755548649 9.566848823087091e-05
9 15 381.18928610947523 18.986568806156463 0.2971087755548649 9.566848823087091e-05
9 16 381.18928610947523 18.986568806156463 0.2971087755548649 9.566848823087091e-05
9 17 381.18928610947523 18.986568806156463 0.2971087755548649 9.566848823087091e-05
9 18 381.18928610947523 18.986568806156463 0.2971087755548649 9.566848823087091e-05
9 19 381.54932265217025 20.510913839103125 0.2956863378141877 9.447334558591778e-05
9 20 381.54932265217025 20.510913839103125 0.2956863378141877 9.447334558591778e-05
9 21 381.54932265217025 20.510913839103125 0.2956863378141877 9.447334558591778e-05
9 22 381.54932265217025 20.510913839103125 0.2956863378141877 9.447334558591778e-05
9 23 381.54932265217025 20.510913839103125 0.2956863378141877 9.447334558591778e-05
9 24 381.54932265217025 20.510913839103125 0.2956863378141877 9.447334558591778e-05
9 25 380.6579375285149 19.87502889214437 0.2994703091604751 9.263781841026083e-05
9 26 380.6579375285149 19.87502889214437 0.2994703091604751 9.263781841026083e-05
9 27 380.6579375285149 19.87502889214437 0.2994703091604751 9.263781841026083e-05
9 28 380.6579375285149 19.87502889214437 0.2994703091604751 9.263781841026083e-05
9 29 380.6579375285149 19.87502889214437 0.2994703091604751 9.263781841026083e-05
9 30 379.7146734676852 15.553118868794982 0.2937630546084549 9.515174513079151e-05
9 31 379.7146734676852 15.553118868794982 0.2937630546084549 9.515174513079151e-05
9 32 379.7146734676852 15.553118868794982 0.2937630546084549 9.515174513079151e-05
9 33 379.7146734676852 15.553118868794982 0.2937630546084549 9.515174513079151e-05
9 34 381.38271078799863 20.756624536809 0.2998543864662747 9.089707635207516e-05
9 35 381.38271078799863 20.756624536809 0.2998543864662747 9.089707635207516e-05
9 36 381.38271078799863 20.756624536809 0.2998543864662747 9.089707635207516e-05
9 37 381.38271078799863 20.756624536809 0.2998543864662747 9.089707635207516e-05
9 38 381.38271078799863 20.756624536809 0.2998543864662747 9.089707635207516e-05
9 39 381.38271078799863 20.756624536809 0.2998543864662747 9.089707635207516e-05
9 40 380.4998355689635 20.766791042554956 0.3198644453068754 9.447336024915543e-05
9 41 380.4998355689635 20.766791042554956 0.3198644453068754 9.447336024915543e-05
9 42 380.4998355689635 20.766791042554956 0.3198644453068754 9.447336024915543e-05
9 43 380.4998355689635 20.766791042554956 0.3198644453068754 9.447336024915543e-05
9 44 380.4998355689635 20.766791042554956 0.3198644453068754 9.447336024915543e-05
9 45 380.4998355689635 20.766791042554956 0.3198644453068754 9.447336024915543e-05
9 46 381.5845436569439 20.794879263544694 0.29913335459561086 9.232740243247624e-05
9 47 381.5845436569439 20.794879263544694 0.29913335459561086 9.232740243247624e-05
9 48 381.5845436569439 20.794879263544694 0.29913335459561086 9.232740243247624e-05
9 49 381.5845436569439 20.794879263544694 0.29913335459561086 9.232740243247624e-05
9 50 381.5845436569439 20.794879263544694 0.29913335459561086 9.232740243247624e-05
9 51 381.5845436569439 20.794879263544694 0.29913335459561086 9.232740243247624e-05
9 52 381.5845436569439 20.794879263544694 0.29913335459561086 9.232740243247624e-05
9 53 381.5845436569439 20.794879263544694 0.29913335459561086 9.232740243247624e-05
9 54 381.5152971752382 21.695860214369986 0.2894120964442507 9.089707535601081e-05
9 55 381.5152971752382 21.695860214369986 0.2894120964442507 9.089707535601081e-05
10 0 362.52872941348284 9.347973757009854 0.3158726039564526 0.00025075674056420375
10 1 362.52872941348284 9.347973757009854 0.3158726039564526 0.00025075674056420375
10 2 408.24752127860074 72.97900615512015 0.1562805160178768 3.438994494670339e-05
10 3 408.24752127860074 72.97900615512015 0.1562805160178768 3.438994494670339e-05
10 4 408.24752127860074 72.97900615512015 0.1562805160178768 3.438994494670339e-05
10 5 408.24752127860074 72.97900615512015 0.1562805160178768 3.438994494670339e-05
10 6 408.24752127860074 72.97900615512015 0.1562805160178768 3.438994494670339e-05
10 7 408.24752127860074 72.97900615512015 0.1562805160178768 3.438994494670339e-05
10 8 388.2845056756279 5.208376497551146 0.34657188939358696 -5.37335916604428e-05
10 9 388.2845056756279 5.208376497551146 0.34657188939358696 -5.37335916604428e-05
10 10 388.2845056756279 5.208376497551146 0.34657188939358696 -5.37335916604428e-05
10 11 388.2845056756279 5.208376497551146 0.34657188939358696 -5.37335916604428e-05
10 12 388.2845056756279 5.208376497551146 0.34657188939358696 -5.37335916604428e-05
10 13 388.2845056756279 5.208376497551146 0.34657188939358696 -5.37335916604428e-05
10 14 361.38496417180625 11.413222276583447 0.2153059748003177 0.0001403754691386009
10 15 361.38496417180625 11.413222276583447 0.2153059748003177 0.0001403754691386009
10 16 361.38496417180625 11.413222276583447 0.2153059748003177 0.0001403754691386009
10 17 361.38496417180625 11.413222276583447 0.2153059748003177 0.0001403754691386009
10 18 361.38496417180625 11.413222276583447 0.2153059748003177 0.0001403754691386009
10 19 378.863364073027 4.604252003896086 0.12707757042432005 0.00015229679740786736
10 20 378.863364073027 4.604252003896086 0.12707757042432005 0.00015229679740786736
10 21 378.863364073027 4.604252003896086 0.12707757042432005 0.00015229679740786736
10 22 378.863364073027 4.604252003896086 0.12707757042432005 0.00015229679740786736
10 23 378.863364073027 4.604252003896086 0.12707757042432005 0.00015229679740786736
10 24 378.863364073027 4.604252003896086 0.12707757042432005 0.00015229679740786736
10 25 416.9285629861704 46.502655551930104 0.4539006609831033 0.00018113851591706657
10 26 416.9285629861704 46.502655551930104 0.4539006609831033 0.00018113851591706657
10 27 416.9285629861704 46.502655551930104 0.4539006609831033 0.00018113851591706657
10 28 416.9285629861704 46.502655551930104 0.4539006609831033 0.00018113851591706657
10 29 416.9285629861704 46.502655551930104 0.4539006609831033 0.00018113851591706657
10 30 393.65606196099645 37.86879498213497 0.3771022101546583 -2.8312207999232526e-06
10 31 393.65606196099645 37.86879498213497 0.3771022101546583 -2.8312207999232526e-06
10 32 393.65606196099645 37.86879498213497 0.3771022101546583 -2.8312207999232526e-06
10 33 393.65606196099645 37.86879498213497 0.3771022101546583 -2.8312207999232526e-06
10 34 388.1337399262236 19.727197273489203 0.42927384050538464 -3.662705151024964e-05
10 35 388.1337399262236 19.727197273489203 0.42927384050538464 -3.662705151024964e-05
10 36 388.1337399262236 19.727197273489203 0.42927384050538464 -3.662705151024964e-05
10 37 388.1337399262236 19.727197273489203 0.42927384050538464 -3.662705151024964e-05
10 38 388.1337399262236 19.727197273489203 0.42927384050538464 -3.662705151024964e-05
10 39 388.1337399262236 19.727197273489203 0.42927384050538464 -3.662705151024964e-05
10 40 388.3546483773485 16.02522499047989 0.48071930259759416 -0.0001315882694699709
10 41 388.3546483773485 16.02522499047989 0.48071930259759416 -0.0001315882694699709
10 42 388.3546483773485 16.02522499047989 0.48071930259759416 -0.0001315882694699709
10 43 388.3546483773485 16.02522499047989 0.48071930259759416 -0.0001315882694699709
10 44 388.3546483773485 16.02522499047989 0.48071930259759416 -0.0001315882694699709
10 45 388.3546483773485 16.02522499047989 0.48071930259759416 -0.0001315882694699709
10 46 400.31331651617353 17.235873499839606 0.22475513857229493 9.816885799148927e-05
10 47 400.31331651617353 17.235873499839606 0.22475513857229493 9.816885799148927e-05
10 48 400.31331651617353 17.235873499839606 0.22475513857229493 9.816885799148927e-05
10 49 400.31331651617353 17.235873499839606 0.22475513857229493 9.816885799148927e-05
10 50 400.31331651617353 17.235873499839606 0.22475513857229493 9.816885799148927e-05
10 51 400.31331651617353 17.235873499839606 0.22475513857229493 9.816885799148927e-05
10 52 400.31331651617353 17.235873499839606 0.22475513857229493 9.816885799148927e-05
10 53 400.31331651617353 17.235873499839606 0.22475513857229493 9.816885799148927e-05
10 54 418.80377984692757 21.269078456092785 0.19209320276945402 0.00021797418450354066
10 55 418.80377984692757 21.269078456092785 0.19209320276945402 0.00021797418450354066
11 0 362.9477743711322 10.263788418885374 0.39802561933073843 9.90687046305078e-05
11 1 362.9477743711322 10.263788418885374 0.39802561933073843 9.90687046305078e-05
11 2 362.29236023026795 10.560861179992589 0.39178495635053046 0.00010317564020009045
11 3 362.29236023026795 10.560861179992589 0.39178495635053046 0.00010317564020009045
11 4 362.29236023026795 10.560861179992589 0.39178495635053046 0.00010317564020009045
11 5 362.29236023026795 10.560861179992589 0.39178495635053046 0.00010317564020009045
11 6 362.29236023026795 10.560861179992589 0.39178495635053046 0.00010317564020009045
11 7 362.29236023026795 10.560861179992589 0.39178495635053046 0.00010317564020009045
11 8 364.4333279616754 10.862752514330367 0.3221428792696216 7.461700042721459e-05
11 9 364.4333279616754 10.862752514330367 0.3221428792696216 7.461700042721459e-05
11 10 364.4333279616754 10.862752514330367 0.3221428792696216 7.461700042721459e-05
11 11 364.4333279616754 10.862752514330367 0.3221428792696216 7.461700042721459e-05
11 12 364.4333279616754 10.862752514330367 0.3221428792696216 7.461700042721459e-05
11 13 364.4333279616754 10.862752514330367 0.3221428792696216 7.461700042721459e-05
11 14 365.66145346733344 13.794347058338522 0.31734178825004034 0.00010424847901005849
11 15 365.66145346733344 13.794347058338522 0.31734178825004034 0.00010424847901005849
11 16 365.66145346733344 13.794347058338522 0.31734178825004034 0.00010424847901005849
11 17 365.66145346733344 13.794347058338522 0.31734178825004034 0.00010424847901005849
11 18 365.66145346733344 13.794347058338522 0.31734178825004034 0.00010424847901005849
11 19 365.4007996084747 16.566113554885675 0.3629902024087092 8.791685608054597e-05
11 20 365.4007996084747 16.566113554885675 0.3629902024087092 8.791685608054597e-05
11 21 365.4007996084747 16.566113554885675 0.3629902024087092 8.791685608054597e-05
11 22 365.4007996084747 16.566113554885675 0.3629902024087092 8.791685608054597e-05
11 23 365.4007996084747 16.566113554885675 0.3629902024087092 8.791685608054597e-05
11 24 365.4007996084747 16.566113554885675 0.3629902024087092 8.791685608054597e-05
11 25 362.1284930054353 11.467925377906916 0.45391606991983785 5.9187518589510054e-05
11 26 362.1284930054353 11.467925377906916 0.45391606991983785 5.9187518589510054e-05
11 27 362.1284930054353 11.467925377906916 0.45391606991983785 5.9187518589510054e-05
11 28 362.1284930054353 11.467925377906916 0.45391606991983785 5.9187518589510054e-05
11 29 362.1284930054353 11.467925377906916 0.45391606991983785 5.9187518589510054e-05
11 30 362.1460240749725 11.4784837416693 0.44857089033765396 6.514787684611036e-05
11 31 362.1460240749725 11.4784837416693 0.44857089033765396 6.514787684611036e-05
11 32 362.1460240749725 11.4784837416693 0.44857089033765396 6.514787684611036e-05
11 33 362.1460240749725 11.4784837416693 0.44857089033765396 6.514787684611036e-05
11 34 362.069046092175 11.493072991500668 0.4272328582227034 0.0001054406173165358
11 35 362.069046092175 11.493072991500668 0.4272328582227034 0.0001054406173165358
11 36 362.069046092175 11.493072991500668 0.4272328582227034 0.0001054406173165358
11 37 362.069046092175 11.493072991500668 0.4272328582227034 0.0001054406173165358
11 38 362.069046092175 11.493072991500668 0.4272328582227034 0.0001054406173165358
11 39 362.069046092175 11.493072991500668 0.4272328582227034 0.0001054406173165358
11 40 364.5241744881696 13.8050988283304 0.35177102190665765 9.244681151221088e-05
11 41 364.5241744881696 13.8050988283304 0.35177102190665765 9.244681151221088e-05
11 42 364.5241744881696 13.8050988283304 0.35177102190665765 9.244681151221088e-05
11 43 364.5241744881696 13.8050988283304 0.35177102190665765 9.244681151221088e-05
11 44 364.5241744881696 13.8050988283304 0.35177102190665765 9.244681151221088e-05
11 45 364.5241744881696 13.8050988283304 0.35177102190665765 9.244681151221088e-05
11 46 362.24105587119226 10.641809349650725 0.45788722762558176 0.00010174512569007285
11 47 362.24105587119226 10.641809349650725 0.45788722762558176 0.00010174512569007285
11 48 362.24105587119226 10.641809349650725 0.45788722762558176 0.00010174512569007285
11 49 362.24105587119226 10.641809349650725 0.45788722762558176 0.00010174512569007285
11 50 362.24105587119226 10.641809349650725 0.45788722762558176 0.00010174512569007285
11 51 362.24105587119226 10.641809349650725 0.45788722762558176 0.00010174512569007285
11 52 362.24105587119226 10.641809349650725 0.45788722762558176 0.00010174512569007285
11 53 362.24105587119226 10.641809349650725 0.45788722762558176 0.00010174512569007285
11 54 366.352853965868 14.725526354051958 0.281369213472129 0.00011172789628424169
11 55 366.352853965868 14.725526354051958 0.281369213472129 0.00011172789628424169
12 0 399.8181017031128 10.35449479363134 0.36130484516674355 0.00010281801368937956
12 1 399.8181017031128 10.35449479363134 0.36130484516674355 0.00010281801368937956
12 2 400.3558159973122 10.838345535683683 0.3932976857254963 0.00010686441272513678
12 3 400.3558159973122 10.838345535683683 0.3932976857254963 0.00010686441272513678
12 4 400.3558159973122 10.838345535683683 0.3932976857254963 0.00010686441272513678
12 5 400.3558159973122 10.838345535683683 0.3932976857254963 0.00010686441272513678
12 6 400.3558159973122 10.838345535683683 0.3932976857254963 0.00010686441272513678
12 7 400.3558159973122 10.838345535683683 0.3932976857254963 0.00010686441272513678
12 8 401.4810632515864 13.898121188477116 0.2918602065290209 0.00012439489175207925
12 9 401.4810632515864 13.898121188477116 0.2918602065290209 0.00012439489175207925
12 10 401.4810632515864 13.898121188477116 0.2918602065290209 0.00012439489175207925
12 11 401.4810632515864 13.898121188477116 0.2918602065290209 0.00012439489175207925
12 12 401.4810632515864 13.898121188477116 0.2918602065290209 0.00012439489175207925
12 13 401.4810632515864 13.898121188477116 0.2918602065290209 0.00012439489175207925
12 14 401.8950492306019 15.783602471074598 0.3154606403985677 0.00011104542444045321
12 15 401.8950492306019 15.783602471074598 0.3154606403985677 0.00011104542444045321
12 16 401.8950492306019 15.783602471074598 0.3154606403985677 0.00011104542444045321
12 17 401.8950492306019 15.783602471074598 0.3154606403985677 0.00011104542444045321
12 18 401.8950492306019 15.783602471074598 0.3154606403985677 0.00011104542444045321
12 19 402.3001021531249 16.685796871605607 0.3237362160911643 0.00010675191919772023
12 20 402.3001021531249 16.685796871605607 0.3237362160911643 0.00010675191919772023
12 21 402.3001021531249 16.685796871605607 0.3237362160911643 0.00010675191919772023
12 22 402.3001021531249 16.685796871605607 0.3237362160911643 0.00010675191919772023
12 23 402.3001021531249 16.685796871605607 0.3237362160911643 0.00010675191919772023
12 24 402.3001021531249 16.685796871605607 0.3237362160911643 0.00010675191919772023
12 25 403.8387737410196 19.497371577519324 0.31129419070774667 9.178145149228019e-05
12 26 403.8387737410196 19.497371577519324 0.31129419070774667 9.178145149228019e-05
12 27 403.8387737410196 19.497371577519324 0.31129419070774667 9.178145149228019e-05
12 28 403.8387737410196 19.497371577519324 0.31129419070774667 9.178145149228019e-05
12 29 403.8387737410196 19.497371577519324 0.31129419070774667 9.178145149228019e-05
12 30 400.65259061301924 12.412932906528376 0.3182770472941251 8.9280746418323e-05
12 31 400.65259061301924 12.412932906528376 0.3182770472941251 8.9280746418323e-05
12 32 400.65259061301924 12.412932906528376 0.3182770472941251 8.9280746418323e-05
12 33 400.65259061301924 12.412932906528376 0.3182770472941251 8.9280746418323e-05
12 34 405.4483228287585 20.42584548424233 0.3151477707356456 9.050376853089119e-05
12 35 405.4483228287585 20.42584548424233 0.3151477707356456 9.050376853089119e-05
12 36 405.4483228287585 20.42584548424233 0.3151477707356456 9.050376853089119e-05
12 37 405.4483228287585 20.42584548424233 0.3151477707356456 9.050376853089119e-05
12 38 405.4483228287585 20.42584548424233 0.3151477707356456 9.050376853089119e-05
12 39 405.4483228287585 20.42584548424233 0.3151477707356456 9.050376853089119e-05
12 40 404.5921969665602 19.497357371129176 0.3151883263988915 9.626136821687736e-05
12 41 404.5921969665602 19.497357371129176 0.3151883263988915 9.626136821687736e-05
12 42 404.5921969665602 19.497357371129176 0.3151883263988915 9.626136821687736e-05
12 43 404.5921969665602 19.497357371129176 0.3151883263988915 9.626136821687736e-05
12 44 404.5921969665602 19.497357371129176 0.3151883263988915 9.626136821687736e-05
12 45 404.5921969665602 19.497357371129176 0.3151883263988915 9.626136821687736e-05
12 46 399.132611837232 16.192088892439628 0.3771317590783003 0.00010520220010355158
12 47 399.132611837232 16.192088892439628 0.3771317590783003 0.00010520220010355158
12 48 399.132611837232 16.192088892439628 0.3771317590783003 0.00010520220010355158
12 49 399.132611837232 16.192088892439628 0.3771317590783003 0.00010520220010355158
12 50 399.132611837232 16.192088892439628 0.3771317590783003 0.00010520220010355158
12 51 399.132611837232 16.192088892439628 0.3771317590783003 0.00010520220010355158
12 52 399.132611837232 16.192088892439628 0.3771317590783003 0.00010520220010355158
12 53 399.132611837232 16.192088892439628 0.3771317590783003 0.00010520220010355158
12 54 404.31770329051795 19.497352606008405 0.3252415881385473 9.79501524408709e-05
12 55 404.31770329051795 19.497352606008405 0.3252415881385473 9.79501524408709e-05
13 0 636.374078126853 8.360471297064375 0.16682780411998777 0.00016897928128936854
13 1 636.374078126853 8.360471297064375 0.16682780411998777 0.00016897928128936854
13 2 636.8951723092395 8.889734496821788 0.13842339564198314 0.00016385309044403366
13 3 636.8951723092395 8.889734496821788 0.13842339564198314 0.00016385309044403366
13 4 636.8951723092395 8.889734496821788 0.13842339564198314 0.00016385309044403366
13 5 636.8951723092395 8.889734496821788 0.13842339564198314 0.00016385309044403366
13 6 636.8951723092395 8.889734496821788 0.13842339564198314 0.00016385309044403366
13 7 636.8951723092395 8.889734496821788 0.13842339564198314 0.00016385309044403366
13 8 644.9915147742511 14.048100038622035 0.33703897306952396 0.00011938802863417738
13 9 644.9915147742511 14.048100038622035 0.33703897306952396 0.00011938802863417738
13 10 644.9915147742511 14.048100038622035 0.33703897306952396 0.00011938802863417738
13 11 644.9915147742511 14.048100038622035 0.33703897306952396 0.00011938802863417738
13 12 644.9915147742511 14.048100038622035 0.33703897306952396 0.00011938802863417738
13 13 644.9915147742511 14.048100038622035 0.33703897306952396 0.00011938802863417738
13 14 637.4530569758538 9.850906151794838 0.10035062112535742 0.00016647499802130948
13 15 637.4530569758538 9.850906151794838 0.10035062112535742 0.00016647499802130948
13 16 637.4530569758538 9.850906151794838 0.10035062112535742 0.00016647499802130948
13 17 637.4530569758538 9.850906151794838 0.10035062112535742 0.00016647499802130948
13 18 637.4530569758538 9.850906151794838 0.10035062112535742 0.00016647499802130948
13 19 637.3935512562738 10.70909854589495 0.19589815063191643 0.00015460532409977508
13 20 637.3935512562738 10.70909854589495 0.19589815063191643 0.00015460532409977508
13 21 637.3935512562738 10.70909854589495 0.19589815063191643 0.00015460532409977508
13 22 637.3935512562738 10.70909854589495 0.19589815063191643 0.00015460532409977508
13 23 637.3935512562738 10.70909854589495 0.19589815063191643 0.00015460532409977508
13 24 637.3935512562738 10.70909854589495 0.19589815063191643 0.00015460532409977508
13 25 637.7087738253176 10.684954379291952 0.16590637721623008 0.00016123053032063495
13 26 637.7087738253176 10.684954379291952 0.16590637721623008 0.00016123053032063495
13 27 637.7087738253176 10.684954379291952 0.16590637721623008 0.00016123053032063495
13 28 637.7087738253176 10.684954379291952 0.16590637721623008 0.00016123053032063495
13 29 637.7087738253176 10.684954379291952 0.16590637721623008 0.00016123053032063495
13 30 638.0501563159552 20.603908943633144 0.3187227964272812 0.00013500341220613118
13 31 638.0501563159552 20.603908943633144 0.3187227964272812 0.00013500341220613118
13 32 638.0501563159552 20.603908943633144 0.3187227964272812 0.00013500341220613118
13 33 638.0501563159552 20.603908943633144 0.3187227964272812 0.00013500341220613118
13 34 651.1349211739503 15.921201892732503 0.38189496357931607 7.063155882559868e-05
13 35 651.1349211739503 15.921201892732503 0.38189496357931607 7.063155882559868e-05
13 36 651.1349211739503 15.921201892732503 0.38189496357931607 7.063155882559868e-05
13 37 651.1349211739503 15.921201892732503 0.38189496357931607 7.063155882559868e-05
13 38 651.1349211739503 15.921201892732503 0.38189496357931607 7.063155882559868e-05
13 39 651.1349211739503 15.921201892732503 0.38189496357931607 7.063155882559868e-05
13 40 652.419316736319 15.921201110885075 0.3685828479869341 8.156507150805403e-05
13 41 652.419316736319 15.921201110885075 0.3685828479869341 8.156507150805403e-05
13 42 652.419316736319 15.921201110885075 0.3685828479869341 8.156507150805403e-05
13 43 652.419316736319 15.921201110885075 0.3685828479869341 8.156507150805403e-05
13 44 652.419316736319 15.921201110885075 0.3685828479869341 8.156507150805403e-05
13 45 652.419316736319 15.921201110885075 0.3685828479869341 8.156507150805403e-05
13 46 642.9773069439352 9.365413587019466 0.4857752469370062 7.948491956180225e-05
13 47 642.9773069439352 9.365413587019466 0.4857752469370062 7.948491956180225e-05
13 48 642.9773069439352 9.365413587019466 0.4857752469370062 7.948491956180225e-05
13 49 642.9773069439352 9.365413587019466 0.4857752469370062 7.948491956180225e-05
13 50 642.9773069439352 9.365413587019466 0.4857752469370062 7.948491956180225e-05
13 51 642.9773069439352 9.365413587019466 0.4857752469370062 7.948491956180225e-05
13 52 642.9773069439352 9.365413587019466 0.4857752469370062 7.948491956180225e-05
13 53 642.9773069439352 9.365413587019466 0.4857752469370062 7.948491956180225e-05
13 54 639.6427226055738 7.087836266963048 0.5470982465008487 4.929963798810728e-05
13 55 639.6427226055738 7.087836266963048 0.5470982465008487 4.929963798810728e-05
14 0 782.3228605402417 34.95118907752381 -2.0470167632114764 0.00010639398779262894
14 1 782.3228605402417 34.95118907752381 -2.0470167632114764 0.00010639398779262894
14 2 824.3956761233437 160.58658604400915 -0.20307831047109481 6.996517467493035e-05
14 3 824.3956761233437 160.58658604400915 -0.20307831047109481 6.996517467493035e-05
14 4 824.3956761233437 160.58658604400915 -0.20307831047109481 6.996517467493035e-05
14 5 824.3956761233437 160.58658604400915 -0.20307831047109481 6.996517467493035e-05
14 6 824.3956761233437 160.58658604400915 -0.20307831047109481 6.996517467493035e-05
14 7 824.3956761233437 160.58658604400915 -0.20307831047109481 6.996517467493035e-05
14 8 814.8627953442285 170.01626031293247 -2.554279281125984 -0.00039824838383309776
14 9 814.8627953442285 170.01626031293247 -2.554279281125984 -0.00039824838383309776
14 10 814.8627953442285 170.01626031293247 -2.554279281125984 -0.00039824838383309776
14 11 814.8627953442285 170.01626031293247 -2.554279281125984 -0.00039824838383309776
14 12 814.8627953442285 170.01626031293247 -2.554279281125984 -0.00039824838383309776
14 13 814.8627953442285 170.01626031293247 -2.554279281125984 -0.00039824838383309776
14 14 794.1425569932771 83.33324934956282 1.0879209952801596 -0.0001600086963480027
14 15 794.1425569932771 83.33324934956282 1.0879209952801596 -0.0001600086963480027
14 16 794.1425569932771 83.33324934956282 1.0879209952801596 -0.0001600086963480027
14 17 794.1425569932771 83.33324934956282 1.0879209952801596 -0.0001600086963480027
14 18 794.1425569932771 83.33324934956282 1.0879209952801596 -0.0001600086963480027
14 19 820.8465379923827 14.456239168249358 2.3056051538617743 -0.00010308572773114666
14 20 820.8465379923827 14.456239168249358 2.3056051538617743 -0.00010308572773114666
14 21 820.8465379923827 14.456239168249358 2.3056051538617743 -0.00010308572773114666
14 22 820.8465379923827 14.456239168249358 2.3056051538617743 -0.00010308572773114666
14 23 820.8465379923827 14.456239168249358 2.3056051538617743 -0.00010308572773114666
14 24 820.8465379923827 14.456239168249358 2.3056051538617743 -0.00010308572773114666
14 25 856.0198571204351 20.781788871991168 2.1936886806664955 -7.989911507490759e-05
14 26 856.0198571204351 20.781788871991168 2.1936886806664955 -7.989911507490759e-05
14 27 856.0198571204351 20.781788871991168 2.1936886806664955 -7.989911507490759e-05
14 28 856.0198571204351 20.781788871991168 2.1936886806664955 -7.989911507490759e-05
14 29 856.0198571204351 20.781788871991168 2.1936886806664955 -7.989911507490759e-05
14 30 729.5991189157776 100.14889614827317 2.7991822790513003 -6.648898114070844e-05
14 31 729.5991189157776 100.14889614827317 2.7991822790513003 -6.648898114070844e-05
14 32 729.5991189157776 100.14889614827317 2.7991822790513003 -6.648898114070844e-05
14 33 729.5991189157776 100.14889614827317 2.7991822790513003 -6.648898114070844e-05
14 34 820.3697505492505 147.3055927303693 2.259215340850931 -0.00031355010277732214
14 35 820.3697505492505 147.3055927303693 2.259215340850931 -0.00031355010277732214
14 36 820.3697505492505 147.3055927303693 2.259215340850931 -0.00031355010277732214
14 37 820.3697505492505 147.3055927303693 2.259215340850931 -0.00031355010277732214
14 38 820.3697505492505 147.3055927303693 2.259215340850931 -0.00031355010277732214
14 39 820.3697505492505 147.3055927303693 2.259215340850931 -0.00031355010277732214
14 40 767.3551210997507 68.59692996005974 2.7477397373901318 1.5556812204449036e-05
14 41 767.3551210997507 68.59692996005974 2.7477397373901318 1.5556812204449036e-05
14 42 767.3551210997507 68.59692996005974 2.7477397373901318 1.5556812204449036e-05
14 43 767.3551210997507 68.59692996005974 2.7477397373901318 1.5556812204449036e-05
14 44 767.3551210997507 68.59692996005974 2.7477397373901318 1.5556812204449036e-05
14 45 767.3551210997507 68.59692996005974 2.7477397373901318 1.5556812204449036e-05
14 46 806.3423026232991 3.4422587426476583 -0.9044293444257042 6.37769699102418e-06
14 47 806.3423026232991 3.4422587426476583 -0.9044293444257042 6.37769699102418e-06
14 48 806.3423026232991 3.4422587426476583 -0.9044293444257042 6.37769699102418e-06
14 49 806.3423026232991 3.4422587426476583 -0.9044293444257042 6.37769699102418e-06
14 50 806.3423026232991 3.4422587426476583 -0.9044293444257042 6.37769699102418e-06
14 51 806.3423026232991 3.4422587426476583 -0.9044293444257042 6.37769699102418e-06
14 52 806.3423026232991 3.4422587426476583 -0.9044293444257042 6.37769699102418e-06
14 53 806.3423026232991 3.4422587426476583 -0.9044293444257042 6.37769699102418e-06
14 54 779.18533929371 41.563574431623735 0.8149064915387056 0.0002902152194208305
14 55 779.18533929371 41.563574431623735 0.8149064915387056 0.0002902152194208305
15 0 1303.6493759650689 24.45309716419893 0.28889817886242164 7.539987276911669e-05
15 1 1303.6493759650689 24.45309716419893 0.28889817886242164 7.539987276911669e-05
15 2 1337.6475655559561 34.223857363500656 0.49880886120347245 7.349252724524847e-05
15 3 1337.6475655559561 34.223857363500656 0.49880886120347245 7.349252724524847e-05
15 4 1337.6475655559561 34.223857363500656 0.49880886120347245 7.349252724524847e-05
15 5 1337.6475655559561 34.223857363500656 0.49880886120347245 7.349252724524847e-05
15 6 1337.6475655559561 34.223857363500656 0.49880886120347245 7.349252724524847e-05
15 7 1337.6475655559561 34.223857363500656 0.49880886120347245 7.349252724524847e-05
15 8 1317.84567135954 2.4834378148177674 0.0886942083977671 -5.234974376544155e-06
15 9 1317.84567135954 2.4834378148177674 0.0886942083977671 -5.234974376544155e-06
15 10 1317.84567135954 2.4834378148177674 0.0886942083977671 -5.234974376544155e-06
15 11 1317.84567135954 2.4834378148177674 0.0886942083977671 -5.234974376544155e-06
15 12 1317.84567135954 2.4834378148177674 0.0886942083977671 -5.234974376544155e-06
15 13 1317.84567135954 2.4834378148177674 0.0886942083977671 -5.234974376544155e-06
15 14 1257.2055868554771 59.06761372243798 0.5305843968111151 -4.3302757906029236e-05
15 15 1257.2055868554771 59.06761372243798 0.5305843968111151 -4.3302757906029236e-05
15 16 1257.2055868554771 59.06761372243798 0.5305843968111151 -4.3302757906029236e-05
15 17 1257.2055868554771 59.06761372243798 0.5305843968111151 -4.3302757906029236e-05
15 18 1257.2055868554771 59.06761372243798 0.5305843968111151 -4.3302757906029236e-05
15 19 1396.7382708477683 20.0068024728862 0.3313630934754731 7.826560445976825e-05
15 20 1396.7382708477683 20.0068024728862 0.3313630934754731 7.826560445976825e-05
15 21 1396.7382708477683 20.0068024728862 0.3313630934754731 7.826560445976825e-05
15 22 1396.7382708477683 20.0068024728862 0.3313630934754731 7.826560445976825e-05
15 23 1396.7382708477683 20.0068024728862 0.3313630934754731 7.826560445976825e-05
15 24 1396.7382708477683 20.0068024728862 0.3313630934754731 7.826560445976825e-05
15 25 1384.2600827152419 16.195980598177215 0.2954554390965385 9.029156874177852e-05
15 26 1384.2600827152419 16.195980598177215 0.2954554390965385 9.029156874177852e-05
15 27 1384.2600827152419 16.195980598177215 0.2954554390965385 9.029156874177852e-05
15 28 1384.2600827152419 16.195980598177215 0.2954554390965385 9.029156874177852e-05
15 29 1384.2600827152419 16.195980598177215 0.2954554390965385 9.029156874177852e-05
15 30 1379.2354370826245 17.468948612787337 0.20032661965179915 9.280440825433812e-05
15 31 1379.2354370826245 17.468948612787337 0.20032661965179915 9.280440825433812e-05
15 32 1379.2354370826245 17.468948612787337 0.20032661965179915 9.280440825433812e-05
15 33 1379.2354370826245 17.468948612787337 0.20032661965179915 9.280440825433812e-05
15 34 1386.9711879208276 20.959489221207527 0.34676837479112654 6.632326444645572e-05
15 35 1386.9711879208276 20.959489221207527 0.34676837479112654 6.632326444645572e-05
15 36 1386.9711879208276 20.959489221207527 0.34676837479112654 6.632326444645572e-05
15 37 1386.9711879208276 20.959489221207527 0.34676837479112654 6.632326444645572e-05
15 38 1386.9711879208276 20.959489221207527 0.34676837479112654 6.632326444645572e-05
15 39 1386.9711879208276 20.959489221207527 0.34676837479112654 6.632326444645572e-05
15 40 1374.4184994918726 18.101389249803308 0.4845104630094042 1.7290988213527665e-06
15 41 1374.4184994918726 18.101389249803308 0.4845104630094042 1.7290988213527665e-06
15 42 1374.4184994918726 18.101389249803308 0.4845104630094042 1.7290988213527665e-06
15 43 1374.4184994918726 18.101389249803308 0.4845104630094042 1.7290988213527665e-06
15 44 1374.4184994918726 18.101389249803308 0.4845104630094042 1.7290988213527665e-06
15 45 1374.4184994918726 18.101389249803308 0.4845104630094042 1.7290988213527665e-06
15 46 1273.4790707862078 41.21663759389199 0.9085742090034267 -0.0001546654258932345
15 47 1273.4790707862078 41.21663759389199 0.9085742090034267 -0.0001546654258932345
15 48 1273.4790707862078 41.21663759389199 0.9085742090034267 -0.0001546654258932345
15 49 1273.4790707862078 41.21663759389199 0.9085742090034267 -0.0001546654258932345
15 50 1273.4790707862078 41.21663759389199 0.9085742090034267 -0.0001546654258932345
15 51 1273.4790707862078 41.21663759389199 0.9085742090034267 -0.0001546654258932345
15 52 1273.4790707862078 41.21663759389199 0.9085742090034267 -0.0001546654258932345
15 53 1273.4790707862078 41.21663759389199 0.9085742090034267 -0.0001546654258932345
15 54 1204.5978168427096 14.287808848065524 0.4947130549621429 0.00020033120845008927
15 55 1204.5978168427096 14.287808848065524 0.4947130549621429 0.00020033120845008927
16 0 1007.1614657680286 42.43915493808742 0.19151016301635276 5.7876110126714415e-05
16 1 1007.1614657680286 42.43915493808742 0.19151016301635276 5.7876110126714415e-05
16 2 913.2390018148335 33.6870869988886 0.08451985288312595 8.136043046608057e-05
16 3 913.2390018148335 33.6870869988886 0.08451985288312595 8.136043046608057e-05
16 4 913.2390018148335 33.6870869988886 0.08451985288312595 8.136043046608057e-05
16 5 913.2390018148335 33.6870869988886 0.08451985288312595 8.136043046608057e-05
16 6 913.2390018148335 33.6870869988886 0.08451985288312595 8.136043046608057e-05
16 7 913.2390018148335 33.6870869988886 0.08451985288312595 8.136043046608057e-05
16 8 905.6777789740054 31.705613978604042 0.0751229726583311 8.231277272247015e-05
16 9 905.6777789740054 31.705613978604042 0.0751229726583311 8.231277272247015e-05
16 10 905.6777789740054 31.705613978604042 0.0751229726583311 8.231277272247015e-05
16 11 905.6777789740054 31.705613978604042 0.0751229726583311 8.231277272247015e-05
16 12 905.6777789740054 31.705613978604042 0.0751229726583311 8.231277272247015e-05
16 13 905.6777789740054 31.705613978604042 0.0751229726583311 8.231277272247015e-05
16 14 969.3841887926346 35.02932219294925 0.45376350626672457 5.1112674017219135e-05
16 15 969.3841887926346 35.02932219294925 0.45376350626672457 5.1112674017219135e-05
16 16 969.3841887926346 35.02932219294925 0.45376350626672457 5.1112674017219135e-05
16 17 969.3841887926346 35.02932219294925 0.45376350626672457 5.1112674017219135e-05
16 18 969.3841887926346 35.02932219294925 0.45376350626672457 5.1112674017219135e-05
16 19 916.9792307781996 36.47372206185031 -0.09464806760139038 7.575750496678722e-05
16 20 916.9792307781996 36.47372206185031 -0.09464806760139038 7.575750496678722e-05
16 21 916.9792307781996 36.47372206185031 -0.09464806760139038 7.575750496678722e-05
16 22 916.9792307781996 36.47372206185031 -0.09464806760139038 7.575750496678722e-05
16 23 916.9792307781996 36.47372206185031 -0.09464806760139038 7.575750496678722e-05
16 24 916.9792307781996 36.47372206185031 -0.09464806760139038 7.575750496678722e-05
16 25 916.5274892529208 41.30997631086223 -0.1130908034899829 5.668405810619513e-05
16 26 916.5274892529208 41.30997631086223 -0.1130908034899829 5.668405810619513e-05
16 27 916.5274892529208 41.30997631086223 -0.1130908034899829 5.668405810619513e-05
16 28 916.5274892529208 41.30997631086223 -0.1130908034899829 5.668405810619513e-05
16 29 916.5274892529208 41.30997631086223 -0.1130908034899829 5.668405810619513e-05
16 30 907.2492554717185 31.705595158477742 0.09447354745715075 6.172684584746313e-05
16 31 907.2492554717185 31.705595158477742 0.09447354745715075 6.172684584746313e-05
16 32 907.2492554717185 31.705595158477742 0.09447354745715075 6.172684584746313e-05
16 33 907.2492554717185 31.705595158477742 0.09447354745715075 6.172684584746313e-05
16 34 919.5734302662278 34.58790404644522 0.154726739421796 5.477667082794008e-05
16 35 919.5734302662278 34.58790404644522 0.154726739421796 5.477667082794008e-05
16 36 919.5734302662278 34.58790404644522 0.154726739421796 5.477667082794008e-05
16 37 919.5734302662278 34.58790404644522 0.154726739421796 5.477667082794008e-05
16 38 919.5734302662278 34.58790404644522 0.154726739421796 5.477667082794008e-05
16 39 919.5734302662278 34.58790404644522 0.154726739421796 5.477667082794008e-05
16 40 945.3016338244933 48.03768480030109 0.45861236507930125 8.9943444874908e-05
16 41 945.3016338244933 48.03768480030109 0.45861236507930125 8.9943444874908e-05
16 42 945.3016338244933 48.03768480030109 0.45861236507930125 8.9943444874908e-05
16 43 945.3016338244933 48.03768480030109 0.45861236507930125 8.9943444874908e-05
16 44 945.3016338244933 48.03768480030109 0.45861236507930125 8.9943444874908e-05
16 45 945.3016338244933 48.03768480030109 0.45861236507930125 8.9943444874908e-05
16 46 906.2085250415164 68.21504642544068 0.15213588327339794 5.977886077441668e-05
16 47 906.2085250415164 68.21504642544068 0.15213588327339794 5.977886077441668e-05
16 48 906.2085250415164 68.21504642544068 0.15213588327339794 5.977886077441668e-05
16 49 906.2085250415164 68.21504642544068 0.15213588327339794 5.977886077441668e-05
16 50 906.2085250415164 68.21504642544068 0.15213588327339794 5.977886077441668e-05
16 51 906.2085250415164 68.21504642544068 0.15213588327339794 5.977886077441668e-05
16 52 906.2085250415164 68.21504642544068 0.15213588327339794 5.977886077441668e-05
16 53 906.2085250415164 68.21504642544068 0.15213588327339794 5.977886077441668e-05
16 54 923.9793347685481 22.09784801339169 0.5505465467213175 0.00010380013979457883
16 55 923.9793347685481 22.09784801339169 0.5505465467213175 0.00010380013979457883
17 0 1036.4908965412765 16.344465263951633 -0.23581386308160063 -7.298563096670718e-05
17 1 1036.4908965412765 16.344465263951633 -0.23581386308160063 -7.298563096670718e-05
17 2 984.2577753268079 14.697064596221379 -0.006270320109380506 -0.0007776804647227508
17 3 984.2577753268079 14.697064596221379 -0.006270320109380506 -0.0007776804647227508
17 4 984.2577753268079 14.697064596221379 -0.006270320109380506 -0.0007776804647227508
17 5 984.2577753268079 14.697064596221379 -0.006270320109380506 -0.0007776804647227508
17 6 984.2577753268079 14.697064596221379 -0.006270320109380506 -0.0007776804647227508
17 7 984.2577753268079 14.697064596221379 -0.006270320109380506 -0.0007776804647227508
17 8 834.809710626349 68.0516052751428 2.7272119534429047 -0.0006481901980072766
17 9 834.809710626349 68.0516052751428 2.7272119534429047 -0.0006481901980072766
17 10 834.809710626349 68.0516052751428 2.7272119534429047 -0.0006481901980072766
17 11 834.809710626349 68.0516052751428 2.7272119534429047 -0.0006481901980072766
17 12 834.809710626349 68.0516052751428 2.7272119534429047 -0.0006481901980072766
17 13 834.809710626349 68.0516052751428 2.7272119534429047 -0.0006481901980072766
17 14 1272.0608019764634 53.58711153819201 1.3165051202872364 -0.0005914270983785882
17 15 1272.0608019764634 53.58711153819201 1.3165051202872364 -0.0005914270983785882
17 16 1272.0608019764634 53.58711153819201 1.3165051202872364 -0.0005914270983785882
17 17 1272.0608019764634 53.58711153819201 1.3165051202872364 -0.0005914270983785882
17 18 1272.0608019764634 53.58711153819201 1.3165051202872364 -0.0005914270983785882
17 19 1632.7990656412526 -6.988833729736768 0.6366460113697144 5.656480791181282e-05
17 20 1632.7990656412526 -6.988833729736768 0.6366460113697144 5.656480791181282e-05
17 21 1632.7990656412526 -6.988833729736768 0.6366460113697144 5.656480791181282e-05
17 22 1632.7990656412526 -6.988833729736768 0.6366460113697144 5.656480791181282e-05
17 23 1632.7990656412526 -6.988833729736768 0.6366460113697144 5.656480791181282e-05
17 24 1632.7990656412526 -6.988833729736768 0.6366460113697144 5.656480791181282e-05
17 25 1242.972524903501 19.37673969424236 0.762783663223281 6.690288870306703e-05
17 26 1242.972524903501 19.37673969424236 0.762783663223281 6.690288870306703e-05
17 27 1242.972524903501 19.37673969424236 0.762783663223281 6.690288870306703e-05
17 28 1242.972524903501 19.37673969424236 0.762783663223281 6.690288870306703e-05
17 29 1242.972524903501 19.37673969424236 0.762783663223281 6.690288870306703e-05
17 30 1730.3054001708833 -48.603021637732496 0.8980088991705082 7.883607972977378e-05
17 31 1730.3054001708833 -48.603021637732496 0.8980088991705082 7.883607972977378e-05
17 32 1730.3054001708833 -48.603021637732496 0.8980088991705082 7.883607972977378e-05
17 33 1730.3054001708833 -48.603021637732496 0.8980088991705082 7.883607972977378e-05
17 34 1251.2991376602768 17.610961146492244 0.39570559914888725 0.00018695828545737273
17 35 1251.2991376602768 17.610961146492244 0.39570559914888725 0.00018695828545737273
17 36 1251.2991376602768 17.610961146492244 0.39570559914888725 0.00018695828545737273
17 37 1251.2991376602768 17.610961146492244 0.39570559914888725 0.00018695828545737273
17 38 1251.2991376602768 17.610961146492244 0.39570559914888725 0.00018695828545737273
17 39 1251.2991376602768 17.610961146492244 0.39570559914888725 0.00018695828545737273
17 40 1193.2094682167508 17.71793032764674 0.39418664660734004 -1.4007093902327737e-06
17 41 1193.2094682167508 17.71793032764674 0.39418664660734004 -1.4007093902327737e-06
17 42 1193.2094682167508 17.71793032764674 0.39418664660734004 -1.4007093902327737e-06
17 43 1193.2094682167508 17.71793032764674 0.39418664660734004 -1.4007093902327737e-06
17 44 1193.2094682167508 17.71793032764674 0.39418664660734004 -1.4007093902327737e-06
17 45 1193.2094682167508 17.71793032764674 0.39418664660734004 -1.4007093902327737e-06
17 46 1286.96236913521 21.27027827191212 -0.189304620465136 -0.00014462342573991297
17 47 1286.96236913521 21.27027827191212 -0.189304620465136 -0.00014462342573991297
17 48 1286.96236913521 21.27027827191212 -0.189304620465136 -0.00014462342573991297
17 49 1286.96236913521 21.27027827191212 -0.189304620465136 -0.00014462342573991297
17 50 1286.96236913521 21.27027827191212 -0.189304620465136 -0.00014462342573991297
17 51 1286.96236913521 21.27027827191212 -0.189304620465136 -0.00014462342573991297
17 52 1286.96236913521 21.27027827191212 -0.189304620465136 -0.00014462342573991297
17 53 1286.96236913521 21.27027827191212 -0.189304620465136 -0.00014462342573991297
17 54 994.5401974040458 15.155673477295299 0.11310941826739923 -1.1638091099709307e-06
17 55 994.5401974040458 15.155673477295299 0.11310941826739923 -1.1638091099709307e-06
18 0 1142.8418060814588 19.5456174517375 0.336612253492581 8.898973452506304e-05
18 1 1142.8418060814588 19.5456174517375 0.336612253492581 8.898973452506304e-05
18 2 1131.0052545751992 22.468580345977685 0.3439916889352658 8.87512944288187e-05
18 3 1131.0052545751992 22.468580345977685 0.3439916889352658 8.87512944288187e-05
18 4 1131.0052545751992 22.468580345977685 0.3439916889352658 8.87512944288187e-05
18 5 1131.0052545751992 22.468580345977685 0.3439916889352658 8.87512944288187e-05
18 6 1131.0052545751992 22.468580345977685 0.3439916889352658 8.87512944288187e-05
18 7 1131.0052545751992 22.468580345977685 0.3439916889352658 8.87512944288187e-05
18 8 1138.631144088536 21.49167707982413 0.3428600504874434 8.863029186314013e-05
18 9 1138.631144088536 21.49167707982413 0.3428600504874434 8.863029186314013e-05
18 10 1138.631144088536 21.49167707982413 0.3428600504874434 8.863029186314013e-05
18 11 1138.631144088536 21.49167707982413 0.3428600504874434 8.863029186314013e-05
18 12 1138.631144088536 21.49167707982413 0.3428600504874434 8.863029186314013e-05
18 13 1138.631144088536 21.49167707982413 0.3428600504874434 8.863029186314013e-05
18 14 1143.0159739576593 19.54144222493155 0.33660772956094065 8.863209938807604e-05
18 15 1143.0159739576593 19.54144222493155 0.33660772956094065 8.863209938807604e-05
18 16 1143.0159739576593 19.54144222493155 0.33660772956094065 8.863209938807604e-05
18 17 1143.0159739576593 19.54144222493155 0.33660772956094065 8.863209938807604e-05
18 18 1143.0159739576593 19.54144222493155 0.33660772956094065 8.863209938807604e-05
18 19 1139.98802462819 20.514784466908146 0.31537145780770615 8.972754867473877e-05
18 20 1139.98802462819 20.514784466908146 0.31537145780770615 8.972754867473877e-05
18 21 1139.98802462819 20.514784466908146 0.31537145780770615 8.972754867473877e-05
18 22 1139.98802462819 20.514784466908146 0.31537145780770615 8.972754867473877e-05
18 23 1139.98802462819 20.514784466908146 0.31537145780770615 8.972754867473877e-05
18 24 1139.98802462819 20.514784466908146 0.31537145780770615 8.972754867473877e-05
18 25 1140.450021766721 20.357573169777762 0.3252384770837319 8.922815253571504e-05
18 26 1140.450021766721 20.357573169777762 0.3252384770837319 8.922815253571504e-05
18 27 1140.450021766721 20.357573169777762 0.3252384770837319 8.922815253571504e-05
18 28 1140.450021766721 20.357573169777762 0.3252384770837319 8.922815253571504e-05
18 29 1140.450021766721 20.357573169777762 0.3252384770837319 8.922815253571504e-05
18 30 1140.3198710474126 20.514737565919184 0.3147681792593107 8.898971991694405e-05
18 31 1140.3198710474126 20.514737565919184 0.3147681792593107 8.898971991694405e-05
18 32 1140.3198710474126 20.514737565919184 0.3147681792593107 8.898971991694405e-05
18 33 1140.3198710474126 20.514737565919184 0.3147681792593107 8.898971991694405e-05
18 34 1116.5385600523118 16.105009964314515 0.3205698236054141 9.292364107877521e-05
18 35 1116.5385600523118 16.105009964314515 0.3205698236054141 9.292364107877521e-05
18 36 1116.5385600523118 16.105009964314515 0.3205698236054141 9.292364107877521e-05
18 37 1116.5385600523118 16.105009964314515 0.3205698236054141 9.292364107877521e-05
18 38 1116.5385600523118 16.105009964314515 0.3205698236054141 9.292364107877521e-05
18 39 1116.5385600523118 16.105009964314515 0.3205698236054141 9.292364107877521e-05
18 40 1140.7951886377273 19.824818836322535 0.32621441364854664 8.946656981776543e-05
18 41 1140.7951886377273 19.824818836322535 0.32621441364854664 8.946656981776543e-05
18 42 1140.7951886377273 19.824818836322535 0.32621441364854664 8.946656981776543e-05
18 43 1140.7951886377273 19.824818836322535 0.32621441364854664 8.946656981776543e-05
18 44 1140.7951886377273 19.824818836322535 0.32621441364854664 8.946656981776543e-05
18 45 1140.7951886377273 19.824818836322535 0.32621441364854664 8.946656981776543e-05
18 46 1141.4075246885263 19.864017250728043 0.34199691786255815 8.910894947036671e-05
18 47 1141.4075246885263 19.864017250728043 0.34199691786255815 8.910894947036671e-05
18 48 1141.4075246885263 19.864017250728043 0.34199691786255815 8.910894947036671e-05
18 49 1141.4075246885263 19.864017250728043 0.34199691786255815 8.910894947036671e-05
18 50 1141.4075246885263 19.864017250728043 0.34199691786255815 8.910894947036671e-05
18 51 1141.4075246885263 19.864017250728043 0.34199691786255815 8.910894947036671e-05
18 52 1141.4075246885263 19.864017250728043 0.34199691786255815 8.910894947036671e-05
18 53 1141.4075246885263 19.864017250728043 0.34199691786255815 8.910894947036671e-05
18 54 1074.2624808339629 22.468587921216493 0.7936474631219411 8.006914172981092e-05
18 55 1074.2624808339629 22.468587921216493 0.7936474631219411 8.006914172981092e-05
19 0 1455.880987982183 20.402696615465135 0.307596001620439 9.781122070087795e-05
19 1 1455.880987982183 20.402696615465135 0.307596001620439 9.781122070087795e-05
19 2 1353.5362421088591 14.978213194609307 0.3246764482394713 0.00015836953999968502
19 3 1353.5362421088591 14.978213194609307 0.3246764482394713 0.00015836953999968502
19 4 1353.5362421088591 14.978213194609307 0.3246764482394713 0.00015836953999968502
19 5 1353.5362421088591 14.978213194609307 0.3246764482394713 0.00015836953999968502
19 6 1353.5362421088591 14.978213194609307 0.3246764482394713 0.00015836953999968502
19 7 1353.5362421088591 14.978213194609307 0.3246764482394713 0.00015836953999968502
19 8 1417.5209027145092 16.026441459638882 0.3600445217298847 8.612871342821292e-05
19 9 1417.5209027145092 16.026441459638882 0.3600445217298847 8.612871342821292e-05
19 10 1417.5209027145092 16.026441459638882 0.3600445217298847 8.612871342821292e-05
19 11 1417.5209027145092 16.026441459638882 0.3600445217298847 8.612871342821292e-05
19 12 1417.5209027145092 16.026441459638882 0.3600445217298847 8.612871342821292e-05
19 13 1417.5209027145092 16.026441459638882 0.3600445217298847 8.612871342821292e-05
19 14 1460.944664036398 21.66859476748192 0.30785054981843085 9.268519619511353e-05
19 15 1460.944664036398 21.66859476748192 0.30785054981843085 9.268519619511353e-05
19 16 1460.944664036398 21.66859476748192 0.30785054981843085 9.268519619511353e-05
19 17 1460.944664036398 21.66859476748192 0.30785054981843085 9.268519619511353e-05
19 18 1460.944664036398 21.66859476748192 0.30785054981843085 9.268519619511353e-05
19 19 1298.8783886491178 20.269516340090654 0.5761604691576442 7.086782655361498e-05
19 20 1298.8783886491178 20.269516340090654 0.5761604691576442 7.086782655361498e-05
19 21 1298.8783886491178 20.269516340090654 0.5761604691576442 7.086782655361498e-05
19 22 1298.8783886491178 20.269516340090654 0.5761604691576442 7.086782655361498e-05
19 23 1298.8783886491178 20.269516340090654 0.5761604691576442 7.086782655361498e-05
19 24 1298.8783886491178 20.269516340090654 0.5761604691576442 7.086782655361498e-05
19 25 1352.387948265084 17.809391355334895 0.35400141004148167 0.00010066262357410172
19 26 1352.387948265084 17.809391355334895 0.35400141004148167 0.00010066262357410172
19 27 1352.387948265084 17.809391355334895 0.35400141004148167 0.00010066262357410172
19 28 1352.387948265084 17.809391355334895 0.35400141004148167 0.00010066262357410172
19 29 1352.387948265084 17.809391355334895 0.35400141004148167 0.00010066262357410172
19 30 1403.222365394453 16.203625291069933 0.3616881306104309 9.59038738683922e-05
19 31 1403.222365394453 16.203625291069933 0.3616881306104309 9.59038738683922e-05
19 32 1403.222365394453 16.203625291069933 0.3616881306104309 9.59038738683922e-05
19 33 1403.222365394453 16.203625291069933 0.3616881306104309 9.59038738683922e-05
19 34 1413.8821719767527 16.886756109191673 0.325300373363516 9.042024601346992e-05
19 35 1413.8821719767527 16.886756109191673 0.325300373363516 9.042024601346992e-05
19 36 1413.8821719767527 16.886756109191673 0.325300373363516 9.042024601346992e-05
19 37 1413.8821719767527 16.886756109191673 0.325300373363516 9.042024601346992e-05
19 38 1413.8821719767527 16.886756109191673 0.325300373363516 9.042024601346992e-05
19 39 1413.8821719767527 16.886756109191673 0.325300373363516 9.042024601346992e-05
19 40 1221.1581927440266 19.036856534310033 0.9538431723227191 8.457899110599631e-05
19 41 1221.1581927440266 19.036856534310033 0.9538431723227191 8.457899110599631e-05
19 42 1221.1581927440266 19.036856534310033 0.9538431723227191 8.457899110599631e-05
19 43 1221.1581927440266 19.036856534310033 0.9538431723227191 8.457899110599631e-05
19 44 1221.1581927440266 19.036856534310033 0.9538431723227191 8.457899110599631e-05
19 45 1221.1581927440266 19.036856534310033 0.9538431723227191 8.457899110599631e-05
19 46 1223.2703467062404 18.150883515482665 0.6813834478129336 1.3649470989680356e-05
19 47 1223.2703467062404 18.150883515482665 0.6813834478129336 1.3649470989680356e-05
19 48 1223.2703467062404 18.150883515482665 0.6813834478129336 1.3649470989680356e-05
19 49 1223.2703467062404 18.150883515482665 0.6813834478129336 1.3649470989680356e-05
19 50 1223.2703467062404 18.150883515482665 0.6813834478129336 1.3649470989680356e-05
19 51 1223.2703467062404 18.150883515482665 0.6813834478129336 1.3649470989680356e-05
19 52 1223.2703467062404 18.150883515482665 0.6813834478129336 1.3649470989680356e-05
19 53 1223.2703467062404 18.150883515482665 0.6813834478129336 1.3649470989680356e-05
19 54 1388.7076430673987 24.623626922674468 0.2554776843264217 0.00012010341607020909
19 55 1388.7076430673987 24.623626922674468 0.2554776843264217 0.00012010341607020909
