order obs chisq vsini limbdark rv
0 0 24934.13346196547 19.12494958557219 0.28127076473655965 0.00010734740380407586
0 1 24934.13346196547 19.12494958557219 0.28127076473655965 0.00010734740380407586
0 2 25574.375554460683 23.262482190755993 0.28802004636984735 9.864569533359169e-05
0 3 25574.375554460683 23.262482190755993 0.28802004636984735 9.864569533359169e-05
0 4 25574.375554460683 23.262482190755993 0.28802004636984735 9.864569533359169e-05
0 5 25574.375554460683 23.262482190755993 0.28802004636984735 9.864569533359169e-05
0 6 25574.375554460683 23.262482190755993 0.28802004636984735 9.864569533359169e-05
0 7 25574.375554460683 23.262482190755993 0.28802004636984735 9.864569533359169e-05
0 8 24924.164587123618 17.754597795380498 0.3410030717164464 9.757280348521058e-05
0 9 24924.164587123618 17.754597795380498 0.3410030717164464 9.757280348521058e-05
0 10 24924.164587123618 17.754597795380498 0.3410030717164464 9.757280348521058e-05
0 11 24924.164587123618 17.754597795380498 0.3410030717164464 9.757280348521058e-05
0 12 24924.164587123618 17.754597795380498 0.3410030717164464 9.757280348521058e-05
0 13 24924.164587123618 17.754597795380498 0.3410030717164464 9.757280348521058e-05
0 14 26933.4012848478 24.9240884409469 0.40802782877398014 9.803832986690291e-06
0 15 26933.4012848478 24.9240884409469 0.40802782877398014 9.803832986690291e-06
0 16 26933.4012848478 24.9240884409469 0.40802782877398014 9.803832986690291e-06
0 17 26933.4012848478 24.9240884409469 0.40802782877398014 9.803832986690291e-06
0 18 26933.4012848478 24.9240884409469 0.40802782877398014 9.803832986690291e-06
0 19 27044.618624124872 42.82700347410576 -1.3770270326192207 0.0002242988500115988
0 20 27044.618624124872 42.82700347410576 -1.3770270326192207 0.0002242988500115988
0 21 27044.618624124872 42.82700347410576 -1.3770270326192207 0.0002242988500115988
0 22 27044.618624124872 42.82700347410576 -1.3770270326192207 0.0002242988500115988
0 23 27044.618624124872 42.82700347410576 -1.3770270326192207 0.0002242988500115988
0 24 27044.618624124872 42.82700347410576 -1.3770270326192207 0.0002242988500115988
0 25 44850.96309534105 -2.5484471814832967 0.7475949223791996 0.00020354986191312328
0 26 44850.96309534105 -2.5484471814832967 0.7475949223791996 0.00020354986191312328
0 27 44850.96309534105 -2.5484471814832967 0.7475949223791996 0.00020354986191312328
0 28 44850.96309534105 -2.5484471814832967 0.7475949223791996 0.00020354986191312328
0 29 44850.96309534105 -2.5484471814832967 0.7475949223791996 0.00020354986191312328
0 30 25972.271641541236 40.34571863350869 -0.4990698179583586 0.00016206502350158775
0 31 25972.271641541236 40.34571863350869 -0.4990698179583586 0.00016206502350158775
0 32 25972.271641541236 40.34571863350869 -0.4990698179583586 0.00016206502350158775
0 33 25972.271641541236 40.34571863350869 -0.4990698179583586 0.00016206502350158775
0 34 67670.80641638828 6.127517444296032 0.4958101561838095 4.762411175624863e-05
0 35 67670.80641638828 6.127517444296032 0.4958101561838095 4.762411175624863e-05
0 36 67670.80641638828 6.127517444296032 0.4958101561838095 4.762411175624863e-05
0 37 67670.80641638828 6.127517444296032 0.4958101561838095 4.762411175624863e-05
0 38 67670.80641638828 6.127517444296032 0.4958101561838095 4.762411175624863e-05
0 39 67670.80641638828 6.127517444296032 0.4958101561838095 4.762411175624863e-05
0 40 31761.244217654996 19.144080897188587 0.32184919418582336 8.362531978475246e-05
0 41 31761.244217654996 19.144080897188587 0.32184919418582336 8.362531978475246e-05
0 42 31761.244217654996 19.144080897188587 0.32184919418582336 8.362531978475246e-05
0 43 31761.244217654996 19.144080897188587 0.32184919418582336 8.362531978475246e-05
0 44 31761.244217654996 19.144080897188587 0.32184919418582336 8.362531978475246e-05
0 45 31761.244217654996 19.144080897188587 0.32184919418582336 8.362531978475246e-05
0 46 32481.10492473262 9.758841922657593 0.44544205669959763 0.00010508298958659262
0 47 32481.10492473262 9.758841922657593 0.44544205669959763 0.00010508298958659262
0 48 32481.10492473262 9.758841922657593 0.44544205669959763 0.00010508298958659262
0 49 32481.10492473262 9.758841922657593 0.44544205669959763 0.00010508298958659262
0 50 32481.10492473262 9.758841922657593 0.44544205669959763 0.00010508298958659262
0 51 32481.10492473262 9.758841922657593 0.44544205669959763 0.00010508298958659262
0 52 32481.10492473262 9.758841922657593 0.44544205669959763 0.00010508298958659262
0 53 32481.10492473262 9.758841922657593 0.44544205669959763 0.00010508298958659262
0 54 35823.77233305283 -3.9469647846893103 0.4633634285288024 0.00018805266116461196
0 55 35823.77233305283 -3.9469647846893103 0.4633634285288024 0.00018805266116461196
1 0 3187.316567877765 18.85981726062137 0.30656388621937847 9.840726851086513e-05
1 1 3187.316567877765 18.85981726062137 0.30656388621937847 9.840726851086513e-05
1 2 3098.7120831394036 19.79442556097373 0.2628537113870526 9.506940821712771e-05
1 3 3098.7120831394036 19.79442556097373 0.2628537113870526 9.506940821712771e-05
1 4 3098.7120831394036 19.79442556097373 0.2628537113870526 9.506940821712771e-05
1 5 3098.7120831394036 19.79442556097373 0.2628537113870526 9.506940821712771e-05
1 6 3098.7120831394036 19.79442556097373 0.2628537113870526 9.506940821712771e-05
1 7 3098.7120831394036 19.79442556097373 0.2628537113870526 9.506940821712771e-05
1 8 3137.1790463438297 20.195290116051773 0.3101972844148976 9.781122153836605e-05
1 9 3137.1790463438297 20.195290116051773 0.3101972844148976 9.781122153836605e-05
1 10 3137.1790463438297 20.195290116051773 0.3101972844148976 9.781122153836605e-05
1 11 3137.1790463438297 20.195290116051773 0.3101972844148976 9.781122153836605e-05
1 12 3137.1790463438297 20.195290116051773 0.3101972844148976 9.781122153836605e-05
1 13 3137.1790463438297 20.195290116051773 0.3101972844148976 9.781122153836605e-05
1 14 3150.378516323867 20.1581820535798 0.3176940074582929 9.137384404158353e-05
1 15 3150.378516323867 20.1581820535798 0.3176940074582929 9.137384404158353e-05
1 16 3150.378516323867 20.1581820535798 0.3176940074582929 9.137384404158353e-05
1 17 3150.378516323867 20.1581820535798 0.3176940074582929 9.137384404158353e-05
1 18 3150.378516323867 20.1581820535798 0.3176940074582929 9.137384404158353e-05
1 19 3041.848162843895 20.29396121902979 0.5235730348365981 8.991678022124412e-05
1 20 3041.848162843895 20.29396121902979 0.5235730348365981 8.991678022124412e-05
1 21 3041.848162843895 20.29396121902979 0.5235730348365981 8.991678022124412e-05
1 22 3041.848162843895 20.29396121902979 0.5235730348365981 8.991678022124412e-05
1 23 3041.848162843895 20.29396121902979 0.5235730348365981 8.991678022124412e-05
1 24 3041.848162843895 20.29396121902979 0.5235730348365981 8.991678022124412e-05
1 25 3060.949879177709 19.979646257628985 0.5220045606030821 6.991636779098262e-05
1 26 3060.949879177709 19.979646257628985 0.5220045606030821 6.991636779098262e-05
1 27 3060.949879177709 19.979646257628985 0.5220045606030821 6.991636779098262e-05
1 28 3060.949879177709 19.979646257628985 0.5220045606030821 6.991636779098262e-05
1 29 3060.949879177709 19.979646257628985 0.5220045606030821 6.991636779098262e-05
1 30 3090.0072358617144 19.432571257662417 0.4071975765178495 9.566545478648426e-05
1 31 3090.0072358617144 19.432571257662417 0.4071975765178495 9.566545478648426e-05
1 32 3090.0072358617144 19.432571257662417 0.4071975765178495 9.566545478648426e-05
1 33 3090.0072358617144 19.432571257662417 0.4071975765178495 9.566545478648426e-05
1 34 3048.0868781861645 19.776433411093915 0.36465127412441384 0.00014704779991706925
1 35 3048.0868781861645 19.776433411093915 0.36465127412441384 0.00014704779991706925
1 36 3048.0868781861645 19.776433411093915 0.36465127412441384 0.00014704779991706925
1 37 3048.0868781861645 19.776433411093915 0.36465127412441384 0.00014704779991706925
1 38 3048.0868781861645 19.776433411093915 0.36465127412441384 0.00014704779991706925
1 39 3048.0868781861645 19.776433411093915 0.36465127412441384 0.00014704779991706925
1 40 3058.3811330909684 19.966039657720422 0.3001637105910896 8.994341270835415e-05
1 41 3058.3811330909684 19.966039657720422 0.3001637105910896 8.994341270835415e-05
1 42 3058.3811330909684 19.966039657720422 0.3001637105910896 8.994341270835415e-05
1 43 3058.3811330909684 19.966039657720422 0.3001637105910896 8.994341270835415e-05
1 44 3058.3811330909684 19.966039657720422 0.3001637105910896 8.994341270835415e-05
1 45 3058.3811330909684 19.966039657720422 0.3001637105910896 8.994341270835415e-05
1 46 3139.3175603514137 20.150087529101555 0.31881500231357796 8.384381311247964e-05
1 47 3139.3175603514137 20.150087529101555 0.31881500231357796 8.384381311247964e-05
1 48 3139.3175603514137 20.150087529101555 0.31881500231357796 8.384381311247964e-05
1 49 3139.3175603514137 20.150087529101555 0.31881500231357796 8.384381311247964e-05
1 50 3139.3175603514137 20.150087529101555 0.31881500231357796 8.384381311247964e-05
1 51 3139.3175603514137 20.150087529101555 0.31881500231357796 8.384381311247964e-05
1 52 3139.3175603514137 20.150087529101555 0.31881500231357796 8.384381311247964e-05
1 53 3139.3175603514137 20.150087529101555 0.31881500231357796 8.384381311247964e-05
1 54 3143.281851696025 20.186037909020754 0.29780797408641857 9.602308275883536e-05
1 55 3143.281851696025 20.186037909020754 0.29780797408641857 9.602308275883536e-05
2 0 2296.3968684547845 21.704777138035805 0.31826369982373226 9.231685651970805e-05
2 1 2296.3968684547845 21.704777138035805 0.31826369982373226 9.231685651970805e-05
2 2 2366.3938002420614 21.86196536026571 0.34132489508597574 9.447338649534761e-05
2 3 2366.3938002420614 21.86196536026571 0.34132489508597574 9.447338649534761e-05
2 4 2366.3938002420614 21.86196536026571 0.34132489508597574 9.447338649534761e-05
2 5 2366.3938002420614 21.86196536026571 0.34132489508597574 9.447338649534761e-05
2 6 2366.3938002420614 21.86196536026571 0.34132489508597574 9.447338649534761e-05
2 7 2366.3938002420614 21.86196536026571 0.34132489508597574 9.447338649534761e-05
2 8 2269.611500592219 21.26177324382786 0.24106884419431024 9.721517578557945e-05
2 9 2269.611500592219 21.26177324382786 0.24106884419431024 9.721517578557945e-05
2 10 2269.611500592219 21.26177324382786 0.24106884419431024 9.721517578557945e-05
2 11 2269.611500592219 21.26177324382786 0.24106884419431024 9.721517578557945e-05
2 12 2269.611500592219 21.26177324382786 0.24106884419431024 9.721517578557945e-05
2 13 2269.611500592219 21.26177324382786 0.24106884419431024 9.721517578557945e-05
2 14 2340.209977553139 20.6079932647666 0.3030337872006923 9.018182784484508e-05
2 15 2340.209977553139 20.6079932647666 0.3030337872006923 9.018182784484508e-05
2 16 2340.209977553139 20.6079932647666 0.3030337872006923 9.018182784484508e-05
2 17 2340.209977553139 20.6079932647666 0.3030337872006923 9.018182784484508e-05
2 18 2340.209977553139 20.6079932647666 0.3030337872006923 9.018182784484508e-05
2 19 2328.8706255446123 22.316008334401296 0.27524930926889013 9.208916761089682e-05
2 20 2328.8706255446123 22.316008334401296 0.27524930926889013 9.208916761089682e-05
2 21 2328.8706255446123 22.316008334401296 0.27524930926889013 9.208916761089682e-05
2 22 2328.8706255446123 22.316008334401296 0.27524930926889013 9.208916761089682e-05
2 23 2328.8706255446123 22.316008334401296 0.27524930926889013 9.208916761089682e-05
2 24 2328.8706255446123 22.316008334401296 0.27524930926889013 9.208916761089682e-05
2 25 2330.1106512484257 22.424290896863454 0.4162845244269239 9.88840930057751e-05
2 26 2330.1106512484257 22.424290896863454 0.4162845244269239 9.88840930057751e-05
2 27 2330.1106512484257 22.424290896863454 0.4162845244269239 9.88840930057751e-05
2 28 2330.1106512484257 22.424290896863454 0.4162845244269239 9.88840930057751e-05
2 29 2330.1106512484257 22.424290896863454 0.4162845244269239 9.88840930057751e-05
2 30 2326.8759518174784 20.65692815218386 -0.2521408122493956 8.910894403650377e-05
2 31 2326.8759518174784 20.65692815218386 -0.2521408122493956 8.910894403650377e-05
2 32 2326.8759518174784 20.65692815218386 -0.2521408122493956 8.910894403650377e-05
2 33 2326.8759518174784 20.65692815218386 -0.2521408122493956 8.910894403650377e-05
2 34 2349.589703638995 21.359137108594915 0.15134237869388711 8.982419965882174e-05
2 35 2349.589703638995 21.359137108594915 0.15134237869388711 8.982419965882174e-05
2 36 2349.589703638995 21.359137108594915 0.15134237869388711 8.982419965882174e-05
2 37 2349.589703638995 21.359137108594915 0.15134237869388711 8.982419965882174e-05
2 38 2349.589703638995 21.359137108594915 0.15134237869388711 8.982419965882174e-05
2 39 2349.589703638995 21.359137108594915 0.15134237869388711 8.982419965882174e-05
2 40 2349.6372275684785 20.48893494800818 0.285722030568638 9.280443201078426e-05
2 41 2349.6372275684785 20.48893494800818 0.285722030568638 9.280443201078426e-05
2 42 2349.6372275684785 20.48893494800818 0.285722030568638 9.280443201078426e-05
2 43 2349.6372275684785 20.48893494800818 0.285722030568638 9.280443201078426e-05
2 44 2349.6372275684785 20.48893494800818 0.285722030568638 9.280443201078426e-05
2 45 2349.6372275684785 20.48893494800818 0.285722030568638 9.280443201078426e-05
2 46 2354.092014753623 22.339713150420977 0.6591387389811301 9.249113934582318e-05
2 47 2354.092014753623 22.339713150420977 0.6591387389811301 9.249113934582318e-05
2 48 2354.092014753623 22.339713150420977 0.6591387389811301 9.249113934582318e-05
2 49 2354.092014753623 22.339713150420977 0.6591387389811301 9.249113934582318e-05
2 50 2354.092014753623 22.339713150420977 0.6591387389811301 9.249113934582318e-05
2 51 2354.092014753623 22.339713150420977 0.6591387389811301 9.249113934582318e-05
2 52 2354.092014753623 22.339713150420977 0.6591387389811301 9.249113934582318e-05
2 53 2354.092014753623 22.339713150420977 0.6591387389811301 9.249113934582318e-05
2 54 2363.0814043446394 21.950942534744875 0.30611461853792277 0.00010043382631750383
2 55 2363.0814043446394 21.950942534744875 0.30611461853792277 0.00010043382631750383
3 0 1676.496580590911 20.767457987476213 0.3075900033373896 9.030103718599432e-05
3 1 1676.496580590911 20.767457987476213 0.3075900033373896 9.030103718599432e-05
3 2 1566.9488002809985 20.93999841464118 0.3714654945654374 7.802248001004272e-05
3 3 1566.9488002809985 20.93999841464118 0.3714654945654374 7.802248001004272e-05
3 4 1566.9488002809985 20.93999841464118 0.3714654945654374 7.802248001004272e-05
3 5 1566.9488002809985 20.93999841464118 0.3714654945654374 7.802248001004272e-05
3 6 1566.9488002809985 20.93999841464118 0.3714654945654374 7.802248001004272e-05
3 7 1566.9488002809985 20.93999841464118 0.3714654945654374 7.802248001004272e-05
3 8 1659.6115653114996 19.787676596028952 0.30754883713033376 9.530782699623662e-05
3 9 1659.6115653114996 19.787676596028952 0.30754883713033376 9.530782699623662e-05
3 10 1659.6115653114996 19.787676596028952 0.30754883713033376 9.530782699623662e-05
3 11 1659.6115653114996 19.787676596028952 0.30754883713033376 9.530782699623662e-05
3 12 1659.6115653114996 19.787676596028952 0.30754883713033376 9.530782699623662e-05
3 13 1659.6115653114996 19.787676596028952 0.30754883713033376 9.530782699623662e-05
3 14 1660.7123447997565 20.101616929167445 0.376973713113257 8.815526962368765e-05
3 15 1660.7123447997565 20.101616929167445 0.376973713113257 8.815526962368765e-05
3 16 1660.7123447997565 20.101616929167445 0.376973713113257 8.815526962368765e-05
3 17 1660.7123447997565 20.101616929167445 0.376973713113257 8.815526962368765e-05
3 18 1660.7123447997565 20.101616929167445 0.376973713113257 8.815526962368765e-05
3 19 1578.9461146304966 21.382555804835327 0.597078018129018 9.971858673506331e-05
3 20 1578.9461146304966 21.382555804835327 0.597078018129018 9.971858673506331e-05
3 21 1578.9461146304966 21.382555804835327 0.597078018129018 9.971858673506331e-05
3 22 1578.9461146304966 21.382555804835327 0.597078018129018 9.971858673506331e-05
3 23 1578.9461146304966 21.382555804835327 0.597078018129018 9.971858673506331e-05
3 24 1578.9461146304966 21.382555804835327 0.597078018129018 9.971858673506331e-05
3 25 1555.7286765277727 21.382441777893053 0.3099470186656132 0.00011092423362312197
3 26 1555.7286765277727 21.382441777893053 0.3099470186656132 0.00011092423362312197
3 27 1555.7286765277727 21.382441777893053 0.3099470186656132 0.00011092423362312197
3 28 1555.7286765277727 21.382441777893053 0.3099470186656132 0.00011092423362312197
3 29 1555.7286765277727 21.382441777893053 0.3099470186656132 0.00011092423362312197
3 30 1662.3902261290318 19.942601945419852 0.3390670643221655 9.030103692764848e-05
3 31 1662.3902261290318 19.942601945419852 0.3390670643221655 9.030103692764848e-05
3 32 1662.3902261290318 19.942601945419852 0.3390670643221655 9.030103692764848e-05
3 33 1662.3902261290318 19.942601945419852 0.3390670643221655 9.030103692764848e-05
3 34 1659.078049656115 19.832742072835984 0.29251456532121217 8.767843248059021e-05
3 35 1659.078049656115 19.832742072835984 0.29251456532121217 8.767843248059021e-05
3 36 1659.078049656115 19.832742072835984 0.29251456532121217 8.767843248059021e-05
3 37 1659.078049656115 19.832742072835984 0.29251456532121217 8.767843248059021e-05
3 38 1659.078049656115 19.832742072835984 0.29251456532121217 8.767843248059021e-05
3 39 1659.078049656115 19.832742072835984 0.29251456532121217 8.767843248059021e-05
3 40 1565.367360822919 21.382535826632758 0.4747629467211976 2.8961677087830647e-05
3 41 1565.367360822919 21.382535826632758 0.4747629467211976 2.8961677087830647e-05
3 42 1565.367360822919 21.382535826632758 0.4747629467211976 2.8961677087830647e-05
3 43 1565.367360822919 21.382535826632758 0.4747629467211976 2.8961677087830647e-05
3 44 1565.367360822919 21.382535826632758 0.4747629467211976 2.8961677087830647e-05
3 45 1565.367360822919 21.382535826632758 0.4747629467211976 2.8961677087830647e-05
3 46 1543.550551019705 20.167419275012683 0.061010809693948745 0.0001170039160891136
3 47 1543.550551019705 20.167419275012683 0.061010809693948745 0.0001170039160891136
3 48 1543.550551019705 20.167419275012683 0.061010809693948745 0.0001170039160891136
3 49 1543.550551019705 20.167419275012683 0.061010809693948745 0.0001170039160891136
3 50 1543.550551019705 20.167419275012683 0.061010809693948745 0.0001170039160891136
3 51 1543.550551019705 20.167419275012683 0.061010809693948745 0.0001170039160891136
3 52 1543.550551019705 20.167419275012683 0.061010809693948745 0.0001170039160891136
3 53 1543.550551019705 20.167419275012683 0.061010809693948745 0.0001170039160891136
3 54 1551.618214514061 20.23935204330065 0.14260568688081793 9.119528836536728e-06
3 55 1551.618214514061 20.23935204330065 0.14260568688081793 9.119528836536728e-06
4 0 1244.6201807660204 17.233753417386765 0.35886174171740776 7.158517837527008e-05
4 1 1244.6201807660204 17.233753417386765 0.35886174171740776 7.158517837527008e-05
4 2 1287.3640370867906 21.565220410751927 0.286249616935293 8.428484782529618e-05
4 3 1287.3640370867906 21.565220410751927 0.286249616935293 8.428484782529618e-05
4 4 1287.3640370867906 21.565220410751927 0.286249616935293 8.428484782529618e-05
4 5 1287.3640370867906 21.565220410751927 0.286249616935293 8.428484782529618e-05
4 6 1287.3640370867906 21.565220410751927 0.286249616935293 8.428484782529618e-05
4 7 1287.3640370867906 21.565220410751927 0.286249616935293 8.428484782529618e-05
4 8 1278.3134428911815 21.160812887550726 0.29663783398175303 7.814168898328175e-05
4 9 1278.3134428911815 21.160812887550726 0.29663783398175303 7.814168898328175e-05
4 10 1278.3134428911815 21.160812887550726 0.29663783398175303 7.814168898328175e-05
4 11 1278.3134428911815 21.160812887550726 0.29663783398175303 7.814168898328175e-05
4 12 1278.3134428911815 21.160812887550726 0.29663783398175303 7.814168898328175e-05
4 13 1278.3134428911815 21.160812887550726 0.29663783398175303 7.814168898328175e-05
4 14 1268.7886201419853 18.023433042847337 0.34272388524575126 0.00011271238328681467
4 15 1268.7886201419853 18.023433042847337 0.34272388524575126 0.00011271238328681467
4 16 1268.7886201419853 18.023433042847337 0.34272388524575126 0.00011271238328681467
4 17 1268.7886201419853 18.023433042847337 0.34272388524575126 0.00011271238328681467
4 18 1268.7886201419853 18.023433042847337 0.34272388524575126 0.00011271238328681467
4 19 1254.0888611732107 18.102877214771098 0.29996170818731305 0.00010401010335414497
4 20 1254.0888611732107 18.102877214771098 0.29996170818731305 0.00010401010335414497
4 21 1254.0888611732107 18.102877214771098 0.29996170818731305 0.00010401010335414497
4 22 1254.0888611732107 18.102877214771098 0.29996170818731305 0.00010401010335414497
4 23 1254.0888611732107 18.102877214771098 0.29996170818731305 0.00010401010335414497
4 24 1254.0888611732107 18.102877214771098 0.29996170818731305 0.00010401010335414497
4 25 1261.4229841180854 16.591999417117393 0.20859816461896108 9.959936146441994e-05
4 26 1261.4229841180854 16.591999417117393 0.20859816461896108 9.959936146441994e-05
4 27 1261.4229841180854 16.591999417117393 0.20859816461896108 9.959936146441994e-05
4 28 1261.4229841180854 16.591999417117393 0.20859816461896108 9.959936146441994e-05
4 29 1261.4229841180854 16.591999417117393 0.20859816461896108 9.959936146441994e-05
4 30 1255.6675268389004 17.275921682680977 0.2551850771181652 0.00010007619890925999
4 31 1255.6675268389004 17.275921682680977 0.2551850771181652 0.00010007619890925999
4 32 1255.6675268389004 17.275921682680977 0.2551850771181652 0.00010007619890925999
4 33 1255.6675268389004 17.275921682680977 0.2551850771181652 0.00010007619890925999
4 34 1250.3774853043462 17.27258768411006 0.2618793668272258 8.910894306309404e-05
4 35 1250.3774853043462 17.27258768411006 0.2618793668272258 8.910894306309404e-05
4 36 1250.3774853043462 17.27258768411006 0.2618793668272258 8.910894306309404e-05
4 37 1250.3774853043462 17.27258768411006 0.2618793668272258 8.910894306309404e-05
4 38 1250.3774853043462 17.27258768411006 0.2618793668272258 8.910894306309404e-05
4 39 1250.3774853043462 17.27258768411006 0.2618793668272258 8.910894306309404e-05
4 40 1261.3467492656603 18.996049880773427 0.2540734816927269 9.101628050478251e-05
4 41 1261.3467492656603 18.996049880773427 0.2540734816927269 9.101628050478251e-05
4 42 1261.3467492656603 18.996049880773427 0.2540734816927269 9.101628050478251e-05
4 43 1261.3467492656603 18.996049880773427 0.2540734816927269 9.101628050478251e-05
4 44 1261.3467492656603 18.996049880773427 0.2540734816927269 9.101628050478251e-05
4 45 1261.3467492656603 18.996049880773427 0.2540734816927269 9.101628050478251e-05
4 46 1225.5329352651013 16.03687820386148 0.25985291953651424 7.063151069572152e-05
4 47 1225.5329352651013 16.03687820386148 0.25985291953651424 7.063151069572152e-05
4 48 1225.5329352651013 16.03687820386148 0.25985291953651424 7.063151069572152e-05
4 49 1225.5329352651013 16.03687820386148 0.25985291953651424 7.063151069572152e-05
4 50 1225.5329352651013 16.03687820386148 0.25985291953651424 7.063151069572152e-05
4 51 1225.5329352651013 16.03687820386148 0.25985291953651424 7.063151069572152e-05
4 52 1225.5329352651013 16.03687820386148 0.25985291953651424 7.063151069572152e-05
4 53 1225.5329352651013 16.03687820386148 0.25985291953651424 7.063151069572152e-05
4 54 1241.5037027456701 17.116546235809302 0.1894405872317576 6.645919328322622e-05
4 55 1241.5037027456701 17.116546235809302 0.1894405872317576 6.645919328322622e-05
5 0 1015.4148845237321 15.462221001469956 0.35773139512828755 8.767843259561533e-05
5 1 1015.4148845237321 15.462221001469956 0.35773139512828755 8.767843259561533e-05
5 2 1039.2958928778294 20.918467912620066 0.3143144466328506 8.767846964705367e-05
5 3 1039.2958928778294 20.918467912620066 0.3143144466328506 8.767846964705367e-05
5 4 1039.2958928778294 20.918467912620066 0.3143144466328506 8.767846964705367e-05
5 5 1039.2958928778294 20.918467912620066 0.3143144466328506 8.767846964705367e-05
5 6 1039.2958928778294 20.918467912620066 0.3143144466328506 8.767846964705367e-05
5 7 1039.2958928778294 20.918467912620066 0.3143144466328506 8.767846964705367e-05
5 8 1019.5018088990756 15.688840165330662 0.3474696975349 9.173155777641755e-05
5 9 1019.5018088990756 15.688840165330662 0.3474696975349 9.173155777641755e-05
5 10 1019.5018088990756 15.688840165330662 0.3474696975349 9.173155777641755e-05
5 11 1019.5018088990756 15.688840165330662 0.3474696975349 9.173155777641755e-05
5 12 1019.5018088990756 15.688840165330662 0.3474696975349 9.173155777641755e-05
5 13 1019.5018088990756 15.688840165330662 0.3474696975349 9.173155777641755e-05
5 14 1034.9867733041892 19.175253265955654 0.32067025478499367 8.717933670991428e-05
5 15 1034.9867733041892 19.175253265955654 0.32067025478499367 8.717933670991428e-05
5 16 1034.9867733041892 19.175253265955654 0.32067025478499367 8.717933670991428e-05
5 17 1034.9867733041892 19.175253265955654 0.32067025478499367 8.717933670991428e-05
5 18 1034.9867733041892 19.175253265955654 0.32067025478499367 8.717933670991428e-05
5 19 1016.2211212488662 15.496454676432446 0.3488647586947048 8.69092448037641e-05
5 20 1016.2211212488662 15.496454676432446 0.3488647586947048 8.69092448037641e-05
5 21 1016.2211212488662 15.496454676432446 0.3488647586947048 8.69092448037641e-05
5 22 1016.2211212488662 15.496454676432446 0.3488647586947048 8.69092448037641e-05
5 23 1016.2211212488662 15.496454676432446 0.3488647586947048 8.69092448037641e-05
5 24 1016.2211212488662 15.496454676432446 0.3488647586947048 8.69092448037641e-05
5 25 1015.1226240724908 15.451878548702428 0.41448619548425886 8.42213633487782e-05
5 26 1015.1226240724908 15.451878548702428 0.41448619548425886 8.42213633487782e-05
5 27 1015.1226240724908 15.451878548702428 0.41448619548425886 8.42213633487782e-05
5 28 1015.1226240724908 15.451878548702428 0.41448619548425886 8.42213633487782e-05
5 29 1015.1226240724908 15.451878548702428 0.41448619548425886 8.42213633487782e-05
5 30 1016.2571532929113 15.441778044622072 0.36314328670433377 9.912252499689656e-05
5 31 1016.2571532929113 15.441778044622072 0.36314328670433377 9.912252499689656e-05
5 32 1016.2571532929113 15.441778044622072 0.36314328670433377 9.912252499689656e-05
5 33 1016.2571532929113 15.441778044622072 0.36314328670433377 9.912252499689656e-05
5 34 1016.3041302990403 15.688841596246945 0.38081125439979924 9.125471037081472e-05
5 35 1016.3041302990403 15.688841596246945 0.38081125439979924 9.125471037081472e-05
5 36 1016.3041302990403 15.688841596246945 0.38081125439979924 9.125471037081472e-05
5 37 1016.3041302990403 15.688841596246945 0.38081125439979924 9.125471037081472e-05
5 38 1016.3041302990403 15.688841596246945 0.38081125439979924 9.125471037081472e-05
5 39 1016.3041302990403 15.688841596246945 0.38081125439979924 9.125471037081472e-05
5 40 1015.0495852267803 15.110694055655173 0.3295941425997664 9.351997438337655e-05
5 41 1015.0495852267803 15.110694055655173 0.3295941425997664 9.351997438337655e-05
5 42 1015.0495852267803 15.110694055655173 0.3295941425997664 9.351997438337655e-05
5 43 1015.0495852267803 15.110694055655173 0.3295941425997664 9.351997438337655e-05
5 44 1015.0495852267803 15.110694055655173 0.3295941425997664 9.351997438337655e-05
5 45 1015.0495852267803 15.110694055655173 0.3295941425997664 9.351997438337655e-05
5 46 1040.9162445749307 21.631693537402576 0.311665079073641 9.11355144362034e-05
5 47 1040.9162445749307 21.631693537402576 0.311665079073641 9.11355144362034e-05
5 48 1040.9162445749307 21.631693537402576 0.311665079073641 9.11355144362034e-05
5 49 1040.9162445749307 21.631693537402576 0.311665079073641 9.11355144362034e-05
5 50 1040.9162445749307 21.631693537402576 0.311665079073641 9.11355144362034e-05
5 51 1040.9162445749307 21.631693537402576 0.311665079073641 9.11355144362034e-05
5 52 1040.9162445749307 21.631693537402576 0.311665079073641 9.11355144362034e-05
5 53 1040.9162445749307 21.631693537402576 0.311665079073641 9.11355144362034e-05
5 54 1015.0722207185142 15.300126080819556 0.3250861068915789 8.38637358907073e-05
5 55 1015.0722207185142 15.300126080819556 0.3250861068915789 8.38637358907073e-05
6 0 550.5346199030575 15.813418241931977 0.3137959436744668 7.11083301935075e-05
6 1 550.5346199030575 15.813418241931977 0.3137959436744668 7.11083301935075e-05
6 2 551.6376535635973 15.835373551122608 0.28070932583814 8.994291625296212e-05
6 3 551.6376535635973 15.835373551122608 0.28070932583814 8.994291625296212e-05
6 4 551.6376535635973 15.835373551122608 0.28070932583814 8.994291625296212e-05
6 5 551.6376535635973 15.835373551122608 0.28070932583814 8.994291625296212e-05
6 6 551.6376535635973 15.835373551122608 0.28070932583814 8.994291625296212e-05
6 7 551.6376535635973 15.835373551122608 0.28070932583814 8.994291625296212e-05
6 8 553.7999836664815 18.163549805071856 0.30263330666964183 8.291006049296451e-05
6 9 553.7999836664815 18.163549805071856 0.30263330666964183 8.291006049296451e-05
6 10 553.7999836664815 18.163549805071856 0.30263330666964183 8.291006049296451e-05
6 11 553.7999836664815 18.163549805071856 0.30263330666964183 8.291006049296451e-05
6 12 553.7999836664815 18.163549805071856 0.30263330666964183 8.291006049296451e-05
6 13 553.7999836664815 18.163549805071856 0.30263330666964183 8.291006049296451e-05
6 14 556.3600865715106 20.23409184290537 0.32161872590638213 9.073248411177803e-05
6 15 556.3600865715106 20.23409184290537 0.32161872590638213 9.073248411177803e-05
6 16 556.3600865715106 20.23409184290537 0.32161872590638213 9.073248411177803e-05
6 17 556.3600865715106 20.23409184290537 0.32161872590638213 9.073248411177803e-05
6 18 556.3600865715106 20.23409184290537 0.32161872590638213 9.073248411177803e-05
6 19 554.3956782342975 18.474585956672897 0.38559512412885644 8.89571901221458e-05
6 20 554.3956782342975 18.474585956672897 0.38559512412885644 8.89571901221458e-05
6 21 554.3956782342975 18.474585956672897 0.38559512412885644 8.89571901221458e-05
6 22 554.3956782342975 18.474585956672897 0.38559512412885644 8.89571901221458e-05
6 23 554.3956782342975 18.474585956672897 0.38559512412885644 8.89571901221458e-05
6 24 554.3956782342975 18.474585956672897 0.38559512412885644 8.89571901221458e-05
6 25 552.697391417782 17.594820389607907 0.30301059795505203 8.651241179317276e-05
6 26 552.697391417782 17.594820389607907 0.30301059795505203 8.651241179317276e-05
6 27 552.697391417782 17.594820389607907 0.30301059795505203 8.651241179317276e-05
6 28 552.697391417782 17.594820389607907 0.30301059795505203 8.651241179317276e-05
6 29 552.697391417782 17.594820389607907 0.30301059795505203 8.651241179317276e-05
6 30 553.7151149230392 17.59485970330698 0.2976116494091575 8.66188096690443e-05
6 31 553.7151149230392 17.59485970330698 0.2976116494091575 8.66188096690443e-05
6 32 553.7151149230392 17.59485970330698 0.2976116494091575 8.66188096690443e-05
6 33 553.7151149230392 17.59485970330698 0.2976116494091575 8.66188096690443e-05
6 34 555.8480594980573 20.234098034844003 0.2964568265154832 8.922165477138151e-05
6 35 555.8480594980573 20.234098034844003 0.2964568265154832 8.922165477138151e-05
6 36 555.8480594980573 20.234098034844003 0.2964568265154832 8.922165477138151e-05
6 37 555.8480594980573 20.234098034844003 0.2964568265154832 8.922165477138151e-05
6 38 555.8480594980573 20.234098034844003 0.2964568265154832 8.922165477138151e-05
6 39 555.8480594980573 20.234098034844003 0.2964568265154832 8.922165477138151e-05
6 40 553.7134297436796 19.352340629683617 0.31427946271303725 9.669465972334867e-05
6 41 553.7134297436796 19.352340629683617 0.31427946271303725 9.669465972334867e-05
6 42 553.7134297436796 19.352340629683617 0.31427946271303725 9.669465972334867e-05
6 43 553.7134297436796 19.352340629683617 0.31427946271303725 9.669465972334867e-05
6 44 553.7134297436796 19.352340629683617 0.31427946271303725 9.669465972334867e-05
6 45 553.7134297436796 19.352340629683617 0.31427946271303725 9.669465972334867e-05
6 46 553.7329333699801 18.474609224703286 0.28328824146394505 9.638006050865068e-05
6 47 553.7329333699801 18.474609224703286 0.28328824146394505 9.638006050865068e-05
6 48 553.7329333699801 18.474609224703286 0.28328824146394505 9.638006050865068e-05
6 49 553.7329333699801 18.474609224703286 0.28328824146394505 9.638006050865068e-05
6 50 553.7329333699801 18.474609224703286 0.28328824146394505 9.638006050865068e-05
6 51 553.7329333699801 18.474609224703286 0.28328824146394505 9.638006050865068e-05
6 52 553.7329333699801 18.474609224703286 0.28328824146394505 9.638006050865068e-05
6 53 553.7329333699801 18.474609224703286 0.28328824146394505 9.638006050865068e-05
6 54 556.7252109410672 20.818285308409997 0.3199890457557003 8.898973868672814e-05
6 55 556.7252109410672 20.818285308409997 0.3199890457557003 8.898973868672814e-05
7 0 464.50112107080196 15.093863945659045 0.4339670328095009 8.23147263916957e-05
7 1 464.50112107080196 15.093863945659045 0.4339670328095009 8.23147263916957e-05
7 2 463.2045854121351 17.75747077005012 0.40814260813499237 7.063063466647811e-05
7 3 463.2045854121351 17.75747077005012 0.40814260813499237 7.063063466647811e-05
7 4 463.2045854121351 17.75747077005012 0.40814260813499237 7.063063466647811e-05
7 5 463.2045854121351 17.75747077005012 0.40814260813499237 7.063063466647811e-05
7 6 463.2045854121351 17.75747077005012 0.40814260813499237 7.063063466647811e-05
7 7 463.2045854121351 17.75747077005012 0.40814260813499237 7.063063466647811e-05
7 8 455.2348902014061 12.609950329364768 0.7131132785071781 6.58631627728163e-05
7 9 455.2348902014061 12.609950329364768 0.7131132785071781 6.58631627728163e-05
7 10 455.2348902014061 12.609950329364768 0.7131132785071781 6.58631627728163e-05
7 11 455.2348902014061 12.609950329364768 0.7131132785071781 6.58631627728163e-05
7 12 455.2348902014061 12.609950329364768 0.7131132785071781 6.58631627728163e-05
7 13 455.2348902014061 12.609950329364768 0.7131132785071781 6.58631627728163e-05
7 14 450.81854416655005 11.80580362937933 0.5304412730535342 8.957665278637575e-05
7 15 450.81854416655005 11.80580362937933 0.5304412730535342 8.957665278637575e-05
7 16 450.81854416655005 11.80580362937933 0.5304412730535342 8.957665278637575e-05
7 17 450.81854416655005 11.80580362937933 0.5304412730535342 8.957665278637575e-05
7 18 450.81854416655005 11.80580362937933 0.5304412730535342 8.957665278637575e-05
7 19 447.48442062770937 15.55786086107557 1.2538486156973416 0.0001284480096173757
7 20 447.48442062770937 15.55786086107557 1.2538486156973416 0.0001284480096173757
7 21 447.48442062770937 15.55786086107557 1.2538486156973416 0.0001284480096173757
7 22 447.48442062770937 15.55786086107557 1.2538486156973416 0.0001284480096173757
7 23 447.48442062770937 15.55786086107557 1.2538486156973416 0.0001284480096173757
7 24 447.48442062770937 15.55786086107557 1.2538486156973416 0.0001284480096173757
7 25 465.2246674507787 11.542377615196052 0.34009020830535164 0.00012367957788242292
7 26 465.2246674507787 11.542377615196052 0.34009020830535164 0.00012367957788242292
7 27 465.2246674507787 11.542377615196052 0.34009020830535164 0.00012367957788242292
7 28 465.2246674507787 11.542377615196052 0.34009020830535164 0.00012367957788242292
7 29 465.2246674507787 11.542377615196052 0.34009020830535164 0.00012367957788242292
7 30 453.4879804945364 10.306880634990593 0.3313834061113857 4.035234390373677e-05
7 31 453.4879804945364 10.306880634990593 0.3313834061113857 4.035234390373677e-05
7 32 453.4879804945364 10.306880634990593 0.3313834061113857 4.035234390373677e-05
7 33 453.4879804945364 10.306880634990593 0.3313834061113857 4.035234390373677e-05
7 34 463.66635428611295 10.10287059179258 0.3416103856169015 0.0001150965690834984
7 35 463.66635428611295 10.10287059179258 0.3416103856169015 0.0001150965690834984
7 36 463.66635428611295 10.10287059179258 0.3416103856169015 0.0001150965690834984
7 37 463.66635428611295 10.10287059179258 0.3416103856169015 0.0001150965690834984
7 38 463.66635428611295 10.10287059179258 0.3416103856169015 0.0001150965690834984
7 39 463.66635428611295 10.10287059179258 0.3416103856169015 0.0001150965690834984
7 40 463.55358302846247 10.827944183017257 0.39109911324632585 7.730715585050965e-05
7 41 463.55358302846247 10.827944183017257 0.39109911324632585 7.730715585050965e-05
7 42 463.55358302846247 10.827944183017257 0.39109911324632585 7.730715585050965e-05
7 43 463.55358302846247 10.827944183017257 0.39109911324632585 7.730715585050965e-05
7 44 463.55358302846247 10.827944183017257 0.39109911324632585 7.730715585050965e-05
7 45 463.55358302846247 10.827944183017257 0.39109911324632585 7.730715585050965e-05
7 46 470.1768889163911 19.533290523833557 0.32016686730243105 8.684360366179112e-05
7 47 470.1768889163911 19.533290523833557 0.32016686730243105 8.684360366179112e-05
7 48 470.1768889163911 19.533290523833557 0.32016686730243105 8.684360366179112e-05
7 49 470.1768889163911 19.533290523833557 0.32016686730243105 8.684360366179112e-05
7 50 470.1768889163911 19.533290523833557 0.32016686730243105 8.684360366179112e-05
7 51 470.1768889163911 19.533290523833557 0.32016686730243105 8.684360366179112e-05
7 52 470.1768889163911 19.533290523833557 0.32016686730243105 8.684360366179112e-05
7 53 470.1768889163911 19.533290523833557 0.32016686730243105 8.684360366179112e-05
7 54 468.32235514451196 15.981740171511673 0.2926040208313411 8.910887758712012e-05
7 55 468.32235514451196 15.981740171511673 0.2926040208313411 8.910887758712012e-05
8 0 322.3881869423099 12.777703885341843 0.2760438882879789 7.909550756850746e-05
8 1 322.3881869423099 12.777703885341843 0.2760438882879789 7.909550756850746e-05
8 2 322.38874345909124 12.91708703447177 0.3240911433160305 8.445975750445624e-05
8 3 322.38874345909124 12.91708703447177 0.3240911433160305 8.445975750445624e-05
8 4 322.38874345909124 12.91708703447177 0.3240911433160305 8.445975750445624e-05
8 5 322.38874345909124 12.91708703447177 0.3240911433160305 8.445975750445624e-05
8 6 322.38874345909124 12.91708703447177 0.3240911433160305 8.445975750445624e-05
8 7 322.38874345909124 12.91708703447177 0.3240911433160305 8.445975750445624e-05
8 8 325.61070006250105 19.712131174300048 0.3082365931421204 9.053948201397079e-05
8 9 325.61070006250105 19.712131174300048 0.3082365931421204 9.053948201397079e-05
8 10 325.61070006250105 19.712131174300048 0.3082365931421204 9.053948201397079e-05
8 11 325.61070006250105 19.712131174300048 0.3082365931421204 9.053948201397079e-05
8 12 325.61070006250105 19.712131174300048 0.3082365931421204 9.053948201397079e-05
8 13 325.61070006250105 19.712131174300048 0.3082365931421204 9.053948201397079e-05
8 14 322.75978557284145 13.412211745101628 0.29089180917713 8.283120849652382e-05
8 15 322.75978557284145 13.412211745101628 0.29089180917713 8.283120849652382e-05
8 16 322.75978557284145 13.412211745101628 0.29089180917713 8.283120849652382e-05
8 17 322.75978557284145 13.412211745101628 0.29089180917713 8.283120849652382e-05
8 18 322.75978557284145 13.412211745101628 0.29089180917713 8.283120849652382e-05
8 19 321.36778564330876 13.22399134342793 0.3409715169656924 8.553266275414945e-05
8 20 321.36778564330876 13.22399134342793 0.3409715169656924 8.553266275414945e-05
8 21 321.36778564330876 13.22399134342793 0.3409715169656924 8.553266275414945e-05
8 22 321.36778564330876 13.22399134342793 0.3409715169656924 8.553266275414945e-05
8 23 321.36778564330876 13.22399134342793 0.3409715169656924 8.553266275414945e-05
8 24 321.36778564330876 13.22399134342793 0.3409715169656924 8.553266275414945e-05
8 25 323.4579062675507 14.336105314125195 0.3021656571535653 8.551115560944262e-05
8 26 323.4579062675507 14.336105314125195 0.3021656571535653 8.551115560944262e-05
8 27 323.4579062675507 14.336105314125195 0.3021656571535653 8.551115560944262e-05
8 28 323.4579062675507 14.336105314125195 0.3021656571535653 8.551115560944262e-05
8 29 323.4579062675507 14.336105314125195 0.3021656571535653 8.551115560944262e-05
8 30 321.53468710065636 15.180960462515227 0.4272934103380028 8.954671162699561e-05
8 31 321.53468710065636 15.180960462515227 0.4272934103380028 8.954671162699561e-05
8 32 321.53468710065636 15.180960462515227 0.4272934103380028 8.954671162699561e-05
8 33 321.53468710065636 15.180960462515227 0.4272934103380028 8.954671162699561e-05
8 34 321.99963689540994 13.18595597832277 0.31106769205381274 8.17179673249402e-05
8 35 321.99963689540994 13.18595597832277 0.31106769205381274 8.17179673249402e-05
8 36 321.99963689540994 13.18595597832277 0.31106769205381274 8.17179673249402e-05
8 37 321.99963689540994 13.18595597832277 0.31106769205381274 8.17179673249402e-05
8 38 321.99963689540994 13.18595597832277 0.31106769205381274 8.17179673249402e-05
8 39 321.99963689540994 13.18595597832277 0.31106769205381274 8.17179673249402e-05
8 40 323.6211453881517 13.44004471616092 0.3136850472885365 8.684397366292334e-05
8 41 323.6211453881517 13.44004471616092 0.3136850472885365 8.684397366292334e-05
8 42 323.6211453881517 13.44004471616092 0.3136850472885365 8.684397366292334e-05
8 43 323.6211453881517 13.44004471616092 0.3136850472885365 8.684397366292334e-05
8 44 323.6211453881517 13.44004471616092 0.3136850472885365 8.684397366292334e-05
8 45 323.6211453881517 13.44004471616092 0.3136850472885365 8.684397366292334e-05
8 46 322.2639776890018 12.77716186943021 0.32514826303626243 8.529416112946884e-05
8 47 322.2639776890018 12.77716186943021 0.32514826303626243 8.529416112946884e-05
8 48 322.2639776890018 12.77716186943021 0.32514826303626243 8.529416112946884e-05
8 49 322.2639776890018 12.77716186943021 0.32514826303626243 8.529416112946884e-05
8 50 322.2639776890018 12.77716186943021 0.32514826303626243 8.529416112946884e-05
8 51 322.2639776890018 12.77716186943021 0.32514826303626243 8.529416112946884e-05
8 52 322.2639776890018 12.77716186943021 0.32514826303626243 8.529416112946884e-05
8 53 322.2639776890018 12.77716186943021 0.32514826303626243 8.529416112946884e-05
8 54 321.3443223158073 13.743620006545694 0.44535214325322336 8.600950195190789e-05
8 55 321.3443223158073 13.743620006545694 0.44535214325322336 8.600950195190789e-05
9 0 401.42642127626533 19.75206490781442 0.2856974335531949 9.018182042038683e-05
9 1 401.42642127626533 19.75206490781442 0.2856974335531949 9.018182042038683e-05
9 2 401.86878560881695 20.401617780861024 0.2979179962313925 9.196996597146566e-05
9 3 401.86878560881695 20.401617780861024 0.2979179962313925 9.196996597146566e-05
9 4 401.86878560881695 20.401617780861024 0.2979179962313925 9.196996597146566e-05
9 5 401.86878560881695 20.401617780861024 0.2979179962313925 9.196996597146566e-05
9 6 401.86878560881695 20.401617780861024 0.2979179962313925 9.196996597146566e-05
9 7 401.86878560881695 20.401617780861024 0.2979179962313925 9.196996597146566e-05
9 8 402.26735244825124 21.270470396374563 0.301620727436169 9.113550208982371e-05
9 9 402.26735244825124 21.270470396374563 0.301620727436169 9.113550208982371e-05
9 10 402.26735244825124 21.270470396374563 0.301620727436169 9.113550208982371e-05
9 11 402.26735244825124 21.270470396374563 0.301620727436169 9.113550208982371e-05
9 12 402.26735244825124 21.270470396374563 0.301620727436169 9.113550208982371e-05
9 13 402.26735244825124 21.270470396374563 0.301620727436169 9.113550208982371e-05
9 14 402.3126047911079 21.32713025698593 0.30407260911274736 9.125452308269754e-05
9 15 402.3126047911079 21.32713025698593 0.30407260911274736 9.125452308269754e-05
9 16 402.3126047911079 21.32713025698593 0.30407260911274736 9.125452308269754e-05
9 17 402.3126047911079 21.32713025698593 0.30407260911274736 9.125452308269754e-05
9 18 402.3126047911079 21.32713025698593 0.30407260911274736 9.125452308269754e-05
9 19 400.97511458394285 18.033137295645403 0.28348980886307185 8.67247535781679e-05
9 20 400.97511458394285 18.033137295645403 0.28348980886307185 8.67247535781679e-05
9 21 400.97511458394285 18.033137295645403 0.28348980886307185 8.67247535781679e-05
9 22 400.97511458394285 18.033137295645403 0.28348980886307185 8.67247535781679e-05
9 23 400.97511458394285 18.033137295645403 0.28348980886307185 8.67247535781679e-05
9 24 400.97511458394285 18.033137295645403 0.28348980886307185 8.67247535781679e-05
9 25 401.76007496010106 20.38755334249511 0.29894707703084633 9.006262180620708e-05
9 26 401.76007496010106 20.38755334249511 0.29894707703084633 9.006262180620708e-05
9 27 401.76007496010106 20.38755334249511 0.29894707703084633 9.006262180620708e-05
9 28 401.76007496010106 20.38755334249511 0.29894707703084633 9.006262180620708e-05
9 29 401.76007496010106 20.38755334249511 0.29894707703084633 9.006262180620708e-05
9 30 402.077137804304 20.794888731673417 0.3019774884123027 9.196788937642153e-05
9 31 402.077137804304 20.794888731673417 0.3019774884123027 9.196788937642153e-05
9 32 402.077137804304 20.794888731673417 0.3019774884123027 9.196788937642153e-05
9 33 402.077137804304 20.794888731673417 0.3019774884123027 9.196788937642153e-05
9 34 402.10673597114004 21.00701609724394 0.3034263459218831 9.185432413143078e-05
9 35 402.10673597114004 21.00701609724394 0.3034263459218831 9.185432413143078e-05
9 36 402.10673597114004 21.00701609724394 0.3034263459218831 9.185432413143078e-05
9 37 402.10673597114004 21.00701609724394 0.3034263459218831 9.185432413143078e-05
9 38 402.10673597114004 21.00701609724394 0.3034263459218831 9.185432413143078e-05
9 39 402.10673597114004 21.00701609724394 0.3034263459218831 9.185432413143078e-05
9 40 401.35940080397904 18.98657009597823 0.294264199257727 9.246846137627987e-05
9 41 401.35940080397904 18.98657009597823 0.294264199257727 9.246846137627987e-05
9 42 401.35940080397904 18.98657009597823 0.294264199257727 9.246846137627987e-05
9 43 401.35940080397904 18.98657009597823 0.294264199257727 9.246846137627987e-05
9 44 401.35940080397904 18.98657009597823 0.294264199257727 9.246846137627987e-05
9 45 401.35940080397904 18.98657009597823 0.294264199257727 9.246846137627987e-05
9 46 400.7038043101994 15.370079891419941 0.2973267738340979 8.180491416365739e-05
9 47 400.7038043101994 15.370079891419941 0.2973267738340979 8.180491416365739e-05
9 48 400.7038043101994 15.370079891419941 0.2973267738340979 8.180491416365739e-05
9 49 400.7038043101994 15.370079891419941 0.2973267738340979 8.180491416365739e-05
9 50 400.7038043101994 15.370079891419941 0.2973267738340979 8.180491416365739e-05
9 51 400.7038043101994 15.370079891419941 0.2973267738340979 8.180491416365739e-05
9 52 400.7038043101994 15.370079891419941 0.2973267738340979 8.180491416365739e-05
9 53 400.7038043101994 15.370079891419941 0.2973267738340979 8.180491416365739e-05
9 54 400.46065865227484 13.561800644202192 0.3200760771747594 0.00010566836304056132
9 55 400.46065865227484 13.561800644202192 0.3200760771747594 0.00010566836304056132
10 0 403.2566055929998 -8.226479768599555 0.5357846957970116 0.0001358389941438162
10 1 403.2566055929998 -8.226479768599555 0.5357846957970116 0.0001358389941438162
10 2 430.07512638638553 -13.386560086624806 0.5171604426887701 0.0001252542417611954
10 3 430.07512638638553 -13.386560086624806 0.5171604426887701 0.0001252542417611954
10 4 430.07512638638553 -13.386560086624806 0.5171604426887701 0.0001252542417611954
10 5 430.07512638638553 -13.386560086624806 0.5171604426887701 0.0001252542417611954
10 6 430.07512638638553 -13.386560086624806 0.5171604426887701 0.0001252542417611954
10 7 430.07512638638553 -13.386560086624806 0.5171604426887701 0.0001252542417611954
10 8 394.5101515917736 6.34718799352202 0.45385071729581805 0.00014299154329122622
10 9 394.5101515917736 6.34718799352202 0.45385071729581805 0.00014299154329122622
10 10 394.5101515917736 6.34718799352202 0.45385071729581805 0.00014299154329122622
10 11 394.5101515917736 6.34718799352202 0.45385071729581805 0.00014299154329122622
10 12 394.5101515917736 6.34718799352202 0.45385071729581805 0.00014299154329122622
10 13 394.5101515917736 6.34718799352202 0.45385071729581805 0.00014299154329122622
10 14 408.0029120388955 -8.421305518801546 0.616254202440597 0.00012761354865742863
10 15 408.0029120388955 -8.421305518801546 0.616254202440597 0.00012761354865742863
10 16 408.0029120388955 -8.421305518801546 0.616254202440597 0.00012761354865742863
10 17 408.0029120388955 -8.421305518801546 0.616254202440597 0.00012761354865742863
10 18 408.0029120388955 -8.421305518801546 0.616254202440597 0.00012761354865742863
10 19 408.03185754070694 -12.211311703249311 0.6233028975418531 0.0001297593117368033
10 20 408.03185754070694 -12.211311703249311 0.6233028975418531 0.0001297593117368033
10 21 408.03185754070694 -12.211311703249311 0.6233028975418531 0.0001297593117368033
10 22 408.03185754070694 -12.211311703249311 0.6233028975418531 0.0001297593117368033
10 23 408.03185754070694 -12.211311703249311 0.6233028975418531 0.0001297593117368033
10 24 408.03185754070694 -12.211311703249311 0.6233028975418531 0.0001297593117368033
10 25 421.18868086841917 -27.115942388155556 0.5147550105990424 0.00017768144194563832
10 26 421.18868086841917 -27.115942388155556 0.5147550105990424 0.00017768144194563832
10 27 421.18868086841917 -27.115942388155556 0.5147550105990424 0.00017768144194563832
10 28 421.18868086841917 -27.115942388155556 0.5147550105990424 0.00017768144194563832
10 29 421.18868086841917 -27.115942388155556 0.5147550105990424 0.00017768144194563832
10 30 431.5498263394803 -37.934526095125264 0.30033731757671445 0.00019050272053065538
10 31 431.5498263394803 -37.934526095125264 0.30033731757671445 0.00019050272053065538
10 32 431.5498263394803 -37.934526095125264 0.30033731757671445 0.00019050272053065538
10 33 431.5498263394803 -37.934526095125264 0.30033731757671445 0.00019050272053065538
10 34 412.9970870425185 24.630359511114246 0.5738127089651688 0.00010663278516920635
10 35 412.9970870425185 24.630359511114246 0.5738127089651688 0.00010663278516920635
10 36 412.9970870425185 24.630359511114246 0.5738127089651688 0.00010663278516920635
10 37 412.9970870425185 24.630359511114246 0.5738127089651688 0.00010663278516920635
10 38 412.9970870425185 24.630359511114246 0.5738127089651688 0.00010663278516920635
10 39 412.9970870425185 24.630359511114246 0.5738127089651688 0.00010663278516920635
10 40 390.40219808665626 10.3214158677458 0.6357184656488375 8.744001298118393e-05
10 41 390.40219808665626 10.3214158677458 0.6357184656488375 8.744001298118393e-05
10 42 390.40219808665626 10.3214158677458 0.6357184656488375 8.744001298118393e-05
10 43 390.40219808665626 10.3214158677458 0.6357184656488375 8.744001298118393e-05
10 44 390.40219808665626 10.3214158677458 0.6357184656488375 8.744001298118393e-05
10 45 390.40219808665626 10.3214158677458 0.6357184656488375 8.744001298118393e-05
10 46 400.8639495092576 -2.052829335331202 0.682566655217297 5.7756900790213736e-05
10 47 400.8639495092576 -2.052829335331202 0.682566655217297 5.7756900790213736e-05
10 48 400.8639495092576 -2.052829335331202 0.682566655217297 5.7756900790213736e-05
10 49 400.8639495092576 -2.052829335331202 0.682566655217297 5.7756900790213736e-05
10 50 400.8639495092576 -2.052829335331202 0.682566655217297 5.7756900790213736e-05
10 51 400.8639495092576 -2.052829335331202 0.682566655217297 5.7756900790213736e-05
10 52 400.8639495092576 -2.052829335331202 0.682566655217297 5.7756900790213736e-05
10 53 400.8639495092576 -2.052829335331202 0.682566655217297 5.7756900790213736e-05
10 54 394.99504480367966 24.58610784525513 0.6435011755965714 7.44461994828361e-05
10 55 394.99504480367966 24.58610784525513 0.6435011755965714 7.44461994828361e-05
11 0 390.7437340992329 19.308301528441568 0.3423115254202518 9.936087842277352e-05
11 1 390.7437340992329 19.308301528441568 0.3423115254202518 9.936087842277352e-05
11 2 386.98234309743253 11.044120063890507 0.3991243145890512 0.00010873112082444953
11 3 386.98234309743253 11.044120063890507 0.3991243145890512 0.00010873112082444953
11 4 386.98234309743253 11.044120063890507 0.3991243145890512 0.00010873112082444953
11 5 386.98234309743253 11.044120063890507 0.3991243145890512 0.00010873112082444953
11 6 386.98234309743253 11.044120063890507 0.3991243145890512 0.00010873112082444953
11 7 386.98234309743253 11.044120063890507 0.3991243145890512 0.00010873112082444953
11 8 387.12122741768565 11.482944687199215 0.3843620359804929 0.00010257959690094227
11 9 387.12122741768565 11.482944687199215 0.3843620359804929 0.00010257959690094227
11 10 387.12122741768565 11.482944687199215 0.3843620359804929 0.00010257959690094227
11 11 387.12122741768565 11.482944687199215 0.3843620359804929 0.00010257959690094227
11 12 387.12122741768565 11.482944687199215 0.3843620359804929 0.00010257959690094227
11 13 387.12122741768565 11.482944687199215 0.3843620359804929 0.00010257959690094227
11 14 386.98536459274254 10.890204191280645 0.40703980973969983 0.00010961286266032323
11 15 386.98536459274254 10.890204191280645 0.40703980973969983 0.00010961286266032323
11 16 386.98536459274254 10.890204191280645 0.40703980973969983 0.00010961286266032323
11 17 386.98536459274254 10.890204191280645 0.40703980973969983 0.00010961286266032323
11 18 386.98536459274254 10.890204191280645 0.40703980973969983 0.00010961286266032323
11 19 388.2266395851467 11.96438328002996 0.38211397195682517 9.793077270120102e-05
11 20 388.2266395851467 11.96438328002996 0.38211397195682517 9.793077270120102e-05
11 21 388.2266395851467 11.96438328002996 0.38211397195682517 9.793077270120102e-05
11 22 388.2266395851467 11.96438328002996 0.38211397195682517 9.793077270120102e-05
11 23 388.2266395851467 11.96438328002996 0.38211397195682517 9.793077270120102e-05
11 24 388.2266395851467 11.96438328002996 0.38211397195682517 9.793077270120102e-05
11 25 387.00465858009693 10.806130967969686 0.3923470490456799 0.00010365245661673257
11 26 387.00465858009693 10.806130967969686 0.3923470490456799 0.00010365245661673257
11 27 387.00465858009693 10.806130967969686 0.3923470490456799 0.00010365245661673257
11 28 387.00465858009693 10.806130967969686 0.3923470490456799 0.00010365245661673257
11 29 387.00465858009693 10.806130967969686 0.3923470490456799 0.00010365245661673257
11 30 387.9892165797571 11.96447045615307 0.35050666169935774 0.0001065134823903848
11 31 387.9892165797571 11.96447045615307 0.35050666169935774 0.0001065134823903848
11 32 387.9892165797571 11.96447045615307 0.35050666169935774 0.0001065134823903848
11 33 387.9892165797571 11.96447045615307 0.35050666169935774 0.0001065134823903848
11 34 387.5259559659518 11.044052143511102 0.38891861003136086 0.00011533203929836648
11 35 387.5259559659518 11.044052143511102 0.38891861003136086 0.00011533203929836648
11 36 387.5259559659518 11.044052143511102 0.38891861003136086 0.00011533203929836648
11 37 387.5259559659518 11.044052143511102 0.38891861003136086 0.00011533203929836648
11 38 387.5259559659518 11.044052143511102 0.38891861003136086 0.00011533203929836648
11 39 387.5259559659518 11.044052143511102 0.38891861003136086 0.00011533203929836648
11 40 387.2381970475583 10.997750587293474 0.37630761817418173 0.0001009106632810054
11 41 387.2381970475583 10.997750587293474 0.37630761817418173 0.0001009106632810054
11 42 387.2381970475583 10.997750587293474 0.37630761817418173 0.0001009106632810054
11 43 387.2381970475583 10.997750587293474 0.37630761817418173 0.0001009106632810054
11 44 387.2381970475583 10.997750587293474 0.37630761817418173 0.0001009106632810054
11 45 387.2381970475583 10.997750587293474 0.37630761817418173 0.0001009106632810054
11 46 386.9906786494047 10.976330429258688 0.43987350893302957 0.00011152028887467298
11 47 386.9906786494047 10.976330429258688 0.43987350893302957 0.00011152028887467298
11 48 386.9906786494047 10.976330429258688 0.43987350893302957 0.00011152028887467298
11 49 386.9906786494047 10.976330429258688 0.43987350893302957 0.00011152028887467298
11 50 386.9906786494047 10.976330429258688 0.43987350893302957 0.00011152028887467298
11 51 386.9906786494047 10.976330429258688 0.43987350893302957 0.00011152028887467298
11 52 386.9906786494047 10.976330429258688 0.43987350893302957 0.00011152028887467298
11 53 386.9906786494047 10.976330429258688 0.43987350893302957 0.00011152028887467298
11 54 387.2725939956566 10.785881699636143 0.43301509033832497 0.00011223554613419895
11 55 387.2725939956566 10.785881699636143 0.43301509033832497 0.00011223554613419895
12 0 399.6135074702355 9.491107542892966 0.3159036318382944 0.00014120339349319648
12 1 399.6135074702355 9.491107542892966 0.3159036318382944 0.00014120339349319648
12 2 400.30247403330145 9.399924053437102 0.31612507623630276 0.0001336932877771162
12 3 400.30247403330145 9.399924053437102 0.31612507623630276 0.0001336932877771162
12 4 400.30247403330145 9.399924053437102 0.31612507623630276 0.0001336932877771162
12 5 400.30247403330145 9.399924053437102 0.31612507623630276 0.0001336932877771162
12 6 400.30247403330145 9.399924053437102 0.31612507623630276 0.0001336932877771162
12 7 400.30247403330145 9.399924053437102 0.31612507623630276 0.0001336932877771162
12 8 401.2605811595453 10.212949738366571 0.312623391138946 0.00010746716662822544
12 9 401.2605811595453 10.212949738366571 0.312623391138946 0.00010746716662822544
12 10 401.2605811595453 10.212949738366571 0.312623391138946 0.00010746716662822544
12 11 401.2605811595453 10.212949738366571 0.312623391138946 0.00010746716662822544
12 12 401.2605811595453 10.212949738366571 0.312623391138946 0.00010746716662822544
12 13 401.2605811595453 10.212949738366571 0.312623391138946 0.00010746716662822544
12 14 400.8151074278287 10.212848082266534 0.34571462350974175 0.00012856708354179745
12 15 400.8151074278287 10.212848082266534 0.34571462350974175 0.00012856708354179745
12 16 400.8151074278287 10.212848082266534 0.34571462350974175 0.00012856708354179745
12 17 400.8151074278287 10.212848082266534 0.34571462350974175 0.00012856708354179745
12 18 400.8151074278287 10.212848082266534 0.34571462350974175 0.00012856708354179745
12 19 402.26642390599284 12.069842698175364 0.33377658987272363 9.423725799142905e-05
12 20 402.26642390599284 12.069842698175364 0.33377658987272363 9.423725799142905e-05
12 21 402.26642390599284 12.069842698175364 0.33377658987272363 9.423725799142905e-05
12 22 402.26642390599284 12.069842698175364 0.33377658987272363 9.423725799142905e-05
12 23 402.26642390599284 12.069842698175364 0.33377658987272363 9.423725799142905e-05
12 24 402.26642390599284 12.069842698175364 0.33377658987272363 9.423725799142905e-05
12 25 399.9953120894661 8.948859858540425 0.3121477831185768 0.00012260658305548083
12 26 399.9953120894661 8.948859858540425 0.3121477831185768 0.00012260658305548083
12 27 399.9953120894661 8.948859858540425 0.3121477831185768 0.00012260658305548083
12 28 399.9953120894661 8.948859858540425 0.3121477831185768 0.00012260658305548083
12 29 399.9953120894661 8.948859858540425 0.3121477831185768 0.00012260658305548083
12 30 402.65970765753104 17.640447721899974 0.3141156662509902 0.00011345868021020097
12 31 402.65970765753104 17.640447721899974 0.3141156662509902 0.00011345868021020097
12 32 402.65970765753104 17.640447721899974 0.3141156662509902 0.00011345868021020097
12 33 402.65970765753104 17.640447721899974 0.3141156662509902 0.00011345868021020097
12 34 400.94184532771493 12.06294878939908 0.3279708094664118 0.00013881926269713237
12 35 400.94184532771493 12.06294878939908 0.3279708094664118 0.00013881926269713237
12 36 400.94184532771493 12.06294878939908 0.3279708094664118 0.00013881926269713237
12 37 400.94184532771493 12.06294878939908 0.3279708094664118 0.00013881926269713237
12 38 400.94184532771493 12.06294878939908 0.3279708094664118 0.00013881926269713237
12 39 400.94184532771493 12.06294878939908 0.3279708094664118 0.00013881926269713237
12 40 401.40556086232635 12.065297270982645 0.31254324750240425 0.00012451411372466957
12 41 401.40556086232635 12.065297270982645 0.31254324750240425 0.00012451411372466957
12 42 401.40556086232635 12.065297270982645 0.31254324750240425 0.00012451411372466957
12 43 401.40556086232635 12.065297270982645 0.31254324750240425 0.00012451411372466957
12 44 401.40556086232635 12.065297270982645 0.31254324750240425 0.00012451411372466957
12 45 401.40556086232635 12.065297270982645 0.31254324750240425 0.00012451411372466957
12 46 399.5204353363458 9.369234569874298 0.3207819110423197 0.00013273952282438008
12 47 399.5204353363458 9.369234569874298 0.3207819110423197 0.00013273952282438008
12 48 399.5204353363458 9.369234569874298 0.3207819110423197 0.00013273952282438008
12 49 399.5204353363458 9.369234569874298 0.3207819110423197 0.00013273952282438008
12 50 399.5204353363458 9.369234569874298 0.3207819110423197 0.00013273952282438008
12 51 399.5204353363458 9.369234569874298 0.3207819110423197 0.00013273952282438008
12 52 399.5204353363458 9.369234569874298 0.3207819110423197 0.00013273952282438008
12 53 399.5204353363458 9.369234569874298 0.3207819110423197 0.00013273952282438008
12 54 400.0953089619777 10.204151560065775 0.15804405495113316 7.99300456153048e-05
12 55 400.0953089619777 10.204151560065775 0.15804405495113316 7.99300456153048e-05
13 0 660.1951002569806 26.22315294281251 -0.06486044657826931 8.654775937596248e-05
13 1 660.1951002569806 26.22315294281251 -0.06486044657826931 8.654775937596248e-05
13 2 661.4087839653117 27.15970124609479 0.10345815130907351 0.00010341360358735521
13 3 661.4087839653117 27.15970124609479 0.10345815130907351 0.00010341360358735521
13 4 661.4087839653117 27.15970124609479 0.10345815130907351 0.00010341360358735521
13 5 661.4087839653117 27.15970124609479 0.10345815130907351 0.00010341360358735521
13 6 661.4087839653117 27.15970124609479 0.10345815130907351 0.00010341360358735521
13 7 661.4087839653117 27.15970124609479 0.10345815130907351 0.00010341360358735521
13 8 670.3484159481493 21.540450957768385 0.29891815498720803 9.290713140375684e-05
13 9 670.3484159481493 21.540450957768385 0.29891815498720803 9.290713140375684e-05
13 10 670.3484159481493 21.540450957768385 0.29891815498720803 9.290713140375684e-05
13 11 670.3484159481493 21.540450957768385 0.29891815498720803 9.290713140375684e-05
13 12 670.3484159481493 21.540450957768385 0.29891815498720803 9.290713140375684e-05
13 13 670.3484159481493 21.540450957768385 0.29891815498720803 9.290713140375684e-05
13 14 663.2419698083762 23.204864090227495 -0.12839657055488465 0.00014454125971808188
13 15 663.2419698083762 23.204864090227495 -0.12839657055488465 0.00014454125971808188
13 16 663.2419698083762 23.204864090227495 -0.12839657055488465 0.00014454125971808188
13 17 663.2419698083762 23.204864090227495 -0.12839657055488465 0.00014454125971808188
13 18 663.2419698083762 23.204864090227495 -0.12839657055488465 0.00014454125971808188
13 19 665.1666151735931 23.41326402926734 -0.2704575023846586 0.00018101849122967878
13 20 665.1666151735931 23.41326402926734 -0.2704575023846586 0.00018101849122967878
13 21 665.1666151735931 23.41326402926734 -0.2704575023846586 0.00018101849122967878
13 22 665.1666151735931 23.41326402926734 -0.2704575023846586 0.00018101849122967878
13 23 665.1666151735931 23.41326402926734 -0.2704575023846586 0.00018101849122967878
13 24 665.1666151735931 23.41326402926734 -0.2704575023846586 0.00018101849122967878
13 25 670.6665226119358 21.273897151333884 0.30485719287255697 9.29236164242959e-05
13 26 670.6665226119358 21.273897151333884 0.30485719287255697 9.29236164242959e-05
13 27 670.6665226119358 21.273897151333884 0.30485719287255697 9.29236164242959e-05
13 28 670.6665226119358 21.273897151333884 0.30485719287255697 9.29236164242959e-05
13 29 670.6665226119358 21.273897151333884 0.30485719287255697 9.29236164242959e-05
13 30 663.1912894643792 24.133108262089763 0.27419218740805984 6.145230443405444e-05
13 31 663.1912894643792 24.133108262089763 0.27419218740805984 6.145230443405444e-05
13 32 663.1912894643792 24.133108262089763 0.27419218740805984 6.145230443405444e-05
13 33 663.1912894643792 24.133108262089763 0.27419218740805984 6.145230443405444e-05
13 34 656.4913851581638 22.92772840523631 0.4182944536991089 -6.529260825054447e-05
13 35 656.4913851581638 22.92772840523631 0.4182944536991089 -6.529260825054447e-05
13 36 656.4913851581638 22.92772840523631 0.4182944536991089 -6.529260825054447e-05
13 37 656.4913851581638 22.92772840523631 0.4182944536991089 -6.529260825054447e-05
13 38 656.4913851581638 22.92772840523631 0.4182944536991089 -6.529260825054447e-05
13 39 656.4913851581638 22.92772840523631 0.4182944536991089 -6.529260825054447e-05
13 40 657.6605906983486 23.92239764900826 0.13910299690951827 0.00014263555612435556
13 41 657.6605906983486 23.92239764900826 0.13910299690951827 0.00014263555612435556
13 42 657.6605906983486 23.92239764900826 0.13910299690951827 0.00014263555612435556
13 43 657.6605906983486 23.92239764900826 0.13910299690951827 0.00014263555612435556
13 44 657.6605906983486 23.92239764900826 0.13910299690951827 0.00014263555612435556
13 45 657.6605906983486 23.92239764900826 0.13910299690951827 0.00014263555612435556
13 46 670.6975825392162 21.260587844962934 0.30553856301602467 9.292360111837585e-05
13 47 670.6975825392162 21.260587844962934 0.30553856301602467 9.292360111837585e-05
13 48 670.6975825392162 21.260587844962934 0.30553856301602467 9.292360111837585e-05
13 49 670.6975825392162 21.260587844962934 0.30553856301602467 9.292360111837585e-05
13 50 670.6975825392162 21.260587844962934 0.30553856301602467 9.292360111837585e-05
13 51 670.6975825392162 21.260587844962934 0.30553856301602467 9.292360111837585e-05
13 52 670.6975825392162 21.260587844962934 0.30553856301602467 9.292360111837585e-05
13 53 670.6975825392162 21.260587844962934 0.30553856301602467 9.292360111837585e-05
13 54 670.6977406877024 21.258251048133758 0.30568186590786084 9.292313479183255e-05
13 55 670.6977406877024 21.258251048133758 0.30568186590786084 9.292313479183255e-05
14 0 754.3796584803263 7.993482957524302 0.7166480577850521 5.310781330399844e-05
14 1 754.3796584803263 7.993482957524302 0.7166480577850521 5.310781330399844e-05
14 2 845.3050216769525 6.086502699867308 0.2748686470046086 0.00012398335334380572
14 3 845.3050216769525 6.086502699867308 0.2748686470046086 0.00012398335334380572
14 4 845.3050216769525 6.086502699867308 0.2748686470046086 0.00012398335334380572
14 5 845.3050216769525 6.086502699867308 0.2748686470046086 0.00012398335334380572
14 6 845.3050216769525 6.086502699867308 0.2748686470046086 0.00012398335334380572
14 7 845.3050216769525 6.086502699867308 0.2748686470046086 0.00012398335334380572
14 8 855.1214980119162 5.025778824158366 -0.3278994107976132 0.0001433491387031761
14 9 855.1214980119162 5.025778824158366 -0.3278994107976132 0.0001433491387031761
14 10 855.1214980119162 5.025778824158366 -0.3278994107976132 0.0001433491387031761
14 11 855.1214980119162 5.025778824158366 -0.3278994107976132 0.0001433491387031761
14 12 855.1214980119162 5.025778824158366 -0.3278994107976132 0.0001433491387031761
14 13 855.1214980119162 5.025778824158366 -0.3278994107976132 0.0001433491387031761
14 14 795.8618339369293 18.976494080062018 1.222438874100555 0.00017165854011663598
14 15 795.8618339369293 18.976494080062018 1.222438874100555 0.00017165854011663598
14 16 795.8618339369293 18.976494080062018 1.222438874100555 0.00017165854011663598
14 17 795.8618339369293 18.976494080062018 1.222438874100555 0.00017165854011663598
14 18 795.8618339369293 18.976494080062018 1.222438874100555 0.00017165854011663598
14 19 861.0943019501883 4.870514868293272 0.3822105254121244 0.0001358389893689936
14 20 861.0943019501883 4.870514868293272 0.3822105254121244 0.0001358389893689936
14 21 861.0943019501883 4.870514868293272 0.3822105254121244 0.0001358389893689936
14 22 861.0943019501883 4.870514868293272 0.3822105254121244 0.0001358389893689936
14 23 861.0943019501883 4.870514868293272 0.3822105254121244 0.0001358389893689936
14 24 861.0943019501883 4.870514868293272 0.3822105254121244 0.0001358389893689936
14 25 823.7088251519062 -9.550295581231268 0.010806922221134406 0.00010083840007811445
14 26 823.7088251519062 -9.550295581231268 0.010806922221134406 0.00010083840007811445
14 27 823.7088251519062 -9.550295581231268 0.010806922221134406 0.00010083840007811445
14 28 823.7088251519062 -9.550295581231268 0.010806922221134406 0.00010083840007811445
14 29 823.7088251519062 -9.550295581231268 0.010806922221134406 0.00010083840007811445
14 30 800.1525010363177 2.988340123758399 0.9304471932796423 0.00015062114728121013
14 31 800.1525010363177 2.988340123758399 0.9304471932796423 0.00015062114728121013
14 32 800.1525010363177 2.988340123758399 0.9304471932796423 0.00015062114728121013
14 33 800.1525010363177 2.988340123758399 0.9304471932796423 0.00015062114728121013
14 34 792.6494588085618 7.190965234278313 1.0269208285682403 0.00012367957233542533
14 35 792.6494588085618 7.190965234278313 1.0269208285682403 0.00012367957233542533
14 36 792.6494588085618 7.190965234278313 1.0269208285682403 0.00012367957233542533
14 37 792.6494588085618 7.190965234278313 1.0269208285682403 0.00012367957233542533
14 38 792.6494588085618 7.190965234278313 1.0269208285682403 0.00012367957233542533
14 39 792.6494588085618 7.190965234278313 1.0269208285682403 0.00012367957233542533
14 40 791.1024529566339 7.197649766089622 0.9422233129876696 0.00012272595886975838
14 41 791.1024529566339 7.197649766089622 0.9422233129876696 0.00012272595886975838
14 42 791.1024529566339 7.197649766089622 0.9422233129876696 0.00012272595886975838
14 43 791.1024529566339 7.197649766089622 0.9422233129876696 0.00012272595886975838
14 44 791.1024529566339 7.197649766089622 0.9422233129876696 0.00012272595886975838
14 45 791.1024529566339 7.197649766089622 0.9422233129876696 0.00012272595886975838
14 46 781.1542444459787 21.417384748619554 1.358624019142608 0.00010305643145288908
14 47 781.1542444459787 21.417384748619554 1.358624019142608 0.00010305643145288908
14 48 781.1542444459787 21.417384748619554 1.358624019142608 0.00010305643145288908
14 49 781.1542444459787 21.417384748619554 1.358624019142608 0.00010305643145288908
14 50 781.1542444459787 21.417384748619554 1.358624019142608 0.00010305643145288908
14 51 781.1542444459787 21.417384748619554 1.358624019142608 0.00010305643145288908
14 52 781.1542444459787 21.417384748619554 1.358624019142608 0.00010305643145288908
14 53 781.1542444459787 21.417384748619554 1.358624019142608 0.00010305643145288908
14 54 777.7740387608585 14.004012318982728 1.4800702941714594 0.00011938793742612041
14 55 777.7740387608585 14.004012318982728 1.4800702941714594 0.00011938793742612041
15 0 1283.5376397776104 2.852363249300834 0.5105735002803684 0.00024467711845816515
15 1 1283.5376397776104 2.852363249300834 0.5105735002803684 0.00024467711845816515
15 2 1363.022829090223 2.8502694738378285 0.11407810659870443 0.00017334488741925405
15 3 1363.022829090223 2.8502694738378285 0.11407810659870443 0.00017334488741925405
15 4 1363.022829090223 2.8502694738378285 0.11407810659870443 0.00017334488741925405
15 5 1363.022829090223 2.8502694738378285 0.11407810659870443 0.00017334488741925405
15 6 1363.022829090223 2.8502694738378285 0.11407810659870443 0.00017334488741925405
15 7 1363.022829090223 2.8502694738378285 0.11407810659870443 0.00017334488741925405
15 8 1365.294769282826 0.8954694278604542 0.33683693211810223 0.00031942128459239215
15 9 1365.294769282826 0.8954694278604542 0.33683693211810223 0.00031942128459239215
15 10 1365.294769282826 0.8954694278604542 0.33683693211810223 0.00031942128459239215
15 11 1365.294769282826 0.8954694278604542 0.33683693211810223 0.00031942128459239215
15 12 1365.294769282826 0.8954694278604542 0.33683693211810223 0.00031942128459239215
15 13 1365.294769282826 0.8954694278604542 0.33683693211810223 0.00031942128459239215
15 14 1326.8557885079817 59.0677046839502 -1.3004994228305957 0.0002613374957097928
15 15 1326.8557885079817 59.0677046839502 -1.3004994228305957 0.0002613374957097928
15 16 1326.8557885079817 59.0677046839502 -1.3004994228305957 0.0002613374957097928
15 17 1326.8557885079817 59.0677046839502 -1.3004994228305957 0.0002613374957097928
15 18 1326.8557885079817 59.0677046839502 -1.3004994228305957 0.0002613374957097928
15 19 1326.9161937176343 57.16222484736703 0.040465331116327496 0.0002106094243568491
15 20 1326.9161937176343 57.16222484736703 0.040465331116327496 0.0002106094243568491
15 21 1326.9161937176343 57.16222484736703 0.040465331116327496 0.0002106094243568491
15 22 1326.9161937176343 57.16222484736703 0.040465331116327496 0.0002106094243568491
15 23 1326.9161937176343 57.16222484736703 0.040465331116327496 0.0002106094243568491
15 24 1326.9161937176343 57.16222484736703 0.040465331116327496 0.0002106094243568491
15 25 1319.47296630196 54.30417735458284 -0.35155693773158064 7.308496329308005e-05
15 26 1319.47296630196 54.30417735458284 -0.35155693773158064 7.308496329308005e-05
15 27 1319.47296630196 54.30417735458284 -0.35155693773158064 7.308496329308005e-05
15 28 1319.47296630196 54.30417735458284 -0.35155693773158064 7.308496329308005e-05
15 29 1319.47296630196 54.30417735458284 -0.35155693773158064 7.308496329308005e-05
15 30 1317.2168931875322 -7.965766009321341 0.5577444839928123 0.00035876108659156137
15 31 1317.2168931875322 -7.965766009321341 0.5577444839928123 0.00035876108659156137
15 32 1317.2168931875322 -7.965766009321341 0.5577444839928123 0.00035876108659156137
15 33 1317.2168931875322 -7.965766009321341 0.5577444839928123 0.00035876108659156137
15 34 1285.203610048311 -29.040314106717744 -0.13498074183335954 0.00047739450381719664
15 35 1285.203610048311 -29.040314106717744 -0.13498074183335954 0.00047739450381719664
15 36 1285.203610048311 -29.040314106717744 -0.13498074183335954 0.00047739450381719664
15 37 1285.203610048311 -29.040314106717744 -0.13498074183335954 0.00047739450381719664
15 38 1285.203610048311 -29.040314106717744 -0.13498074183335954 0.00047739450381719664
15 39 1285.203610048311 -29.040314106717744 -0.13498074183335954 0.00047739450381719664
15 40 1331.235719743368 57.162292698117 -1.4410704060838444 4.703597736346139e-05
15 41 1331.235719743368 57.162292698117 -1.4410704060838444 4.703597736346139e-05
15 42 1331.235719743368 57.162292698117 -1.4410704060838444 4.703597736346139e-05
15 43 1331.235719743368 57.162292698117 -1.4410704060838444 4.703597736346139e-05
15 44 1331.235719743368 57.162292698117 -1.4410704060838444 4.703597736346139e-05
15 45 1331.235719743368 57.162292698117 -1.4410704060838444 4.703597736346139e-05
15 46 1473.0043274693903 22.85521766295293 0.3426419129075887 0.00010997041919716852
15 47 1473.0043274693903 22.85521766295293 0.3426419129075887 0.00010997041919716852
15 48 1473.0043274693903 22.85521766295293 0.3426419129075887 0.00010997041919716852
15 49 1473.0043274693903 22.85521766295293 0.3426419129075887 0.00010997041919716852
15 50 1473.0043274693903 22.85521766295293 0.3426419129075887 0.00010997041919716852
15 51 1473.0043274693903 22.85521766295293 0.3426419129075887 0.00010997041919716852
15 52 1473.0043274693903 22.85521766295293 0.3426419129075887 0.00010997041919716852
15 53 1473.0043274693903 22.85521766295293 0.3426419129075887 0.00010997041919716852
15 54 1475.2497271715347 22.854171274405594 0.38661298903317787 0.00010639395785141042
15 55 1475.2497271715347 22.854171274405594 0.38661298903317787 0.00010639395785141042
16 0 931.6101069147071 14.551997142474278 0.609824597759657 0.0002080790910286068
16 1 931.6101069147071 14.551997142474278 0.609824597759657 0.0002080790910286068
16 2 958.7476980575335 21.611136965653536 0.4218618350737331 0.00014585256305771373
16 3 958.7476980575335 21.611136965653536 0.4218618350737331 0.00014585256305771373
16 4 958.7476980575335 21.611136965653536 0.4218618350737331 0.00014585256305771373
16 5 958.7476980575335 21.611136965653536 0.4218618350737331 0.00014585256305771373
16 6 958.7476980575335 21.611136965653536 0.4218618350737331 0.00014585256305771373
16 7 958.7476980575335 21.611136965653536 0.4218618350737331 0.00014585256305771373
16 8 1014.8094543436504 17.254074102973004 1.0955238749331029 0.00015264749589563787
16 9 1014.8094543436504 17.254074102973004 1.0955238749331029 0.00015264749589563787
16 10 1014.8094543436504 17.254074102973004 1.0955238749331029 0.00015264749589563787
16 11 1014.8094543436504 17.254074102973004 1.0955238749331029 0.00015264749589563787
16 12 1014.8094543436504 17.254074102973004 1.0955238749331029 0.00015264749589563787
16 13 1014.8094543436504 17.254074102973004 1.0955238749331029 0.00015264749589563787
16 14 1003.3898298425029 25.573541318701597 1.036825599797903 0.00013273954007437066
16 15 1003.3898298425029 25.573541318701597 1.036825599797903 0.00013273954007437066
16 16 1003.3898298425029 25.573541318701597 1.036825599797903 0.00013273954007437066
16 17 1003.3898298425029 25.573541318701597 1.036825599797903 0.00013273954007437066
16 18 1003.3898298425029 25.573541318701597 1.036825599797903 0.00013273954007437066
16 19 1000.3792300745927 33.33861395048614 0.4597665635588949 7.48087570311037e-05
16 20 1000.3792300745927 33.33861395048614 0.4597665635588949 7.48087570311037e-05
16 21 1000.3792300745927 33.33861395048614 0.4597665635588949 7.48087570311037e-05
16 22 1000.3792300745927 33.33861395048614 0.4597665635588949 7.48087570311037e-05
16 23 1000.3792300745927 33.33861395048614 0.4597665635588949 7.48087570311037e-05
16 24 1000.3792300745927 33.33861395048614 0.4597665635588949 7.48087570311037e-05
16 25 929.1065645883559 36.77925871718978 1.3855642401183745 5.42407931603277e-06
16 26 929.1065645883559 36.77925871718978 1.3855642401183745 5.42407931603277e-06
16 27 929.1065645883559 36.77925871718978 1.3855642401183745 5.42407931603277e-06
16 28 929.1065645883559 36.77925871718978 1.3855642401183745 5.42407931603277e-06
16 29 929.1065645883559 36.77925871718978 1.3855642401183745 5.42407931603277e-06
16 30 987.735620809386 12.180921406057358 1.0558173066007692 8.863210526625165e-05
16 31 987.735620809386 12.180921406057358 1.0558173066007692 8.863210526625165e-05
16 32 987.735620809386 12.180921406057358 1.0558173066007692 8.863210526625165e-05
16 33 987.735620809386 12.180921406057358 1.0558173066007692 8.863210526625165e-05
16 34 1028.2463632699526 19.642396044777072 0.5623337246066233 0.00015681982013446538
16 35 1028.2463632699526 19.642396044777072 0.5623337246066233 0.00015681982013446538
16 36 1028.2463632699526 19.642396044777072 0.5623337246066233 0.00015681982013446538
16 37 1028.2463632699526 19.642396044777072 0.5623337246066233 0.00015681982013446538
16 38 1028.2463632699526 19.642396044777072 0.5623337246066233 0.00015681982013446538
16 39 1028.2463632699526 19.642396044777072 0.5623337246066233 0.00015681982013446538
16 40 1072.1292760879512 18.281252317550464 0.3604040801747187 8.90165138747565e-05
16 41 1072.1292760879512 18.281252317550464 0.3604040801747187 8.90165138747565e-05
16 42 1072.1292760879512 18.281252317550464 0.3604040801747187 8.90165138747565e-05
16 43 1072.1292760879512 18.281252317550464 0.3604040801747187 8.90165138747565e-05
16 44 1072.1292760879512 18.281252317550464 0.3604040801747187 8.90165138747565e-05
16 45 1072.1292760879512 18.281252317550464 0.3604040801747187 8.90165138747565e-05
16 46 930.4461993249223 31.70554339629284 0.7678716045823952 0.00014453621159379182
16 47 930.4461993249223 31.70554339629284 0.7678716045823952 0.00014453621159379182
16 48 930.4461993249223 31.70554339629284 0.7678716045823952 0.00014453621159379182
16 49 930.4461993249223 31.70554339629284 0.7678716045823952 0.00014453621159379182
16 50 930.4461993249223 31.70554339629284 0.7678716045823952 0.00014453621159379182
16 51 930.4461993249223 31.70554339629284 0.7678716045823952 0.00014453621159379182
16 52 930.4461993249223 31.70554339629284 0.7678716045823952 0.00014453621159379182
16 53 930.4461993249223 31.70554339629284 0.7678716045823952 0.00014453621159379182
16 54 948.3346690514265 35.54871471567363 0.6225539656209529 0.00010793917265717606
16 55 948.3346690514265 35.54871471567363 0.6225539656209529 0.00010793917265717606
17 0 1139.7952126163673 12.453555899774337 1.0361973696117035 0.00011616944883472043
17 1 1139.7952126163673 12.453555899774337 1.0361973696117035 0.00011616944883472043
17 2 1141.456807912875 12.892450004782454 1.1883021642251794 8.755922270737752e-05
17 3 1141.456807912875 12.892450004782454 1.1883021642251794 8.755922270737752e-05
17 4 1141.456807912875 12.892450004782454 1.1883021642251794 8.755922270737752e-05
17 5 1141.456807912875 12.892450004782454 1.1883021642251794 8.755922270737752e-05
17 6 1141.456807912875 12.892450004782454 1.1883021642251794 8.755922270737752e-05
17 7 1141.456807912875 12.892450004782454 1.1883021642251794 8.755922270737752e-05
17 8 1193.0266862386095 14.478997292560887 0.9314004301271329 8.744002074637984e-05
17 9 1193.0266862386095 14.478997292560887 0.9314004301271329 8.744002074637984e-05
17 10 1193.0266862386095 14.478997292560887 0.9314004301271329 8.744002074637984e-05
17 11 1193.0266862386095 14.478997292560887 0.9314004301271329 8.744002074637984e-05
17 12 1193.0266862386095 14.478997292560887 0.9314004301271329 8.744002074637984e-05
17 13 1193.0266862386095 14.478997292560887 0.9314004301271329 8.744002074637984e-05
17 14 1175.1771811494834 8.940474698914333 0.9806920254048535 0.00010961294228169444
17 15 1175.1771811494834 8.940474698914333 0.9806920254048535 0.00010961294228169444
17 16 1175.1771811494834 8.940474698914333 0.9806920254048535 0.00010961294228169444
17 17 1175.1771811494834 8.940474698914333 0.9806920254048535 0.00010961294228169444
17 18 1175.1771811494834 8.940474698914333 0.9806920254048535 0.00010961294228169444
17 19 1264.583788697818 17.541775704996745 0.9843372803544967 0.00010436773335975152
17 20 1264.583788697818 17.541775704996745 0.9843372803544967 0.00010436773335975152
17 21 1264.583788697818 17.541775704996745 0.9843372803544967 0.00010436773335975152
17 22 1264.583788697818 17.541775704996745 0.9843372803544967 0.00010436773335975152
17 23 1264.583788697818 17.541775704996745 0.9843372803544967 0.00010436773335975152
17 24 1264.583788697818 17.541775704996745 0.9843372803544967 0.00010436773335975152
17 25 1139.0086025571231 13.563571330410529 1.4128082196014127 6.19293240622925e-05
17 26 1139.0086025571231 13.563571330410529 1.4128082196014127 6.19293240622925e-05
17 27 1139.0086025571231 13.563571330410529 1.4128082196014127 6.19293240622925e-05
17 28 1139.0086025571231 13.563571330410529 1.4128082196014127 6.19293240622925e-05
17 29 1139.0086025571231 13.563571330410529 1.4128082196014127 6.19293240622925e-05
17 30 1290.471926073426 9.86687736853124 0.7249331570630244 8.627470727186872e-05
17 31 1290.471926073426 9.86687736853124 0.7249331570630244 8.627470727186872e-05
17 32 1290.471926073426 9.86687736853124 0.7249331570630244 8.627470727186872e-05
17 33 1290.471926073426 9.86687736853124 0.7249331570630244 8.627470727186872e-05
17 34 1141.6437353264728 12.833199200340633 1.111891412080448 0.0001574158495581332
17 35 1141.6437353264728 12.833199200340633 1.111891412080448 0.0001574158495581332
17 36 1141.6437353264728 12.833199200340633 1.111891412080448 0.0001574158495581332
17 37 1141.6437353264728 12.833199200340633 1.111891412080448 0.0001574158495581332
17 38 1141.6437353264728 12.833199200340633 1.111891412080448 0.0001574158495581332
17 39 1141.6437353264728 12.833199200340633 1.111891412080448 0.0001574158495581332
17 40 1114.8236674823277 26.592463791255604 2.4697910042001627 -0.0003889501944063781
17 41 1114.8236674823277 26.592463791255604 2.4697910042001627 -0.0003889501944063781
17 42 1114.8236674823277 26.592463791255604 2.4697910042001627 -0.0003889501944063781
17 43 1114.8236674823277 26.592463791255604 2.4697910042001627 -0.0003889501944063781
17 44 1114.8236674823277 26.592463791255604 2.4697910042001627 -0.0003889501944063781
17 45 1114.8236674823277 26.592463791255604 2.4697910042001627 -0.0003889501944063781
17 46 1247.9147717511519 8.687715187816618 1.4441443002251293 -9.539749475723856e-05
17 47 1247.9147717511519 8.687715187816618 1.4441443002251293 -9.539749475723856e-05
17 48 1247.9147717511519 8.687715187816618 1.4441443002251293 -9.539749475723856e-05
17 49 1247.9147717511519 8.687715187816618 1.4441443002251293 -9.539749475723856e-05
17 50 1247.9147717511519 8.687715187816618 1.4441443002251293 -9.539749475723856e-05
17 51 1247.9147717511519 8.687715187816618 1.4441443002251293 -9.539749475723856e-05
17 52 1247.9147717511519 8.687715187816618 1.4441443002251293 -9.539749475723856e-05
17 53 1247.9147717511519 8.687715187816618 1.4441443002251293 -9.539749475723856e-05
17 54 1147.5779954626507 25.24004865591418 2.162808342274161 -3.966571686211559e-05
17 55 1147.5779954626507 25.24004865591418 2.162808342274161 -3.966571686211559e-05
18 0 1433.237728756417 22.468589280807088 0.2289428983801033 9.88841389138203e-05
18 1 1433.237728756417 22.468589280807088 0.2289428983801033 9.88841389138203e-05
18 2 1446.4586461586 17.112641488134667 0.3096541315286251 0.00011640786718125116
18 3 1446.4586461586 17.112641488134667 0.3096541315286251 0.00011640786718125116
18 4 1446.4586461586 17.112641488134667 0.3096541315286251 0.00011640786718125116
18 5 1446.4586461586 17.112641488134667 0.3096541315286251 0.00011640786718125116
18 6 1446.4586461586 17.112641488134667 0.3096541315286251 0.00011640786718125116
18 7 1446.4586461586 17.112641488134667 0.3096541315286251 0.00011640786718125116
18 8 1398.3194371881518 20.51479093815645 0.4867468645393944 0.00012078007699660757
18 9 1398.3194371881518 20.51479093815645 0.4867468645393944 0.00012078007699660757
18 10 1398.3194371881518 20.51479093815645 0.4867468645393944 0.00012078007699660757
18 11 1398.3194371881518 20.51479093815645 0.4867468645393944 0.00012078007699660757
18 12 1398.3194371881518 20.51479093815645 0.4867468645393944 0.00012078007699660757
18 13 1398.3194371881518 20.51479093815645 0.4867468645393944 0.00012078007699660757
18 14 1457.3868702512068 17.584104620696507 0.2888434396045404 9.966161369559518e-05
18 15 1457.3868702512068 17.584104620696507 0.2888434396045404 9.966161369559518e-05
18 16 1457.3868702512068 17.584104620696507 0.2888434396045404 9.966161369559518e-05
18 17 1457.3868702512068 17.584104620696507 0.2888434396045404 9.966161369559518e-05
18 18 1457.3868702512068 17.584104620696507 0.2888434396045404 9.966161369559518e-05
18 19 1457.8969068057904 18.54636488436087 0.3208512044499967 8.612870857352617e-05
18 20 1457.8969068057904 18.54636488436087 0.3208512044499967 8.612870857352617e-05
18 21 1457.8969068057904 18.54636488436087 0.3208512044499967 8.612870857352617e-05
18 22 1457.8969068057904 18.54636488436087 0.3208512044499967 8.612870857352617e-05
18 23 1457.8969068057904 18.54636488436087 0.3208512044499967 8.612870857352617e-05
18 24 1457.8969068057904 18.54636488436087 0.3208512044499967 8.612870857352617e-05
18 25 1466.3094020680494 22.16784415987692 0.29389840499873565 9.948015208441334e-05
18 26 1466.3094020680494 22.16784415987692 0.29389840499873565 9.948015208441334e-05
18 27 1466.3094020680494 22.16784415987692 0.29389840499873565 9.948015208441334e-05
18 28 1466.3094020680494 22.16784415987692 0.29389840499873565 9.948015208441334e-05
18 29 1466.3094020680494 22.16784415987692 0.29389840499873565 9.948015208441334e-05
18 30 1455.6698830298114 19.34541266757771 0.32442218742790496 0.00010031461694562091
18 31 1455.6698830298114 19.34541266757771 0.32442218742790496 0.00010031461694562091
18 32 1455.6698830298114 19.34541266757771 0.32442218742790496 0.00010031461694562091
18 33 1455.6698830298114 19.34541266757771 0.32442218742790496 0.00010031461694562091
18 34 1451.9568123404767 18.353423843339332 0.2980494074713481 0.00010079145430228448
18 35 1451.9568123404767 18.353423843339332 0.2980494074713481 0.00010079145430228448
18 36 1451.9568123404767 18.353423843339332 0.2980494074713481 0.00010079145430228448
18 37 1451.9568123404767 18.353423843339332 0.2980494074713481 0.00010079145430228448
18 38 1451.9568123404767 18.353423843339332 0.2980494074713481 0.00010079145430228448
18 39 1451.9568123404767 18.353423843339332 0.2980494074713481 0.00010079145430228448
18 40 1456.1038828399041 18.56096858392945 0.29924790204102414 9.230426744057669e-05
18 41 1456.1038828399041 18.56096858392945 0.29924790204102414 9.230426744057669e-05
18 42 1456.1038828399041 18.56096858392945 0.29924790204102414 9.230426744057669e-05
18 43 1456.1038828399041 18.56096858392945 0.29924790204102414 9.230426744057669e-05
18 44 1456.1038828399041 18.56096858392945 0.29924790204102414 9.230426744057669e-05
18 45 1456.1038828399041 18.56096858392945 0.29924790204102414 9.230426744057669e-05
18 46 1450.49003990438 16.607151251551883 0.3029784225172039 9.011942575064659e-05
18 47 1450.49003990438 16.607151251551883 0.3029784225172039 9.011942575064659e-05
18 48 1450.49003990438 16.607151251551883 0.3029784225172039 9.011942575064659e-05
18 49 1450.49003990438 16.607151251551883 0.3029784225172039 9.011942575064659e-05
18 50 1450.49003990438 16.607151251551883 0.3029784225172039 9.011942575064659e-05
18 51 1450.49003990438 16.607151251551883 0.3029784225172039 9.011942575064659e-05
18 52 1450.49003990438 16.607151251551883 0.3029784225172039 9.011942575064659e-05
18 53 1450.49003990438 16.607151251551883 0.3029784225172039 9.011942575064659e-05
18 54 1441.8191860971403 17.464000906050114 0.3059613334638049 6.56247140773544e-05
18 55 1441.8191860971403 17.464000906050114 0.3059613334638049 6.56247140773544e-05
19 0 1687.8242596928676 11.400429266753523 -0.15022231580785217 0.00022321947908276207
19 1 1687.8242596928676 11.400429266753523 -0.15022231580785217 0.00022321947908276207
19 2 1942.224370563965 13.869302541208246 0.23395460724329203 8.992503748073712e-05
19 3 1942.224370563965 13.869302541208246 0.23395460724329203 8.992503748073712e-05
19 4 1942.224370563965 13.869302541208246 0.23395460724329203 8.992503748073712e-05
19 5 1942.224370563965 13.869302541208246 0.23395460724329203 8.992503748073712e-05
19 6 1942.224370563965 13.869302541208246 0.23395460724329203 8.992503748073712e-05
19 7 1942.224370563965 13.869302541208246 0.23395460724329203 8.992503748073712e-05
19 8 1828.0420959045273 15.183739722521906 0.4709694599217664 9.63807114443357e-05
19 9 1828.0420959045273 15.183739722521906 0.4709694599217664 9.63807114443357e-05
19 10 1828.0420959045273 15.183739722521906 0.4709694599217664 9.63807114443357e-05
19 11 1828.0420959045273 15.183739722521906 0.4709694599217664 9.63807114443357e-05
19 12 1828.0420959045273 15.183739722521906 0.4709694599217664 9.63807114443357e-05
19 13 1828.0420959045273 15.183739722521906 0.4709694599217664 9.63807114443357e-05
19 14 1814.3974104877457 23.63868221439605 -0.9865806371773296 0.00034695839169533087
19 15 1814.3974104877457 23.63868221439605 -0.9865806371773296 0.00034695839169533087
19 16 1814.3974104877457 23.63868221439605 -0.9865806371773296 0.00034695839169533087
19 17 1814.3974104877457 23.63868221439605 -0.9865806371773296 0.00034695839169533087
19 18 1814.3974104877457 23.63868221439605 -0.9865806371773296 0.00034695839169533087
19 19 1676.8553425611465 13.342539761466433 0.7323619407010826 0.00012117624275084686
19 20 1676.8553425611465 13.342539761466433 0.7323619407010826 0.00012117624275084686
19 21 1676.8553425611465 13.342539761466433 0.7323619407010826 0.00012117624275084686
19 22 1676.8553425611465 13.342539761466433 0.7323619407010826 0.00012117624275084686
19 23 1676.8553425611465 13.342539761466433 0.7323619407010826 0.00012117624275084686
19 24 1676.8553425611465 13.342539761466433 0.7323619407010826 0.00012117624275084686
19 25 1696.276529682288 29.332357489889183 1.7806783388262915 0.0001543164256087674
19 26 1696.276529682288 29.332357489889183 1.7806783388262915 0.0001543164256087674
19 27 1696.276529682288 29.332357489889183 1.7806783388262915 0.0001543164256087674
19 28 1696.276529682288 29.332357489889183 1.7806783388262915 0.0001543164256087674
19 29 1696.276529682288 29.332357489889183 1.7806783388262915 0.0001543164256087674
19 30 1633.8415138941248 14.774174577865418 1.2987550076353274 7.742642863322664e-05
19 31 1633.8415138941248 14.774174577865418 1.2987550076353274 7.742642863322664e-05
19 32 1633.8415138941248 14.774174577865418 1.2987550076353274 7.742642863322664e-05
19 33 1633.8415138941248 14.774174577865418 1.2987550076353274 7.742642863322664e-05
19 34 1638.5373949090504 12.40901932078042 -0.046376218359489525 3.796818151547386e-05
19 35 1638.5373949090504 12.40901932078042 -0.046376218359489525 3.796818151547386e-05
19 36 1638.5373949090504 12.40901932078042 -0.046376218359489525 3.796818151547386e-05
19 37 1638.5373949090504 12.40901932078042 -0.046376218359489525 3.796818151547386e-05
19 38 1638.5373949090504 12.40901932078042 -0.046376218359489525 3.796818151547386e-05
19 39 1638.5373949090504 12.40901932078042 -0.046376218359489525 3.796818151547386e-05
19 40 1624.1245994376636 14.31674943721395 0.14429039072187305 8.566121289983684e-05
19 41 1624.1245994376636 14.31674943721395 0.14429039072187305 8.566121289983684e-05
19 42 1624.1245994376636 14.31674943721395 0.14429039072187305 8.566121289983684e-05
19 43 1624.1245994376636 14.31674943721395 0.14429039072187305 8.566121289983684e-05
19 44 1624.1245994376636 14.31674943721395 0.14429039072187305 8.566121289983684e-05
19 45 1624.1245994376636 14.31674943721395 0.14429039072187305 8.566121289983684e-05
19 46 1885.5877589328952 13.066924294878717 0.28193349576252413 0.00012356044538472415
19 47 1885.5877589328952 13.066924294878717 0.28193349576252413 0.00012356044538472415
19 48 1885.5877589328952 13.066924294878717 0.28193349576252413 0.00012356044538472415
19 49 1885.5877589328952 13.066924294878717 0.28193349576252413 0.00012356044538472415
19 50 1885.5877589328952 13.066924294878717 0.28193349576252413 0.00012356044538472415
19 51 1885.5877589328952 13.066924294878717 0.28193349576252413 0.00012356044538472415
19 52 1885.5877589328952 13.066924294878717 0.28193349576252413 0.00012356044538472415
19 53 1885.5877589328952 13.066924294878717 0.28193349576252413 0.00012356044538472415
19 54 1918.2224217073951 13.840591355128172 0.32803845250256836 0.0001179576069624247
19 55 1918.2224217073951 13.840591355128172 0.32803845250256836 0.0001179576069624247
