order obs chisq vsini limbdark rv
0 0 4887.691661406736 27.557788103357467 0.5499451427640281 2.7954579550842684e-05
0 1 4887.691661406736 27.557788103357467 0.5499451427640281 2.7954579550842684e-05
0 2 5583.236764605912 21.285324632846475 0.33992402184630033 8.38637353057446e-05
0 3 5583.236764605912 21.285324632846475 0.33992402184630033 8.38637353057446e-05
0 4 5583.236764605912 21.285324632846475 0.33992402184630033 8.38637353057446e-05
0 5 5583.236764605912 21.285324632846475 0.33992402184630033 8.38637353057446e-05
0 6 5583.236764605912 21.285324632846475 0.33992402184630033 8.38637353057446e-05
0 7 5583.236764605912 21.285324632846475 0.33992402184630033 8.38637353057446e-05
0 8 4889.683898672009 29.763916652530753 0.19370305940585097 0.00010114908339545848
0 9 4889.683898672009 29.763916652530753 0.19370305940585097 0.00010114908339545848
0 10 4889.683898672009 29.763916652530753 0.19370305940585097 0.00010114908339545848
0 11 4889.683898672009 29.763916652530753 0.19370305940585097 0.00010114908339545848
0 12 4889.683898672009 29.763916652530753 0.19370305940585097 0.00010114908339545848
0 13 4889.683898672009 29.763916652530753 0.19370305940585097 0.00010114908339545848
0 14 4854.259469379479 28.5734535383594 0.25301824365228653 9.065866474221597e-05
0 15 4854.259469379479 28.5734535383594 0.25301824365228653 9.065866474221597e-05
0 16 4854.259469379479 28.5734535383594 0.25301824365228653 9.065866474221597e-05
0 17 4854.259469379479 28.5734535383594 0.25301824365228653 9.065866474221597e-05
0 18 4854.259469379479 28.5734535383594 0.25301824365228653 9.065866474221597e-05
0 19 4931.720334829763 26.323883920131067 0.5971845622336289 7.516153330102413e-05
0 20 4931.720334829763 26.323883920131067 0.5971845622336289 7.516153330102413e-05
0 21 4931.720334829763 26.323883920131067 0.5971845622336289 7.516153330102413e-05
0 22 4931.720334829763 26.323883920131067 0.5971845622336289 7.516153330102413e-05
0 23 4931.720334829763 26.323883920131067 0.5971845622336289 7.516153330102413e-05
0 24 4931.720334829763 26.323883920131067 0.5971845622336289 7.516153330102413e-05
0 25 5186.443208814621 26.38903868524945 0.305237078280316 9.864570853115198e-05
0 26 5186.443208814621 26.38903868524945 0.305237078280316 9.864570853115198e-05
0 27 5186.443208814621 26.38903868524945 0.305237078280316 9.864570853115198e-05
0 28 5186.443208814621 26.38903868524945 0.305237078280316 9.864570853115198e-05
0 29 5186.443208814621 26.38903868524945 0.305237078280316 9.864570853115198e-05
0 30 5180.447401309029 27.474442796490997 0.2272930316888375 0.0001100118571527074
0 31 5180.447401309029 27.474442796490997 0.2272930316888375 0.0001100118571527074
0 32 5180.447401309029 27.474442796490997 0.2272930316888375 0.0001100118571527074
0 33 5180.447401309029 27.474442796490997 0.2272930316888375 0.0001100118571527074
0 34 4918.698498194684 30.37135662825435 0.5170452255978266 1.615285870295376e-05
0 35 4918.698498194684 30.37135662825435 0.5170452255978266 1.615285870295376e-05
0 36 4918.698498194684 30.37135662825435 0.5170452255978266 1.615285870295376e-05
0 37 4918.698498194684 30.37135662825435 0.5170452255978266 1.615285870295376e-05
0 38 4918.698498194684 30.37135662825435 0.5170452255978266 1.615285870295376e-05
0 39 4918.698498194684 30.37135662825435 0.5170452255978266 1.615285870295376e-05
0 40 5224.458540883205 29.15650275348419 0.26149000899651287 6.40749895564632e-05
0 41 5224.458540883205 29.15650275348419 0.26149000899651287 6.40749895564632e-05
0 42 5224.458540883205 29.15650275348419 0.26149000899651287 6.40749895564632e-05
0 43 5224.458540883205 29.15650275348419 0.26149000899651287 6.40749895564632e-05
0 44 5224.458540883205 29.15650275348419 0.26149000899651287 6.40749895564632e-05
0 45 5224.458540883205 29.15650275348419 0.26149000899651287 6.40749895564632e-05
0 46 4863.256213489301 28.088406078019556 0.06547077484657798 9.363889705169383e-05
0 47 4863.256213489301 28.088406078019556 0.06547077484657798 9.363889705169383e-05
0 48 4863.256213489301 28.088406078019556 0.06547077484657798 9.363889705169383e-05
0 49 4863.256213489301 28.088406078019556 0.06547077484657798 9.363889705169383e-05
0 50 4863.256213489301 28.088406078019556 0.06547077484657798 9.363889705169383e-05
0 51 4863.256213489301 28.088406078019556 0.06547077484657798 9.363889705169383e-05
0 52 4863.256213489301 28.088406078019556 0.06547077484657798 9.363889705169383e-05
0 53 4863.256213489301 28.088406078019556 0.06547077484657798 9.363889705169383e-05
0 54 5100.173012512019 28.25012150812062 0.12431051506865022 0.00010818243021869948
0 55 5100.173012512019 28.25012150812062 0.12431051506865022 0.00010818243021869948
1 0 3480.6846758758115 29.032800202263346 0.20590211813129106 0.0001011556588024117
1 1 3480.6846758758115 29.032800202263346 0.20590211813129106 0.0001011556588024117
1 2 3480.6818967268973 28.588354378714925 0.2210215406469879 0.0001029107488061292
1 3 3480.6818967268973 28.588354378714925 0.2210215406469879 0.0001029107488061292
1 4 3480.6818967268973 28.588354378714925 0.2210215406469879 0.0001029107488061292
1 5 3480.6818967268973 28.588354378714925 0.2210215406469879 0.0001029107488061292
1 6 3480.6818967268973 28.588354378714925 0.2210215406469879 0.0001029107488061292
1 7 3480.6818967268973 28.588354378714925 0.2210215406469879 0.0001029107488061292
1 8 3481.2705904661643 28.45151813743594 0.18615505050702544 5.6803263843514356e-05
1 9 3481.2705904661643 28.45151813743594 0.18615505050702544 5.6803263843514356e-05
1 10 3481.2705904661643 28.45151813743594 0.18615505050702544 5.6803263843514356e-05
1 11 3481.2705904661643 28.45151813743594 0.18615505050702544 5.6803263843514356e-05
1 12 3481.2705904661643 28.45151813743594 0.18615505050702544 5.6803263843514356e-05
1 13 3481.2705904661643 28.45151813743594 0.18615505050702544 5.6803263843514356e-05
1 14 3480.398882754635 28.553942053947523 0.20489736065611752 7.230044316329233e-05
1 15 3480.398882754635 28.553942053947523 0.20489736065611752 7.230044316329233e-05
1 16 3480.398882754635 28.553942053947523 0.20489736065611752 7.230044316329233e-05
1 17 3480.398882754635 28.553942053947523 0.20489736065611752 7.230044316329233e-05
1 18 3480.398882754635 28.553942053947523 0.20489736065611752 7.230044316329233e-05
1 19 3479.7171963133333 29.1070873807504 0.3159204491346439 9.753188440898532e-05
1 20 3479.7171963133333 29.1070873807504 0.3159204491346439 9.753188440898532e-05
1 21 3479.7171963133333 29.1070873807504 0.3159204491346439 9.753188440898532e-05
1 22 3479.7171963133333 29.1070873807504 0.3159204491346439 9.753188440898532e-05
1 23 3479.7171963133333 29.1070873807504 0.3159204491346439 9.753188440898532e-05
1 24 3479.7171963133333 29.1070873807504 0.3159204491346439 9.753188440898532e-05
1 25 3479.515731383811 29.14023639804182 0.30543308758261467 8.75773745914051e-05
1 26 3479.515731383811 29.14023639804182 0.30543308758261467 8.75773745914051e-05
1 27 3479.515731383811 29.14023639804182 0.30543308758261467 8.75773745914051e-05
1 28 3479.515731383811 29.14023639804182 0.30543308758261467 8.75773745914051e-05
1 29 3479.515731383811 29.14023639804182 0.30543308758261467 8.75773745914051e-05
1 30 3479.325181945073 29.418850426966642 0.3639706236729234 6.371735532946643e-05
1 31 3479.325181945073 29.418850426966642 0.3639706236729234 6.371735532946643e-05
1 32 3479.325181945073 29.418850426966642 0.3639706236729234 6.371735532946643e-05
1 33 3479.325181945073 29.418850426966642 0.3639706236729234 6.371735532946643e-05
1 34 3480.1847017377067 29.090850787120193 0.2691578690039903 8.672476293538806e-05
1 35 3480.1847017377067 29.090850787120193 0.2691578690039903 8.672476293538806e-05
1 36 3480.1847017377067 29.090850787120193 0.2691578690039903 8.672476293538806e-05
1 37 3480.1847017377067 29.090850787120193 0.2691578690039903 8.672476293538806e-05
1 38 3480.1847017377067 29.090850787120193 0.2691578690039903 8.672476293538806e-05
1 39 3480.1847017377067 29.090850787120193 0.2691578690039903 8.672476293538806e-05
1 40 3477.560563044835 29.685301617666546 0.4186610447445487 9.292364135515773e-05
1 41 3477.560563044835 29.685301617666546 0.4186610447445487 9.292364135515773e-05
1 42 3477.560563044835 29.685301617666546 0.4186610447445487 9.292364135515773e-05
1 43 3477.560563044835 29.685301617666546 0.4186610447445487 9.292364135515773e-05
1 44 3477.560563044835 29.685301617666546 0.4186610447445487 9.292364135515773e-05
1 45 3477.560563044835 29.685301617666546 0.4186610447445487 9.292364135515773e-05
1 46 3480.251804871302 29.09655722489993 0.2545323536215639 7.966072946072314e-05
1 47 3480.251804871302 29.09655722489993 0.2545323536215639 7.966072946072314e-05
1 48 3480.251804871302 29.09655722489993 0.2545323536215639 7.966072946072314e-05
1 49 3480.251804871302 29.09655722489993 0.2545323536215639 7.966072946072314e-05
1 50 3480.251804871302 29.09655722489993 0.2545323536215639 7.966072946072314e-05
1 51 3480.251804871302 29.09655722489993 0.2545323536215639 7.966072946072314e-05
1 52 3480.251804871302 29.09655722489993 0.2545323536215639 7.966072946072314e-05
1 53 3480.251804871302 29.09655722489993 0.2545323536215639 7.966072946072314e-05
1 54 3480.542354059112 28.720991396610458 0.2810736655800613 7.822285380153891e-05
1 55 3480.542354059112 28.720991396610458 0.2810736655800613 7.822285380153891e-05
2 0 1808.5710015356933 20.009381877307916 0.3117427108385439 9.506939232022064e-05
2 1 1808.5710015356933 20.009381877307916 0.3117427108385439 9.506939232022064e-05
2 2 1813.6056759776136 20.337931961455126 0.31383070902558685 9.590387259832517e-05
2 3 1813.6056759776136 20.337931961455126 0.31383070902558685 9.590387259832517e-05
2 4 1813.6056759776136 20.337931961455126 0.31383070902558685 9.590387259832517e-05
2 5 1813.6056759776136 20.337931961455126 0.31383070902558685 9.590387259832517e-05
2 6 1813.6056759776136 20.337931961455126 0.31383070902558685 9.590387259832517e-05
2 7 1813.6056759776136 20.337931961455126 0.31383070902558685 9.590387259832517e-05
2 8 1809.8340765846401 20.005870314524586 0.29451339053050574 9.33540785949304e-05
2 9 1809.8340765846401 20.005870314524586 0.29451339053050574 9.33540785949304e-05
2 10 1809.8340765846401 20.005870314524586 0.29451339053050574 9.33540785949304e-05
2 11 1809.8340765846401 20.005870314524586 0.29451339053050574 9.33540785949304e-05
2 12 1809.8340765846401 20.005870314524586 0.29451339053050574 9.33540785949304e-05
2 13 1809.8340765846401 20.005870314524586 0.29451339053050574 9.33540785949304e-05
2 14 1819.129245447933 21.168491756695524 0.30161204309157225 9.208916872022154e-05
2 15 1819.129245447933 21.168491756695524 0.30161204309157225 9.208916872022154e-05
2 16 1819.129245447933 21.168491756695524 0.30161204309157225 9.208916872022154e-05
2 17 1819.129245447933 21.168491756695524 0.30161204309157225 9.208916872022154e-05
2 18 1819.129245447933 21.168491756695524 0.30161204309157225 9.208916872022154e-05
2 19 1809.4475211133927 20.003196110949837 0.29137501818622563 8.978331226156768e-05
2 20 1809.4475211133927 20.003196110949837 0.29137501818622563 8.978331226156768e-05
2 21 1809.4475211133927 20.003196110949837 0.29137501818622563 8.978331226156768e-05
2 22 1809.4475211133927 20.003196110949837 0.29137501818622563 8.978331226156768e-05
2 23 1809.4475211133927 20.003196110949837 0.29137501818622563 8.978331226156768e-05
2 24 1809.4475211133927 20.003196110949837 0.29137501818622563 8.978331226156768e-05
2 25 1809.9561771065578 20.020443723910063 0.30479073164816184 9.158926027847932e-05
2 26 1809.9561771065578 20.020443723910063 0.30479073164816184 9.158926027847932e-05
2 27 1809.9561771065578 20.020443723910063 0.30479073164816184 9.158926027847932e-05
2 28 1809.9561771065578 20.020443723910063 0.30479073164816184 9.158926027847932e-05
2 29 1809.9561771065578 20.020443723910063 0.30479073164816184 9.158926027847932e-05
2 30 1809.3247316569514 20.00717476969468 0.3033017014026027 9.244681325319476e-05
2 31 1809.3247316569514 20.00717476969468 0.3033017014026027 9.244681325319476e-05
2 32 1809.3247316569514 20.00717476969468 0.3033017014026027 9.244681325319476e-05
2 33 1809.3247316569514 20.00717476969468 0.3033017014026027 9.244681325319476e-05
2 34 1809.319309159592 19.782949406980933 0.31306593430566376 9.149312964171631e-05
2 35 1809.319309159592 19.782949406980933 0.31306593430566376 9.149312964171631e-05
2 36 1809.319309159592 19.782949406980933 0.31306593430566376 9.149312964171631e-05
2 37 1809.319309159592 19.782949406980933 0.31306593430566376 9.149312964171631e-05
2 38 1809.319309159592 19.782949406980933 0.31306593430566376 9.149312964171631e-05
2 39 1809.319309159592 19.782949406980933 0.31306593430566376 9.149312964171631e-05
2 40 1809.385080385906 20.008367252922582 0.30590909619982265 9.125471408452474e-05
2 41 1809.385080385906 20.008367252922582 0.30590909619982265 9.125471408452474e-05
2 42 1809.385080385906 20.008367252922582 0.30590909619982265 9.125471408452474e-05
2 43 1809.385080385906 20.008367252922582 0.30590909619982265 9.125471408452474e-05
2 44 1809.385080385906 20.008367252922582 0.30590909619982265 9.125471408452474e-05
2 45 1809.385080385906 20.008367252922582 0.30590909619982265 9.125471408452474e-05
2 46 1809.226735033615 20.026388987416514 0.30342014113979376 9.125471134904768e-05
2 47 1809.226735033615 20.026388987416514 0.30342014113979376 9.125471134904768e-05
2 48 1809.226735033615 20.026388987416514 0.30342014113979376 9.125471134904768e-05
2 49 1809.226735033615 20.026388987416514 0.30342014113979376 9.125471134904768e-05
2 50 1809.226735033615 20.026388987416514 0.30342014113979376 9.125471134904768e-05
2 51 1809.226735033615 20.026388987416514 0.30342014113979376 9.125471134904768e-05
2 52 1809.226735033615 20.026388987416514 0.30342014113979376 9.125471134904768e-05
2 53 1809.226735033615 20.026388987416514 0.30342014113979376 9.125471134904768e-05
2 54 1808.8149956283203 19.718292707606494 0.3064850284719922 9.518864706198972e-05
2 55 1808.8149956283203 19.718292707606494 0.3064850284719922 9.518864706198972e-05
3 0 1039.5784703096417 22.557151098419467 0.3022588941223311 8.851282190514671e-05
3 1 1039.5784703096417 22.557151098419467 0.3022588941223311 8.851282190514671e-05
3 2 1039.69835420017 22.459806552222865 0.30430496368936644 8.9108944771834e-05
3 3 1039.69835420017 22.459806552222865 0.30430496368936644 8.9108944771834e-05
3 4 1039.69835420017 22.459806552222865 0.30430496368936644 8.9108944771834e-05
3 5 1039.69835420017 22.459806552222865 0.30430496368936644 8.9108944771834e-05
3 6 1039.69835420017 22.459806552222865 0.30430496368936644 8.9108944771834e-05
3 7 1039.69835420017 22.459806552222865 0.30430496368936644 8.9108944771834e-05
3 8 1039.6488135425625 22.516015712087544 0.3029835619886048 9.042001464457015e-05
3 9 1039.6488135425625 22.516015712087544 0.3029835619886048 9.042001464457015e-05
3 10 1039.6488135425625 22.516015712087544 0.3029835619886048 9.042001464457015e-05
3 11 1039.6488135425625 22.516015712087544 0.3029835619886048 9.042001464457015e-05
3 12 1039.6488135425625 22.516015712087544 0.3029835619886048 9.042001464457015e-05
3 13 1039.6488135425625 22.516015712087544 0.3029835619886048 9.042001464457015e-05
3 14 1039.5477018377978 22.46033185290284 0.2988400804594843 8.851272407477481e-05
3 15 1039.5477018377978 22.46033185290284 0.2988400804594843 8.851272407477481e-05
3 16 1039.5477018377978 22.46033185290284 0.2988400804594843 8.851272407477481e-05
3 17 1039.5477018377978 22.46033185290284 0.2988400804594843 8.851272407477481e-05
3 18 1039.5477018377978 22.46033185290284 0.2988400804594843 8.851272407477481e-05
3 19 1039.52020000419 22.488266396757048 0.30072429556304126 9.101629304919325e-05
3 20 1039.52020000419 22.488266396757048 0.30072429556304126 9.101629304919325e-05
3 21 1039.52020000419 22.488266396757048 0.30072429556304126 9.101629304919325e-05
3 22 1039.52020000419 22.488266396757048 0.30072429556304126 9.101629304919325e-05
3 23 1039.52020000419 22.488266396757048 0.30072429556304126 9.101629304919325e-05
3 24 1039.52020000419 22.488266396757048 0.30072429556304126 9.101629304919325e-05
3 25 1039.5190647882334 22.559876393637538 0.30472918734115906 8.839369473922766e-05
3 26 1039.5190647882334 22.559876393637538 0.30472918734115906 8.839369473922766e-05
3 27 1039.5190647882334 22.559876393637538 0.30472918734115906 8.839369473922766e-05
3 28 1039.5190647882334 22.559876393637538 0.30472918734115906 8.839369473922766e-05
3 29 1039.5190647882334 22.559876393637538 0.30472918734115906 8.839369473922766e-05
3 30 1039.781421523604 22.505884640860597 0.3029970144603711 9.065884515011341e-05
3 31 1039.781421523604 22.505884640860597 0.3029970144603711 9.065884515011341e-05
3 32 1039.781421523604 22.505884640860597 0.3029970144603711 9.065884515011341e-05
3 33 1039.781421523604 22.505884640860597 0.3029970144603711 9.065884515011341e-05
3 34 1039.3277771641208 22.539432676803923 0.30471144468343747 8.982419966553176e-05
3 35 1039.3277771641208 22.539432676803923 0.30471144468343747 8.982419966553176e-05
3 36 1039.3277771641208 22.539432676803923 0.30471144468343747 8.982419966553176e-05
3 37 1039.3277771641208 22.539432676803923 0.30471144468343747 8.982419966553176e-05
3 38 1039.3277771641208 22.539432676803923 0.30471144468343747 8.982419966553176e-05
3 39 1039.3277771641208 22.539432676803923 0.30471144468343747 8.982419966553176e-05
3 40 1039.3900232901174 22.533098108521877 0.3018872150973239 8.98200463676926e-05
3 41 1039.3900232901174 22.533098108521877 0.3018872150973239 8.98200463676926e-05
3 42 1039.3900232901174 22.533098108521877 0.3018872150973239 8.98200463676926e-05
3 43 1039.3900232901174 22.533098108521877 0.3018872150973239 8.98200463676926e-05
3 44 1039.3900232901174 22.533098108521877 0.3018872150973239 8.98200463676926e-05
3 45 1039.3900232901174 22.533098108521877 0.3018872150973239 8.98200463676926e-05
3 46 1039.4208595356897 22.48276033898744 0.30053134996301645 9.16962093498826e-05
3 47 1039.4208595356897 22.48276033898744 0.30053134996301645 9.16962093498826e-05
3 48 1039.4208595356897 22.48276033898744 0.30053134996301645 9.16962093498826e-05
3 49 1039.4208595356897 22.48276033898744 0.30053134996301645 9.16962093498826e-05
3 50 1039.4208595356897 22.48276033898744 0.30053134996301645 9.16962093498826e-05
3 51 1039.4208595356897 22.48276033898744 0.30053134996301645 9.16962093498826e-05
3 52 1039.4208595356897 22.48276033898744 0.30053134996301645 9.16962093498826e-05
3 53 1039.4208595356897 22.48276033898744 0.30053134996301645 9.16962093498826e-05
3 54 1039.4275159367503 22.477230280242708 0.30070640371290047 9.164326792750712e-05
3 55 1039.4275159367503 22.477230280242708 0.30070640371290047 9.164326792750712e-05
4 0 494.58991759073774 23.766098561722558 0.29801300656166735 9.316205997034768e-05
4 1 494.58991759073774 23.766098561722558 0.29801300656166735 9.316205997034768e-05
4 2 494.88511066390447 23.77393917696564 0.29858032841341875 9.387731557433958e-05
4 3 494.88511066390447 23.77393917696564 0.29858032841341875 9.387731557433958e-05
4 4 494.88511066390447 23.77393917696564 0.29858032841341875 9.387731557433958e-05
4 5 494.88511066390447 23.77393917696564 0.29858032841341875 9.387731557433958e-05
4 6 494.88511066390447 23.77393917696564 0.29858032841341875 9.387731557433958e-05
4 7 494.88511066390447 23.77393917696564 0.29858032841341875 9.387731557433958e-05
4 8 485.9604000796289 24.219975170349734 0.47729688885372856 4.8100949473602094e-05
4 9 485.9604000796289 24.219975170349734 0.47729688885372856 4.8100949473602094e-05
4 10 485.9604000796289 24.219975170349734 0.47729688885372856 4.8100949473602094e-05
4 11 485.9604000796289 24.219975170349734 0.47729688885372856 4.8100949473602094e-05
4 12 485.9604000796289 24.219975170349734 0.47729688885372856 4.8100949473602094e-05
4 13 485.9604000796289 24.219975170349734 0.47729688885372856 4.8100949473602094e-05
4 14 494.15522274865623 23.860494753441806 0.2760502462635108 8.600950242217692e-05
4 15 494.15522274865623 23.860494753441806 0.2760502462635108 8.600950242217692e-05
4 16 494.15522274865623 23.860494753441806 0.2760502462635108 8.600950242217692e-05
4 17 494.15522274865623 23.860494753441806 0.2760502462635108 8.600950242217692e-05
4 18 494.15522274865623 23.860494753441806 0.2760502462635108 8.600950242217692e-05
4 19 483.6277839119947 23.123589489338954 0.3687837634903454 8.927006982062415e-05
4 20 483.6277839119947 23.123589489338954 0.3687837634903454 8.927006982062415e-05
4 21 483.6277839119947 23.123589489338954 0.3687837634903454 8.927006982062415e-05
4 22 483.6277839119947 23.123589489338954 0.3687837634903454 8.927006982062415e-05
4 23 483.6277839119947 23.123589489338954 0.3687837634903454 8.927006982062415e-05
4 24 483.6277839119947 23.123589489338954 0.3687837634903454 8.927006982062415e-05
4 25 494.8770025947566 23.746502797648503 0.2825417893573107 9.387731552318371e-05
4 26 494.8770025947566 23.746502797648503 0.2825417893573107 9.387731552318371e-05
4 27 494.8770025947566 23.746502797648503 0.2825417893573107 9.387731552318371e-05
4 28 494.8770025947566 23.746502797648503 0.2825417893573107 9.387731552318371e-05
4 29 494.8770025947566 23.746502797648503 0.2825417893573107 9.387731552318371e-05
4 30 493.80258163537735 23.744615658312394 0.2912143428314937 9.697675685365663e-05
4 31 493.80258163537735 23.744615658312394 0.2912143428314937 9.697675685365663e-05
4 32 493.80258163537735 23.744615658312394 0.2912143428314937 9.697675685365663e-05
4 33 493.80258163537735 23.744615658312394 0.2912143428314937 9.697675685365663e-05
4 34 494.14056891870604 23.790693840740207 0.2972948903571633 9.39110731338206e-05
4 35 494.14056891870604 23.790693840740207 0.2972948903571633 9.39110731338206e-05
4 36 494.14056891870604 23.790693840740207 0.2972948903571633 9.39110731338206e-05
4 37 494.14056891870604 23.790693840740207 0.2972948903571633 9.39110731338206e-05
4 38 494.14056891870604 23.790693840740207 0.2972948903571633 9.39110731338206e-05
4 39 494.14056891870604 23.790693840740207 0.2972948903571633 9.39110731338206e-05
4 40 480.97526278082705 23.90615706031848 0.40000486046127903 9.323116884029292e-05
4 41 480.97526278082705 23.90615706031848 0.40000486046127903 9.323116884029292e-05
4 42 480.97526278082705 23.90615706031848 0.40000486046127903 9.323116884029292e-05
4 43 480.97526278082705 23.90615706031848 0.40000486046127903 9.323116884029292e-05
4 44 480.97526278082705 23.90615706031848 0.40000486046127903 9.323116884029292e-05
4 45 480.97526278082705 23.90615706031848 0.40000486046127903 9.323116884029292e-05
4 46 505.1239964465195 22.41187718117797 0.3054618244635653 9.399653924591685e-05
4 47 505.1239964465195 22.41187718117797 0.3054618244635653 9.399653924591685e-05
4 48 505.1239964465195 22.41187718117797 0.3054618244635653 9.399653924591685e-05
4 49 505.1239964465195 22.41187718117797 0.3054618244635653 9.399653924591685e-05
4 50 505.1239964465195 22.41187718117797 0.3054618244635653 9.399653924591685e-05
4 51 505.1239964465195 22.41187718117797 0.3054618244635653 9.399653924591685e-05
4 52 505.1239964465195 22.41187718117797 0.3054618244635653 9.399653924591685e-05
4 53 505.1239964465195 22.41187718117797 0.3054618244635653 9.399653924591685e-05
4 54 494.4044287638834 23.80305372154669 0.2902044825360507 9.208917521419364e-05
4 55 494.4044287638834 23.80305372154669 0.2902044825360507 9.208917521419364e-05
5 0 553.0293795752068 23.377192237789565 0.27541033412391724 0.00011867284602049969
5 1 553.0293795752068 23.377192237789565 0.27541033412391724 0.00011867284602049969
5 2 502.29234274313603 26.382395624889483 1.0994135617495566 9.613215207404432e-05
5 3 502.29234274313603 26.382395624889483 1.0994135617495566 9.613215207404432e-05
5 4 502.29234274313603 26.382395624889483 1.0994135617495566 9.613215207404432e-05
5 5 502.29234274313603 26.382395624889483 1.0994135617495566 9.613215207404432e-05
5 6 502.29234274313603 26.382395624889483 1.0994135617495566 9.613215207404432e-05
5 7 502.29234274313603 26.382395624889483 1.0994135617495566 9.613215207404432e-05
5 8 502.16119746105 25.303909357657133 0.9210055260540932 0.00011545419671428274
5 9 502.16119746105 25.303909357657133 0.9210055260540932 0.00011545419671428274
5 10 502.16119746105 25.303909357657133 0.9210055260540932 0.00011545419671428274
5 11 502.16119746105 25.303909357657133 0.9210055260540932 0.00011545419671428274
5 12 502.16119746105 25.303909357657133 0.9210055260540932 0.00011545419671428274
5 13 502.16119746105 25.303909357657133 0.9210055260540932 0.00011545419671428274
5 14 504.110456263218 22.892375145707774 0.06397131288117641 9.493667167875365e-05
5 15 504.110456263218 22.892375145707774 0.06397131288117641 9.493667167875365e-05
5 16 504.110456263218 22.892375145707774 0.06397131288117641 9.493667167875365e-05
5 17 504.110456263218 22.892375145707774 0.06397131288117641 9.493667167875365e-05
5 18 504.110456263218 22.892375145707774 0.06397131288117641 9.493667167875365e-05
5 19 561.4220967587511 23.322948554416065 0.3018916423484453 9.435415299328728e-05
5 20 561.4220967587511 23.322948554416065 0.3018916423484453 9.435415299328728e-05
5 21 561.4220967587511 23.322948554416065 0.3018916423484453 9.435415299328728e-05
5 22 561.4220967587511 23.322948554416065 0.3018916423484453 9.435415299328728e-05
5 23 561.4220967587511 23.322948554416065 0.3018916423484453 9.435415299328728e-05
5 24 561.4220967587511 23.322948554416065 0.3018916423484453 9.435415299328728e-05
5 25 562.6327973230109 23.181090069837527 0.30133098179513973 9.089707743687747e-05
5 26 562.6327973230109 23.181090069837527 0.30133098179513973 9.089707743687747e-05
5 27 562.6327973230109 23.181090069837527 0.30133098179513973 9.089707743687747e-05
5 28 562.6327973230109 23.181090069837527 0.30133098179513973 9.089707743687747e-05
5 29 562.6327973230109 23.181090069837527 0.30133098179513973 9.089707743687747e-05
5 30 557.1591007383613 23.487108001045097 0.2996142135781886 9.721517386133207e-05
5 31 557.1591007383613 23.487108001045097 0.2996142135781886 9.721517386133207e-05
5 32 557.1591007383613 23.487108001045097 0.2996142135781886 9.721517386133207e-05
5 33 557.1591007383613 23.487108001045097 0.2996142135781886 9.721517386133207e-05
5 34 554.3548996014393 24.661764774408823 0.5136222284823185 9.185077391964856e-05
5 35 554.3548996014393 24.661764774408823 0.5136222284823185 9.185077391964856e-05
5 36 554.3548996014393 24.661764774408823 0.5136222284823185 9.185077391964856e-05
5 37 554.3548996014393 24.661764774408823 0.5136222284823185 9.185077391964856e-05
5 38 554.3548996014393 24.661764774408823 0.5136222284823185 9.185077391964856e-05
5 39 554.3548996014393 24.661764774408823 0.5136222284823185 9.185077391964856e-05
5 40 500.9039298087962 24.47810773076821 0.6786793428668474 8.481496207780346e-05
5 41 500.9039298087962 24.47810773076821 0.6786793428668474 8.481496207780346e-05
5 42 500.9039298087962 24.47810773076821 0.6786793428668474 8.481496207780346e-05
5 43 500.9039298087962 24.47810773076821 0.6786793428668474 8.481496207780346e-05
5 44 500.9039298087962 24.47810773076821 0.6786793428668474 8.481496207780346e-05
5 45 500.9039298087962 24.47810773076821 0.6786793428668474 8.481496207780346e-05
5 46 560.3095049344415 23.39291307162263 0.2886603347048075 9.387731535780763e-05
5 47 560.3095049344415 23.39291307162263 0.2886603347048075 9.387731535780763e-05
5 48 560.3095049344415 23.39291307162263 0.2886603347048075 9.387731535780763e-05
5 49 560.3095049344415 23.39291307162263 0.2886603347048075 9.387731535780763e-05
5 50 560.3095049344415 23.39291307162263 0.2886603347048075 9.387731535780763e-05
5 51 560.3095049344415 23.39291307162263 0.2886603347048075 9.387731535780763e-05
5 52 560.3095049344415 23.39291307162263 0.2886603347048075 9.387731535780763e-05
5 53 560.3095049344415 23.39291307162263 0.2886603347048075 9.387731535780763e-05
5 54 560.6375017899567 23.45693259542016 0.2983704146382205 8.708237961948108e-05
5 55 560.6375017899567 23.45693259542016 0.2983704146382205 8.708237961948108e-05
6 0 381.57724586406783 22.51873437539811 0.3104344348067536 9.211919498330735e-05
6 1 381.57724586406783 22.51873437539811 0.3104344348067536 9.211919498330735e-05
6 2 381.65276040125605 22.21169768465205 0.30445384864236114 9.101628926741113e-05
6 3 381.65276040125605 22.21169768465205 0.30445384864236114 9.101628926741113e-05
6 4 381.65276040125605 22.21169768465205 0.30445384864236114 9.101628926741113e-05
6 5 381.65276040125605 22.21169768465205 0.30445384864236114 9.101628926741113e-05
6 6 381.65276040125605 22.21169768465205 0.30445384864236114 9.101628926741113e-05
6 7 381.65276040125605 22.21169768465205 0.30445384864236114 9.101628926741113e-05
6 8 381.5705646444128 22.534845450469803 0.3123795638180269 9.280443044824728e-05
6 9 381.5705646444128 22.534845450469803 0.3123795638180269 9.280443044824728e-05
6 10 381.5705646444128 22.534845450469803 0.3123795638180269 9.280443044824728e-05
6 11 381.5705646444128 22.534845450469803 0.3123795638180269 9.280443044824728e-05
6 12 381.5705646444128 22.534845450469803 0.3123795638180269 9.280443044824728e-05
6 13 381.5705646444128 22.534845450469803 0.3123795638180269 9.280443044824728e-05
6 14 381.5459808635719 22.54073433014686 0.3299008655154191 9.149313217613077e-05
6 15 381.5459808635719 22.54073433014686 0.3299008655154191 9.149313217613077e-05
6 16 381.5459808635719 22.54073433014686 0.3299008655154191 9.149313217613077e-05
6 17 381.5459808635719 22.54073433014686 0.3299008655154191 9.149313217613077e-05
6 18 381.5459808635719 22.54073433014686 0.3299008655154191 9.149313217613077e-05
6 19 381.5832865314729 22.517620464084843 0.30861812007787437 9.30428504926681e-05
6 20 381.5832865314729 22.517620464084843 0.30861812007787437 9.30428504926681e-05
6 21 381.5832865314729 22.517620464084843 0.30861812007787437 9.30428504926681e-05
6 22 381.5832865314729 22.517620464084843 0.30861812007787437 9.30428504926681e-05
6 23 381.5832865314729 22.517620464084843 0.30861812007787437 9.30428504926681e-05
6 24 381.5832865314729 22.517620464084843 0.30861812007787437 9.30428504926681e-05
6 25 381.6108339399453 22.530491403243033 0.3050894960983113 9.077785230267386e-05
6 26 381.6108339399453 22.530491403243033 0.3050894960983113 9.077785230267386e-05
6 27 381.6108339399453 22.530491403243033 0.3050894960983113 9.077785230267386e-05
6 28 381.6108339399453 22.530491403243033 0.3050894960983113 9.077785230267386e-05
6 29 381.6108339399453 22.530491403243033 0.3050894960983113 9.077785230267386e-05
6 30 381.54181207194813 22.555121354729483 0.32558621949006405 9.032229322200323e-05
6 31 381.54181207194813 22.555121354729483 0.32558621949006405 9.032229322200323e-05
6 32 381.54181207194813 22.555121354729483 0.32558621949006405 9.032229322200323e-05
6 33 381.54181207194813 22.555121354729483 0.32558621949006405 9.032229322200323e-05
6 34 381.5887618846415 22.51598592126164 0.3082185300054151 9.077615358013419e-05
6 35 381.5887618846415 22.51598592126164 0.3082185300054151 9.077615358013419e-05
6 36 381.5887618846415 22.51598592126164 0.3082185300054151 9.077615358013419e-05
6 37 381.5887618846415 22.51598592126164 0.3082185300054151 9.077615358013419e-05
6 38 381.5887618846415 22.51598592126164 0.3082185300054151 9.077615358013419e-05
6 39 381.5887618846415 22.51598592126164 0.3082185300054151 9.077615358013419e-05
6 40 381.6216867446975 22.24212959873754 0.29808783401697225 9.042024607445635e-05
6 41 381.6216867446975 22.24212959873754 0.29808783401697225 9.042024607445635e-05
6 42 381.6216867446975 22.24212959873754 0.29808783401697225 9.042024607445635e-05
6 43 381.6216867446975 22.24212959873754 0.29808783401697225 9.042024607445635e-05
6 44 381.6216867446975 22.24212959873754 0.29808783401697225 9.042024607445635e-05
6 45 381.6216867446975 22.24212959873754 0.29808783401697225 9.042024607445635e-05
6 46 381.5605187419027 22.50655073926463 0.31742353437383625 9.161233763999247e-05
6 47 381.5605187419027 22.50655073926463 0.31742353437383625 9.161233763999247e-05
6 48 381.5605187419027 22.50655073926463 0.31742353437383625 9.161233763999247e-05
6 49 381.5605187419027 22.50655073926463 0.31742353437383625 9.161233763999247e-05
6 50 381.5605187419027 22.50655073926463 0.31742353437383625 9.161233763999247e-05
6 51 381.5605187419027 22.50655073926463 0.31742353437383625 9.161233763999247e-05
6 52 381.5605187419027 22.50655073926463 0.31742353437383625 9.161233763999247e-05
6 53 381.5605187419027 22.50655073926463 0.31742353437383625 9.161233763999247e-05
6 54 381.61627145140045 22.220076623087778 0.3218289935007223 9.185062862021037e-05
6 55 381.61627145140045 22.220076623087778 0.3218289935007223 9.185062862021037e-05
7 0 299.77397111768573 20.63314103085655 0.30919712185253156 9.043754489570778e-05
7 1 299.77397111768573 20.63314103085655 0.30919712185253156 9.043754489570778e-05
7 2 300.0304956059282 21.296159819935085 0.3065862231535519 9.081698831861761e-05
7 3 300.0304956059282 21.296159819935085 0.3065862231535519 9.081698831861761e-05
7 4 300.0304956059282 21.296159819935085 0.3065862231535519 9.081698831861761e-05
7 5 300.0304956059282 21.296159819935085 0.3065862231535519 9.081698831861761e-05
7 6 300.0304956059282 21.296159819935085 0.3065862231535519 9.081698831861761e-05
7 7 300.0304956059282 21.296159819935085 0.3065862231535519 9.081698831861761e-05
7 8 300.0252730609725 21.288562969647074 0.30665777322862553 9.089684586744432e-05
7 9 300.0252730609725 21.288562969647074 0.30665777322862553 9.089684586744432e-05
7 10 300.0252730609725 21.288562969647074 0.30665777322862553 9.089684586744432e-05
7 11 300.0252730609725 21.288562969647074 0.30665777322862553 9.089684586744432e-05
7 12 300.0252730609725 21.288562969647074 0.30665777322862553 9.089684586744432e-05
7 13 300.0252730609725 21.288562969647074 0.30665777322862553 9.089684586744432e-05
7 14 300.0272669577623 21.294334025455672 0.30643242069142096 9.08970743045223e-05
7 15 300.0272669577623 21.294334025455672 0.30643242069142096 9.08970743045223e-05
7 16 300.0272669577623 21.294334025455672 0.30643242069142096 9.08970743045223e-05
7 17 300.0272669577623 21.294334025455672 0.30643242069142096 9.08970743045223e-05
7 18 300.0272669577623 21.294334025455672 0.30643242069142096 9.08970743045223e-05
7 19 300.0270546360217 21.29326428641586 0.3061373679193353 9.087646716343885e-05
7 20 300.0270546360217 21.29326428641586 0.3061373679193353 9.087646716343885e-05
7 21 300.0270546360217 21.29326428641586 0.3061373679193353 9.087646716343885e-05
7 22 300.0270546360217 21.29326428641586 0.3061373679193353 9.087646716343885e-05
7 23 300.0270546360217 21.29326428641586 0.3061373679193353 9.087646716343885e-05
7 24 300.0270546360217 21.29326428641586 0.3061373679193353 9.087646716343885e-05
7 25 299.27520123196877 19.666887134360714 0.31583760331419275 9.411556160037515e-05
7 26 299.27520123196877 19.666887134360714 0.31583760331419275 9.411556160037515e-05
7 27 299.27520123196877 19.666887134360714 0.31583760331419275 9.411556160037515e-05
7 28 299.27520123196877 19.666887134360714 0.31583760331419275 9.411556160037515e-05
7 29 299.27520123196877 19.666887134360714 0.31583760331419275 9.411556160037515e-05
7 30 299.52221407344564 20.53222613932372 0.3091685784273539 9.232726743857713e-05
7 31 299.52221407344564 20.53222613932372 0.3091685784273539 9.232726743857713e-05
7 32 299.52221407344564 20.53222613932372 0.3091685784273539 9.232726743857713e-05
7 33 299.52221407344564 20.53222613932372 0.3091685784273539 9.232726743857713e-05
7 34 299.87853237722345 20.9264521094834 0.3023045372058708 9.077793451222672e-05
7 35 299.87853237722345 20.9264521094834 0.3023045372058708 9.077793451222672e-05
7 36 299.87853237722345 20.9264521094834 0.3023045372058708 9.077793451222672e-05
7 37 299.87853237722345 20.9264521094834 0.3023045372058708 9.077793451222672e-05
7 38 299.87853237722345 20.9264521094834 0.3023045372058708 9.077793451222672e-05
7 39 299.87853237722345 20.9264521094834 0.3023045372058708 9.077793451222672e-05
7 40 299.3678394155973 19.904096463395668 0.3693523923065136 8.986683576355276e-05
7 41 299.3678394155973 19.904096463395668 0.3693523923065136 8.986683576355276e-05
7 42 299.3678394155973 19.904096463395668 0.3693523923065136 8.986683576355276e-05
7 43 299.3678394155973 19.904096463395668 0.3693523923065136 8.986683576355276e-05
7 44 299.3678394155973 19.904096463395668 0.3693523923065136 8.986683576355276e-05
7 45 299.3678394155973 19.904096463395668 0.3693523923065136 8.986683576355276e-05
7 46 299.97476353732145 21.12882576595244 0.3054854628549243 9.089708307086545e-05
7 47 299.97476353732145 21.12882576595244 0.3054854628549243 9.089708307086545e-05
7 48 299.97476353732145 21.12882576595244 0.3054854628549243 9.089708307086545e-05
7 49 299.97476353732145 21.12882576595244 0.3054854628549243 9.089708307086545e-05
7 50 299.97476353732145 21.12882576595244 0.3054854628549243 9.089708307086545e-05
7 51 299.97476353732145 21.12882576595244 0.3054854628549243 9.089708307086545e-05
7 52 299.97476353732145 21.12882576595244 0.3054854628549243 9.089708307086545e-05
7 53 299.97476353732145 21.12882576595244 0.3054854628549243 9.089708307086545e-05
7 54 300.03053229677346 21.292107219079774 0.3064258436542454 9.089706587154286e-05
7 55 300.03053229677346 21.292107219079774 0.3064258436542454 9.089706587154286e-05
8 0 254.11811446772768 21.093911652573603 0.3058486631663678 9.065866434855917e-05
8 1 254.11811446772768 21.093911652573603 0.3058486631663678 9.065866434855917e-05
8 2 254.09972417001336 20.896146620970427 0.3090968252556381 9.042033443507153e-05
8 3 254.09972417001336 20.896146620970427 0.3090968252556381 9.042033443507153e-05
8 4 254.09972417001336 20.896146620970427 0.3090968252556381 9.042033443507153e-05
8 5 254.09972417001336 20.896146620970427 0.3090968252556381 9.042033443507153e-05
8 6 254.09972417001336 20.896146620970427 0.3090968252556381 9.042033443507153e-05
8 7 254.09972417001336 20.896146620970427 0.3090968252556381 9.042033443507153e-05
8 8 254.1295257398228 21.203263679309444 0.3044828885641303 9.053947614758533e-05
8 9 254.1295257398228 21.203263679309444 0.3044828885641303 9.053947614758533e-05
8 10 254.1295257398228 21.203263679309444 0.3044828885641303 9.053947614758533e-05
8 11 254.1295257398228 21.203263679309444 0.3044828885641303 9.053947614758533e-05
8 12 254.1295257398228 21.203263679309444 0.3044828885641303 9.053947614758533e-05
8 13 254.1295257398228 21.203263679309444 0.3044828885641303 9.053947614758533e-05
8 14 254.123155706889 21.14699888779024 0.3033842383398144 9.053955324258013e-05
8 15 254.123155706889 21.14699888779024 0.3033842383398144 9.053955324258013e-05
8 16 254.123155706889 21.14699888779024 0.3033842383398144 9.053955324258013e-05
8 17 254.123155706889 21.14699888779024 0.3033842383398144 9.053955324258013e-05
8 18 254.123155706889 21.14699888779024 0.3033842383398144 9.053955324258013e-05
8 19 254.09515025916056 21.563948782409092 0.30177278351296316 9.114615687279347e-05
8 20 254.09515025916056 21.563948782409092 0.30177278351296316 9.114615687279347e-05
8 21 254.09515025916056 21.563948782409092 0.30177278351296316 9.114615687279347e-05
8 22 254.09515025916056 21.563948782409092 0.30177278351296316 9.114615687279347e-05
8 23 254.09515025916056 21.563948782409092 0.30177278351296316 9.114615687279347e-05
8 24 254.09515025916056 21.563948782409092 0.30177278351296316 9.114615687279347e-05
8 25 254.14973511610805 21.165025917816997 0.3037799722580742 9.108963445125784e-05
8 26 254.14973511610805 21.165025917816997 0.3037799722580742 9.108963445125784e-05
8 27 254.14973511610805 21.165025917816997 0.3037799722580742 9.108963445125784e-05
8 28 254.14973511610805 21.165025917816997 0.3037799722580742 9.108963445125784e-05
8 29 254.14973511610805 21.165025917816997 0.3037799722580742 9.108963445125784e-05
8 30 253.9326539519862 20.319009847540862 0.29069163782597807 9.089708308943368e-05
8 31 253.9326539519862 20.319009847540862 0.29069163782597807 9.089708308943368e-05
8 32 253.9326539519862 20.319009847540862 0.29069163782597807 9.089708308943368e-05
8 33 253.9326539519862 20.319009847540862 0.29069163782597807 9.089708308943368e-05
8 34 254.06960230570917 21.108798692657473 0.29691052609760793 9.125454842232371e-05
8 35 254.06960230570917 21.108798692657473 0.29691052609760793 9.125454842232371e-05
8 36 254.06960230570917 21.108798692657473 0.29691052609760793 9.125454842232371e-05
8 37 254.06960230570917 21.108798692657473 0.29691052609760793 9.125454842232371e-05
8 38 254.06960230570917 21.108798692657473 0.29691052609760793 9.125454842232371e-05
8 39 254.06960230570917 21.108798692657473 0.29691052609760793 9.125454842232371e-05
8 40 254.10107935563855 21.36863437303853 0.3029671353513931 9.065866393414835e-05
8 41 254.10107935563855 21.36863437303853 0.3029671353513931 9.065866393414835e-05
8 42 254.10107935563855 21.36863437303853 0.3029671353513931 9.065866393414835e-05
8 43 254.10107935563855 21.36863437303853 0.3029671353513931 9.065866393414835e-05
8 44 254.10107935563855 21.36863437303853 0.3029671353513931 9.065866393414835e-05
8 45 254.10107935563855 21.36863437303853 0.3029671353513931 9.065866393414835e-05
8 46 254.05887220714135 21.329392912188236 0.30387681161921154 9.077787900541647e-05
8 47 254.05887220714135 21.329392912188236 0.30387681161921154 9.077787900541647e-05
8 48 254.05887220714135 21.329392912188236 0.30387681161921154 9.077787900541647e-05
8 49 254.05887220714135 21.329392912188236 0.30387681161921154 9.077787900541647e-05
8 50 254.05887220714135 21.329392912188236 0.30387681161921154 9.077787900541647e-05
8 51 254.05887220714135 21.329392912188236 0.30387681161921154 9.077787900541647e-05
8 52 254.05887220714135 21.329392912188236 0.30387681161921154 9.077787900541647e-05
8 53 254.05887220714135 21.329392912188236 0.30387681161921154 9.077787900541647e-05
8 54 254.06939877895653 20.96724938550704 0.295458904353267 9.06586470946294e-05
8 55 254.06939877895653 20.96724938550704 0.295458904353267 9.06586470946294e-05
9 0 250.81231065462399 12.433983566266882 0.2772710665866783 0.0001233220708778518
9 1 250.81231065462399 12.433983566266882 0.2772710665866783 0.0001233220708778518
9 2 239.66678025133004 16.186321258042724 0.07116920995637385 0.00011509656016427315
9 3 239.66678025133004 16.186321258042724 0.07116920995637385 0.00011509656016427315
9 4 239.66678025133004 16.186321258042724 0.07116920995637385 0.00011509656016427315
9 5 239.66678025133004 16.186321258042724 0.07116920995637385 0.00011509656016427315
9 6 239.66678025133004 16.186321258042724 0.07116920995637385 0.00011509656016427315
9 7 239.66678025133004 16.186321258042724 0.07116920995637385 0.00011509656016427315
9 8 245.13652934727912 11.256858047307716 0.14458385765217419 8.326225469289787e-05
9 9 245.13652934727912 11.256858047307716 0.14458385765217419 8.326225469289787e-05
9 10 245.13652934727912 11.256858047307716 0.14458385765217419 8.326225469289787e-05
9 11 245.13652934727912 11.256858047307716 0.14458385765217419 8.326225469289787e-05
9 12 245.13652934727912 11.256858047307716 0.14458385765217419 8.326225469289787e-05
9 13 245.13652934727912 11.256858047307716 0.14458385765217419 8.326225469289787e-05
9 14 243.2208383349756 10.404344732321256 0.14143108925123193 9.518861262640415e-05
9 15 243.2208383349756 10.404344732321256 0.14143108925123193 9.518861262640415e-05
9 16 243.2208383349756 10.404344732321256 0.14143108925123193 9.518861262640415e-05
9 17 243.2208383349756 10.404344732321256 0.14143108925123193 9.518861262640415e-05
9 18 243.2208383349756 10.404344732321256 0.14143108925123193 9.518861262640415e-05
9 19 239.66389870045043 16.371765808924994 0.2155955126030275 7.031633946270854e-05
9 20 239.66389870045043 16.371765808924994 0.2155955126030275 7.031633946270854e-05
9 21 239.66389870045043 16.371765808924994 0.2155955126030275 7.031633946270854e-05
9 22 239.66389870045043 16.371765808924994 0.2155955126030275 7.031633946270854e-05
9 23 239.66389870045043 16.371765808924994 0.2155955126030275 7.031633946270854e-05
9 24 239.66389870045043 16.371765808924994 0.2155955126030275 7.031633946270854e-05
9 25 252.60449857457223 13.029418233220358 0.3179339717216919 9.789183138928924e-05
9 26 252.60449857457223 13.029418233220358 0.3179339717216919 9.789183138928924e-05
9 27 252.60449857457223 13.029418233220358 0.3179339717216919 9.789183138928924e-05
9 28 252.60449857457223 13.029418233220358 0.3179339717216919 9.789183138928924e-05
9 29 252.60449857457223 13.029418233220358 0.3179339717216919 9.789183138928924e-05
9 30 248.4128834147495 11.684041221361568 0.2652142086384285 0.00011855363890593537
9 31 248.4128834147495 11.684041221361568 0.2652142086384285 0.00011855363890593537
9 32 248.4128834147495 11.684041221361568 0.2652142086384285 0.00011855363890593537
9 33 248.4128834147495 11.684041221361568 0.2652142086384285 0.00011855363890593537
9 34 240.68262993565173 13.130385129736624 0.3381469171312649 1.7211682756430313e-05
9 35 240.68262993565173 13.130385129736624 0.3381469171312649 1.7211682756430313e-05
9 36 240.68262993565173 13.130385129736624 0.3381469171312649 1.7211682756430313e-05
9 37 240.68262993565173 13.130385129736624 0.3381469171312649 1.7211682756430313e-05
9 38 240.68262993565173 13.130385129736624 0.3381469171312649 1.7211682756430313e-05
9 39 240.68262993565173 13.130385129736624 0.3381469171312649 1.7211682756430313e-05
9 40 245.4731106898711 9.012124860228608 0.2553984143386998 0.0001067519191459882
9 41 245.4731106898711 9.012124860228608 0.2553984143386998 0.0001067519191459882
9 42 245.4731106898711 9.012124860228608 0.2553984143386998 0.0001067519191459882
9 43 245.4731106898711 9.012124860228608 0.2553984143386998 0.0001067519191459882
9 44 245.4731106898711 9.012124860228608 0.2553984143386998 0.0001067519191459882
9 45 245.4731106898711 9.012124860228608 0.2553984143386998 0.0001067519191459882
9 46 248.09810653334594 13.651837273863087 0.26715439164950205 9.971861968834192e-05
9 47 248.09810653334594 13.651837273863087 0.26715439164950205 9.971861968834192e-05
9 48 248.09810653334594 13.651837273863087 0.26715439164950205 9.971861968834192e-05
9 49 248.09810653334594 13.651837273863087 0.26715439164950205 9.971861968834192e-05
9 50 248.09810653334594 13.651837273863087 0.26715439164950205 9.971861968834192e-05
9 51 248.09810653334594 13.651837273863087 0.26715439164950205 9.971861968834192e-05
9 52 248.09810653334594 13.651837273863087 0.26715439164950205 9.971861968834192e-05
9 53 248.09810653334594 13.651837273863087 0.26715439164950205 9.971861968834192e-05
9 54 245.92998331318572 9.69156905208294 0.2847281332082398 9.93609430139089e-05
9 55 245.92998331318572 9.69156905208294 0.2847281332082398 9.93609430139089e-05
10 0 233.75115279410844 7.844867271043789 0.28651161162669125 9.113550171835481e-05
10 1 233.75115279410844 7.844867271043789 0.28651161162669125 9.113550171835481e-05
10 2 234.24037700127866 8.014587971027272 0.39617089420277307 8.100277925134373e-05
10 3 234.24037700127866 8.014587971027272 0.39617089420277307 8.100277925134373e-05
10 4 234.24037700127866 8.014587971027272 0.39617089420277307 8.100277925134373e-05
10 5 234.24037700127866 8.014587971027272 0.39617089420277307 8.100277925134373e-05
10 6 234.24037700127866 8.014587971027272 0.39617089420277307 8.100277925134373e-05
10 7 234.24037700127866 8.014587971027272 0.39617089420277307 8.100277925134373e-05
10 8 238.74500253856976 17.26064816851361 0.31715779204089745 9.541123775108623e-05
10 9 238.74500253856976 17.26064816851361 0.31715779204089745 9.541123775108623e-05
10 10 238.74500253856976 17.26064816851361 0.31715779204089745 9.541123775108623e-05
10 11 238.74500253856976 17.26064816851361 0.31715779204089745 9.541123775108623e-05
10 12 238.74500253856976 17.26064816851361 0.31715779204089745 9.541123775108623e-05
10 13 238.74500253856976 17.26064816851361 0.31715779204089745 9.541123775108623e-05
10 14 234.13641824419113 8.484017186644547 0.45362895292334704 2.25901880525896e-05
10 15 234.13641824419113 8.484017186644547 0.45362895292334704 2.25901880525896e-05
10 16 234.13641824419113 8.484017186644547 0.45362895292334704 2.25901880525896e-05
10 17 234.13641824419113 8.484017186644547 0.45362895292334704 2.25901880525896e-05
10 18 234.13641824419113 8.484017186644547 0.45362895292334704 2.25901880525896e-05
10 19 235.7900948089897 8.356335657253506 0.3550563637219505 0.00011867284774838582
10 20 235.7900948089897 8.356335657253506 0.3550563637219505 0.00011867284774838582
10 21 235.7900948089897 8.356335657253506 0.3550563637219505 0.00011867284774838582
10 22 235.7900948089897 8.356335657253506 0.3550563637219505 0.00011867284774838582
10 23 235.7900948089897 8.356335657253506 0.3550563637219505 0.00011867284774838582
10 24 235.7900948089897 8.356335657253506 0.3550563637219505 0.00011867284774838582
10 25 234.00236603824382 12.427740854281616 0.30440564535275677 0.00011056653203978193
10 26 234.00236603824382 12.427740854281616 0.30440564535275677 0.00011056653203978193
10 27 234.00236603824382 12.427740854281616 0.30440564535275677 0.00011056653203978193
10 28 234.00236603824382 12.427740854281616 0.30440564535275677 0.00011056653203978193
10 29 234.00236603824382 12.427740854281616 0.30440564535275677 0.00011056653203978193
10 30 238.16734017458396 18.5189734809004 0.31996393789575467 9.125476981043475e-05
10 31 238.16734017458396 18.5189734809004 0.31996393789575467 9.125476981043475e-05
10 32 238.16734017458396 18.5189734809004 0.31996393789575467 9.125476981043475e-05
10 33 238.16734017458396 18.5189734809004 0.31996393789575467 9.125476981043475e-05
10 34 233.2757333604988 9.089032847287259 0.378509391556966 0.00011330843011569255
10 35 233.2757333604988 9.089032847287259 0.378509391556966 0.00011330843011569255
10 36 233.2757333604988 9.089032847287259 0.378509391556966 0.00011330843011569255
10 37 233.2757333604988 9.089032847287259 0.378509391556966 0.00011330843011569255
10 38 233.2757333604988 9.089032847287259 0.378509391556966 0.00011330843011569255
10 39 233.2757333604988 9.089032847287259 0.378509391556966 0.00011330843011569255
10 40 238.02099765540436 14.499071275264571 0.33788753315677933 8.29272206975385e-05
10 41 238.02099765540436 14.499071275264571 0.33788753315677933 8.29272206975385e-05
10 42 238.02099765540436 14.499071275264571 0.33788753315677933 8.29272206975385e-05
10 43 238.02099765540436 14.499071275264571 0.33788753315677933 8.29272206975385e-05
10 44 238.02099765540436 14.499071275264571 0.33788753315677933 8.29272206975385e-05
10 45 238.02099765540436 14.499071275264571 0.33788753315677933 8.29272206975385e-05
10 46 233.30541116584848 8.557629715031823 0.3627348626311625 9.137175490930144e-05
10 47 233.30541116584848 8.557629715031823 0.3627348626311625 9.137175490930144e-05
10 48 233.30541116584848 8.557629715031823 0.3627348626311625 9.137175490930144e-05
10 49 233.30541116584848 8.557629715031823 0.3627348626311625 9.137175490930144e-05
10 50 233.30541116584848 8.557629715031823 0.3627348626311625 9.137175490930144e-05
10 51 233.30541116584848 8.557629715031823 0.3627348626311625 9.137175490930144e-05
10 52 233.30541116584848 8.557629715031823 0.3627348626311625 9.137175490930144e-05
10 53 233.30541116584848 8.557629715031823 0.3627348626311625 9.137175490930144e-05
10 54 235.89293300758277 9.710347285983065 0.3935448185214423 7.325596205431679e-05
10 55 235.89293300758277 9.710347285983065 0.3935448185214423 7.325596205431679e-05
11 0 201.35799972734316 15.58525224373458 0.31326095836874635 8.45789911056062e-05
11 1 201.35799972734316 15.58525224373458 0.31326095836874635 8.45789911056062e-05
11 2 201.2076955622316 14.853836451418085 0.3219444433554799 9.578466422197727e-05
11 3 201.2076955622316 14.853836451418085 0.3219444433554799 9.578466422197727e-05
11 4 201.2076955622316 14.853836451418085 0.3219444433554799 9.578466422197727e-05
11 5 201.2076955622316 14.853836451418085 0.3219444433554799 9.578466422197727e-05
11 6 201.2076955622316 14.853836451418085 0.3219444433554799 9.578466422197727e-05
11 7 201.2076955622316 14.853836451418085 0.3219444433554799 9.578466422197727e-05
11 8 201.47143449940683 16.496547377158244 0.32467812032197496 8.434062068980136e-05
11 9 201.47143449940683 16.496547377158244 0.32467812032197496 8.434062068980136e-05
11 10 201.47143449940683 16.496547377158244 0.32467812032197496 8.434062068980136e-05
11 11 201.47143449940683 16.496547377158244 0.32467812032197496 8.434062068980136e-05
11 12 201.47143449940683 16.496547377158244 0.32467812032197496 8.434062068980136e-05
11 13 201.47143449940683 16.496547377158244 0.32467812032197496 8.434062068980136e-05
11 14 201.22980682319854 16.768949296709152 0.28046473537988204 8.780608931149356e-05
11 15 201.22980682319854 16.768949296709152 0.28046473537988204 8.780608931149356e-05
11 16 201.22980682319854 16.768949296709152 0.28046473537988204 8.780608931149356e-05
11 17 201.22980682319854 16.768949296709152 0.28046473537988204 8.780608931149356e-05
11 18 201.22980682319854 16.768949296709152 0.28046473537988204 8.780608931149356e-05
11 19 200.9552333897402 18.16630095384216 0.2843601171660243 8.961369224139525e-05
11 20 200.9552333897402 18.16630095384216 0.2843601171660243 8.961369224139525e-05
11 21 200.9552333897402 18.16630095384216 0.2843601171660243 8.961369224139525e-05
11 22 200.9552333897402 18.16630095384216 0.2843601171660243 8.961369224139525e-05
11 23 200.9552333897402 18.16630095384216 0.2843601171660243 8.961369224139525e-05
11 24 200.9552333897402 18.16630095384216 0.2843601171660243 8.961369224139525e-05
11 25 200.55318592716372 15.371570968459132 0.24628309584413202 9.444727863806862e-05
11 26 200.55318592716372 15.371570968459132 0.24628309584413202 9.444727863806862e-05
11 27 200.55318592716372 15.371570968459132 0.24628309584413202 9.444727863806862e-05
11 28 200.55318592716372 15.371570968459132 0.24628309584413202 9.444727863806862e-05
11 29 200.55318592716372 15.371570968459132 0.24628309584413202 9.444727863806862e-05
11 30 201.09625789244896 16.070275573805233 0.16835083339504076 9.17849452406986e-05
11 31 201.09625789244896 16.070275573805233 0.16835083339504076 9.17849452406986e-05
11 32 201.09625789244896 16.070275573805233 0.16835083339504076 9.17849452406986e-05
11 33 201.09625789244896 16.070275573805233 0.16835083339504076 9.17849452406986e-05
11 34 201.37396940415005 20.262424793818525 0.2827873952804082 9.900259934871774e-05
11 35 201.37396940415005 20.262424793818525 0.2827873952804082 9.900259934871774e-05
11 36 201.37396940415005 20.262424793818525 0.2827873952804082 9.900259934871774e-05
11 37 201.37396940415005 20.262424793818525 0.2827873952804082 9.900259934871774e-05
11 38 201.37396940415005 20.262424793818525 0.2827873952804082 9.900259934871774e-05
11 39 201.37396940415005 20.262424793818525 0.2827873952804082 9.900259934871774e-05
11 40 201.65155661083736 17.961426162557714 0.3336232844240351 8.85128943669673e-05
11 41 201.65155661083736 17.961426162557714 0.3336232844240351 8.85128943669673e-05
11 42 201.65155661083736 17.961426162557714 0.3336232844240351 8.85128943669673e-05
11 43 201.65155661083736 17.961426162557714 0.3336232844240351 8.85128943669673e-05
11 44 201.65155661083736 17.961426162557714 0.3336232844240351 8.85128943669673e-05
11 45 201.65155661083736 17.961426162557714 0.3336232844240351 8.85128943669673e-05
11 46 201.47946161223746 16.768602393615502 0.2979799633503111 9.31620551864633e-05
11 47 201.47946161223746 16.768602393615502 0.2979799633503111 9.31620551864633e-05
11 48 201.47946161223746 16.768602393615502 0.2979799633503111 9.31620551864633e-05
11 49 201.47946161223746 16.768602393615502 0.2979799633503111 9.31620551864633e-05
11 50 201.47946161223746 16.768602393615502 0.2979799633503111 9.31620551864633e-05
11 51 201.47946161223746 16.768602393615502 0.2979799633503111 9.31620551864633e-05
11 52 201.47946161223746 16.768602393615502 0.2979799633503111 9.31620551864633e-05
11 53 201.47946161223746 16.768602393615502 0.2979799633503111 9.31620551864633e-05
11 54 201.41721233338575 15.485656047522994 0.29996448413175525 8.803606031552246e-05
11 55 201.41721233338575 15.485656047522994 0.29996448413175525 8.803606031552246e-05
12 0 217.4358777722275 10.0417003688327 0.5734919871741629 0.00011569265243748257
12 1 217.4358777722275 10.0417003688327 0.5734919871741629 0.00011569265243748257
12 2 223.009836952036 25.45105681492734 0.5136447444833385 6.073713331249232e-05
12 3 223.009836952036 25.45105681492734 0.5136447444833385 6.073713331249232e-05
12 4 223.009836952036 25.45105681492734 0.5136447444833385 6.073713331249232e-05
12 5 223.009836952036 25.45105681492734 0.5136447444833385 6.073713331249232e-05
12 6 223.009836952036 25.45105681492734 0.5136447444833385 6.073713331249232e-05
12 7 223.009836952036 25.45105681492734 0.5136447444833385 6.073713331249232e-05
12 8 218.31249599139824 34.601304372413765 0.7667964372098255 5.644560002997169e-05
12 9 218.31249599139824 34.601304372413765 0.7667964372098255 5.644560002997169e-05
12 10 218.31249599139824 34.601304372413765 0.7667964372098255 5.644560002997169e-05
12 11 218.31249599139824 34.601304372413765 0.7667964372098255 5.644560002997169e-05
12 12 218.31249599139824 34.601304372413765 0.7667964372098255 5.644560002997169e-05
12 13 218.31249599139824 34.601304372413765 0.7667964372098255 5.644560002997169e-05
12 14 219.1486550549053 26.158071014391748 0.6268670260098477 8.254548017028757e-05
12 15 219.1486550549053 26.158071014391748 0.6268670260098477 8.254548017028757e-05
12 16 219.1486550549053 26.158071014391748 0.6268670260098477 8.254548017028757e-05
12 17 219.1486550549053 26.158071014391748 0.6268670260098477 8.254548017028757e-05
12 18 219.1486550549053 26.158071014391748 0.6268670260098477 8.254548017028757e-05
12 19 226.24380442678014 16.418746538787737 0.34132001888827435 9.065866480662931e-05
12 20 226.24380442678014 16.418746538787737 0.34132001888827435 9.065866480662931e-05
12 21 226.24380442678014 16.418746538787737 0.34132001888827435 9.065866480662931e-05
12 22 226.24380442678014 16.418746538787737 0.34132001888827435 9.065866480662931e-05
12 23 226.24380442678014 16.418746538787737 0.34132001888827435 9.065866480662931e-05
12 24 226.24380442678014 16.418746538787737 0.34132001888827435 9.065866480662931e-05
12 25 207.82585178176504 15.970565660845288 1.1028625783419033 6.729361291462065e-05
12 26 207.82585178176504 15.970565660845288 1.1028625783419033 6.729361291462065e-05
12 27 207.82585178176504 15.970565660845288 1.1028625783419033 6.729361291462065e-05
12 28 207.82585178176504 15.970565660845288 1.1028625783419033 6.729361291462065e-05
12 29 207.82585178176504 15.970565660845288 1.1028625783419033 6.729361291462065e-05
12 30 215.31773962925755 31.103626749856808 0.6601447639488263 4.5835981299154155e-05
12 31 215.31773962925755 31.103626749856808 0.6601447639488263 4.5835981299154155e-05
12 32 215.31773962925755 31.103626749856808 0.6601447639488263 4.5835981299154155e-05
12 33 215.31773962925755 31.103626749856808 0.6601447639488263 4.5835981299154155e-05
12 34 212.6126413470592 28.98592253406573 0.8181433766504675 6.118274039706934e-05
12 35 212.6126413470592 28.98592253406573 0.8181433766504675 6.118274039706934e-05
12 36 212.6126413470592 28.98592253406573 0.8181433766504675 6.118274039706934e-05
12 37 212.6126413470592 28.98592253406573 0.8181433766504675 6.118274039706934e-05
12 38 212.6126413470592 28.98592253406573 0.8181433766504675 6.118274039706934e-05
12 39 212.6126413470592 28.98592253406573 0.8181433766504675 6.118274039706934e-05
12 40 225.35291004920418 12.984671822906765 0.33508163021666804 8.851289749174684e-05
12 41 225.35291004920418 12.984671822906765 0.33508163021666804 8.851289749174684e-05
12 42 225.35291004920418 12.984671822906765 0.33508163021666804 8.851289749174684e-05
12 43 225.35291004920418 12.984671822906765 0.33508163021666804 8.851289749174684e-05
12 44 225.35291004920418 12.984671822906765 0.33508163021666804 8.851289749174684e-05
12 45 225.35291004920418 12.984671822906765 0.33508163021666804 8.851289749174684e-05
12 46 208.0637084118844 18.696885098218814 0.9185441216974146 1.8537044444359247e-05
12 47 208.0637084118844 18.696885098218814 0.9185441216974146 1.8537044444359247e-05
12 48 208.0637084118844 18.696885098218814 0.9185441216974146 1.8537044444359247e-05
12 49 208.0637084118844 18.696885098218814 0.9185441216974146 1.8537044444359247e-05
12 50 208.0637084118844 18.696885098218814 0.9185441216974146 1.8537044444359247e-05
12 51 208.0637084118844 18.696885098218814 0.9185441216974146 1.8537044444359247e-05
12 52 208.0637084118844 18.696885098218814 0.9185441216974146 1.8537044444359247e-05
12 53 208.0637084118844 18.696885098218814 0.9185441216974146 1.8537044444359247e-05
12 54 223.51275967726423 13.619744293918828 0.4603011189000241 0.00014823691367134057
12 55 223.51275967726423 13.619744293918828 0.4603011189000241 0.00014823691367134057
13 0 253.6015990715535 20.62165609630343 0.32607581398438035 8.600953433979849e-05
13 1 253.6015990715535 20.62165609630343 0.32607581398438035 8.600953433979849e-05
13 2 252.19455321862867 17.92258132137801 0.3117979309827821 8.867329382395626e-05
13 3 252.19455321862867 17.92258132137801 0.3117979309827821 8.867329382395626e-05
13 4 252.19455321862867 17.92258132137801 0.3117979309827821 8.867329382395626e-05
13 5 252.19455321862867 17.92258132137801 0.3117979309827821 8.867329382395626e-05
13 6 252.19455321862867 17.92258132137801 0.3117979309827821 8.867329382395626e-05
13 7 252.19455321862867 17.92258132137801 0.3117979309827821 8.867329382395626e-05
13 8 252.2843469381402 18.023385417321578 0.3748522009045029 8.80381615205892e-05
13 9 252.2843469381402 18.023385417321578 0.3748522009045029 8.80381615205892e-05
13 10 252.2843469381402 18.023385417321578 0.3748522009045029 8.80381615205892e-05
13 11 252.2843469381402 18.023385417321578 0.3748522009045029 8.80381615205892e-05
13 12 252.2843469381402 18.023385417321578 0.3748522009045029 8.80381615205892e-05
13 13 252.2843469381402 18.023385417321578 0.3748522009045029 8.80381615205892e-05
13 14 252.34071020190743 18.077417730350753 0.31919646669330826 8.970499023394556e-05
13 15 252.34071020190743 18.077417730350753 0.31919646669330826 8.970499023394556e-05
13 16 252.34071020190743 18.077417730350753 0.31919646669330826 8.970499023394556e-05
13 17 252.34071020190743 18.077417730350753 0.31919646669330826 8.970499023394556e-05
13 18 252.34071020190743 18.077417730350753 0.31919646669330826 8.970499023394556e-05
13 19 253.53000355836477 20.649524419104914 0.3043388016382218 9.709590697131547e-05
13 20 253.53000355836477 20.649524419104914 0.3043388016382218 9.709590697131547e-05
13 21 253.53000355836477 20.649524419104914 0.3043388016382218 9.709590697131547e-05
13 22 253.53000355836477 20.649524419104914 0.3043388016382218 9.709590697131547e-05
13 23 253.53000355836477 20.649524419104914 0.3043388016382218 9.709590697131547e-05
13 24 253.53000355836477 20.649524419104914 0.3043388016382218 9.709590697131547e-05
13 25 253.01011859956657 19.959739427786726 0.3091297854246043 9.304285043364451e-05
13 26 253.01011859956657 19.959739427786726 0.3091297854246043 9.304285043364451e-05
13 27 253.01011859956657 19.959739427786726 0.3091297854246043 9.304285043364451e-05
13 28 253.01011859956657 19.959739427786726 0.3091297854246043 9.304285043364451e-05
13 29 253.01011859956657 19.959739427786726 0.3091297854246043 9.304285043364451e-05
13 30 252.05831799520303 17.946948052452772 0.36329938128921885 9.387731554992261e-05
13 31 252.05831799520303 17.946948052452772 0.36329938128921885 9.387731554992261e-05
13 32 252.05831799520303 17.946948052452772 0.36329938128921885 9.387731554992261e-05
13 33 252.05831799520303 17.946948052452772 0.36329938128921885 9.387731554992261e-05
13 34 252.22637583867578 18.249120610645072 0.31745951445342135 9.328124946738625e-05
13 35 252.22637583867578 18.249120610645072 0.31745951445342135 9.328124946738625e-05
13 36 252.22637583867578 18.249120610645072 0.31745951445342135 9.328124946738625e-05
13 37 252.22637583867578 18.249120610645072 0.31745951445342135 9.328124946738625e-05
13 38 252.22637583867578 18.249120610645072 0.31745951445342135 9.328124946738625e-05
13 39 252.22637583867578 18.249120610645072 0.31745951445342135 9.328124946738625e-05
13 40 252.69897356609877 19.31128066214551 0.29522892809830764 9.324687561384962e-05
13 41 252.69897356609877 19.31128066214551 0.29522892809830764 9.324687561384962e-05
13 42 252.69897356609877 19.31128066214551 0.29522892809830764 9.324687561384962e-05
13 43 252.69897356609877 19.31128066214551 0.29522892809830764 9.324687561384962e-05
13 44 252.69897356609877 19.31128066214551 0.29522892809830764 9.324687561384962e-05
13 45 252.69897356609877 19.31128066214551 0.29522892809830764 9.324687561384962e-05
13 46 252.79500005142435 19.311283121567907 0.30710022101283463 9.188399660481358e-05
13 47 252.79500005142435 19.311283121567907 0.30710022101283463 9.188399660481358e-05
13 48 252.79500005142435 19.311283121567907 0.30710022101283463 9.188399660481358e-05
13 49 252.79500005142435 19.311283121567907 0.30710022101283463 9.188399660481358e-05
13 50 252.79500005142435 19.311283121567907 0.30710022101283463 9.188399660481358e-05
13 51 252.79500005142435 19.311283121567907 0.30710022101283463 9.188399660481358e-05
13 52 252.79500005142435 19.311283121567907 0.30710022101283463 9.188399660481358e-05
13 53 252.79500005142435 19.311283121567907 0.30710022101283463 9.188399660481358e-05
13 54 252.3364043014365 18.356780091156743 0.31465589828314566 9.268522225939411e-05
13 55 252.3364043014365 18.356780091156743 0.31465589828314566 9.268522225939411e-05
14 0 1564.9496049667587 18.322269040615886 0.504543650158132 6.633996625204017e-05
14 1 1564.9496049667587 18.322269040615886 0.504543650158132 6.633996625204017e-05
14 2 1549.5851070689123 72.88071751407801 -2.372979517697824 0.0004799962036355145
14 3 1549.5851070689123 72.88071751407801 -2.372979517697824 0.0004799962036355145
14 4 1549.5851070689123 72.88071751407801 -2.372979517697824 0.0004799962036355145
14 5 1549.5851070689123 72.88071751407801 -2.372979517697824 0.0004799962036355145
14 6 1549.5851070689123 72.88071751407801 -2.372979517697824 0.0004799962036355145
14 7 1549.5851070689123 72.88071751407801 -2.372979517697824 0.0004799962036355145
14 8 1511.3513810107652 61.751738474924295 1.0951695800779213 -0.00020256636419160336
14 9 1511.3513810107652 61.751738474924295 1.0951695800779213 -0.00020256636419160336
14 10 1511.3513810107652 61.751738474924295 1.0951695800779213 -0.00020256636419160336
14 11 1511.3513810107652 61.751738474924295 1.0951695800779213 -0.00020256636419160336
14 12 1511.3513810107652 61.751738474924295 1.0951695800779213 -0.00020256636419160336
14 13 1511.3513810107652 61.751738474924295 1.0951695800779213 -0.00020256636419160336
14 14 1584.5428520561593 13.943567323492111 0.6145866530172592 7.623432735761454e-05
14 15 1584.5428520561593 13.943567323492111 0.6145866530172592 7.623432735761454e-05
14 16 1584.5428520561593 13.943567323492111 0.6145866530172592 7.623432735761454e-05
14 17 1584.5428520561593 13.943567323492111 0.6145866530172592 7.623432735761454e-05
14 18 1584.5428520561593 13.943567323492111 0.6145866530172592 7.623432735761454e-05
14 19 1641.029450064955 18.122348329822497 0.8115320835529225 0.00015455486249592028
14 20 1641.029450064955 18.122348329822497 0.8115320835529225 0.00015455486249592028
14 21 1641.029450064955 18.122348329822497 0.8115320835529225 0.00015455486249592028
14 22 1641.029450064955 18.122348329822497 0.8115320835529225 0.00015455486249592028
14 23 1641.029450064955 18.122348329822497 0.8115320835529225 0.00015455486249592028
14 24 1641.029450064955 18.122348329822497 0.8115320835529225 0.00015455486249592028
14 25 1607.2786165145176 15.419069027125879 0.5451462134749179 0.00013667344842851814
14 26 1607.2786165145176 15.419069027125879 0.5451462134749179 0.00013667344842851814
14 27 1607.2786165145176 15.419069027125879 0.5451462134749179 0.00013667344842851814
14 28 1607.2786165145176 15.419069027125879 0.5451462134749179 0.00013667344842851814
14 29 1607.2786165145176 15.419069027125879 0.5451462134749179 0.00013667344842851814
14 30 1659.325262549965 13.157672828783301 0.4531267958068341 8.994340825717578e-05
14 31 1659.325262549965 13.157672828783301 0.4531267958068341 8.994340825717578e-05
14 32 1659.325262549965 13.157672828783301 0.4531267958068341 8.994340825717578e-05
14 33 1659.325262549965 13.157672828783301 0.4531267958068341 8.994340825717578e-05
14 34 1737.6256607615733 11.057463323907415 0.3655336928461487 7.325410930504734e-05
14 35 1737.6256607615733 11.057463323907415 0.3655336928461487 7.325410930504734e-05
14 36 1737.6256607615733 11.057463323907415 0.3655336928461487 7.325410930504734e-05
14 37 1737.6256607615733 11.057463323907415 0.3655336928461487 7.325410930504734e-05
14 38 1737.6256607615733 11.057463323907415 0.3655336928461487 7.325410930504734e-05
14 39 1737.6256607615733 11.057463323907415 0.3655336928461487 7.325410930504734e-05
14 40 1589.7514809070544 13.201455226862189 0.2437569093565315 6.538629536571015e-05
14 41 1589.7514809070544 13.201455226862189 0.2437569093565315 6.538629536571015e-05
14 42 1589.7514809070544 13.201455226862189 0.2437569093565315 6.538629536571015e-05
14 43 1589.7514809070544 13.201455226862189 0.2437569093565315 6.538629536571015e-05
14 44 1589.7514809070544 13.201455226862189 0.2437569093565315 6.538629536571015e-05
14 45 1589.7514809070544 13.201455226862189 0.2437569093565315 6.538629536571015e-05
14 46 1520.9860861532152 56.43212684408128 0.20267455952284644 -4.108419481939764e-05
14 47 1520.9860861532152 56.43212684408128 0.20267455952284644 -4.108419481939764e-05
14 48 1520.9860861532152 56.43212684408128 0.20267455952284644 -4.108419481939764e-05
14 49 1520.9860861532152 56.43212684408128 0.20267455952284644 -4.108419481939764e-05
14 50 1520.9860861532152 56.43212684408128 0.20267455952284644 -4.108419481939764e-05
14 51 1520.9860861532152 56.43212684408128 0.20267455952284644 -4.108419481939764e-05
14 52 1520.9860861532152 56.43212684408128 0.20267455952284644 -4.108419481939764e-05
14 53 1520.9860861532152 56.43212684408128 0.20267455952284644 -4.108419481939764e-05
14 54 1569.2344235325802 53.538108338561074 -0.05960445134232495 1.7494887259055417e-05
14 55 1569.2344235325802 53.538108338561074 -0.05960445134232495 1.7494887259055417e-05
15 0 1152.2535490540777 22.683728145149473 0.3364015484093401 8.977550479931109e-05
15 1 1152.2535490540777 22.683728145149473 0.3364015484093401 8.977550479931109e-05
15 2 1167.7772487239818 23.415462255261176 0.3359751989693244 8.994338686292648e-05
15 3 1167.7772487239818 23.415462255261176 0.3359751989693244 8.994338686292648e-05
15 4 1167.7772487239818 23.415462255261176 0.3359751989693244 8.994338686292648e-05
15 5 1167.7772487239818 23.415462255261176 0.3359751989693244 8.994338686292648e-05
15 6 1167.7772487239818 23.415462255261176 0.3359751989693244 8.994338686292648e-05
15 7 1167.7772487239818 23.415462255261176 0.3359751989693244 8.994338686292648e-05
15 8 1163.4758405519065 21.78229250947254 0.30742414505359106 9.48309913449811e-05
15 9 1163.4758405519065 21.78229250947254 0.30742414505359106 9.48309913449811e-05
15 10 1163.4758405519065 21.78229250947254 0.30742414505359106 9.48309913449811e-05
15 11 1163.4758405519065 21.78229250947254 0.30742414505359106 9.48309913449811e-05
15 12 1163.4758405519065 21.78229250947254 0.30742414505359106 9.48309913449811e-05
15 13 1163.4758405519065 21.78229250947254 0.30742414505359106 9.48309913449811e-05
15 14 1168.2657750073536 23.4154240698559 0.3333758151142971 9.133946761447556e-05
15 15 1168.2657750073536 23.4154240698559 0.3333758151142971 9.133946761447556e-05
15 16 1168.2657750073536 23.4154240698559 0.3333758151142971 9.133946761447556e-05
15 17 1168.2657750073536 23.4154240698559 0.3333758151142971 9.133946761447556e-05
15 18 1168.2657750073536 23.4154240698559 0.3333758151142971 9.133946761447556e-05
15 19 1154.3340771962871 24.141934207083516 0.44799654456359217 6.765136538799274e-05
15 20 1154.3340771962871 24.141934207083516 0.44799654456359217 6.765136538799274e-05
15 21 1154.3340771962871 24.141934207083516 0.44799654456359217 6.765136538799274e-05
15 22 1154.3340771962871 24.141934207083516 0.44799654456359217 6.765136538799274e-05
15 23 1154.3340771962871 24.141934207083516 0.44799654456359217 6.765136538799274e-05
15 24 1154.3340771962871 24.141934207083516 0.44799654456359217 6.765136538799274e-05
15 25 1154.3357453388771 21.307879236220668 0.1313312734741206 9.876489595107698e-05
15 26 1154.3357453388771 21.307879236220668 0.1313312734741206 9.876489595107698e-05
15 27 1154.3357453388771 21.307879236220668 0.1313312734741206 9.876489595107698e-05
15 28 1154.3357453388771 21.307879236220668 0.1313312734741206 9.876489595107698e-05
15 29 1154.3357453388771 21.307879236220668 0.1313312734741206 9.876489595107698e-05
15 30 1166.6420316353842 22.41251359848005 0.31155807739942465 9.161233902496604e-05
15 31 1166.6420316353842 22.41251359848005 0.31155807739942465 9.161233902496604e-05
15 32 1166.6420316353842 22.41251359848005 0.31155807739942465 9.161233902496604e-05
15 33 1166.6420316353842 22.41251359848005 0.31155807739942465 9.161233902496604e-05
15 34 1162.1088242650212 24.878942866865117 0.330440282307716 0.00010162632566493128
15 35 1162.1088242650212 24.878942866865117 0.330440282307716 0.00010162632566493128
15 36 1162.1088242650212 24.878942866865117 0.330440282307716 0.00010162632566493128
15 37 1162.1088242650212 24.878942866865117 0.330440282307716 0.00010162632566493128
15 38 1162.1088242650212 24.878942866865117 0.330440282307716 0.00010162632566493128
15 39 1162.1088242650212 24.878942866865117 0.330440282307716 0.00010162632566493128
15 40 1158.777528700084 24.093053121113226 0.3042214134843451 6.586315244357637e-05
15 41 1158.777528700084 24.093053121113226 0.3042214134843451 6.586315244357637e-05
15 42 1158.777528700084 24.093053121113226 0.3042214134843451 6.586315244357637e-05
15 43 1158.777528700084 24.093053121113226 0.3042214134843451 6.586315244357637e-05
15 44 1158.777528700084 24.093053121113226 0.3042214134843451 6.586315244357637e-05
15 45 1158.777528700084 24.093053121113226 0.3042214134843451 6.586315244357637e-05
15 46 1158.7676319383559 24.145049903916508 0.20792169140647299 9.20892666366086e-05
15 47 1158.7676319383559 24.145049903916508 0.20792169140647299 9.20892666366086e-05
15 48 1158.7676319383559 24.145049903916508 0.20792169140647299 9.20892666366086e-05
15 49 1158.7676319383559 24.145049903916508 0.20792169140647299 9.20892666366086e-05
15 50 1158.7676319383559 24.145049903916508 0.20792169140647299 9.20892666366086e-05
15 51 1158.7676319383559 24.145049903916508 0.20792169140647299 9.20892666366086e-05
15 52 1158.7676319383559 24.145049903916508 0.20792169140647299 9.20892666366086e-05
15 53 1158.7676319383559 24.145049903916508 0.20792169140647299 9.20892666366086e-05
15 54 1163.3204828539592 24.1472059052266 0.3317585807336492 8.779754469263576e-05
15 55 1163.3204828539592 24.1472059052266 0.3317585807336492 8.779754469263576e-05
16 0 2550.3976397389947 25.159274370470165 0.18677165354358327 6.76906026379187e-05
16 1 2550.3976397389947 25.159274370470165 0.18677165354358327 6.76906026379187e-05
16 2 2541.210182374545 31.401675729308927 -0.7070689858884438 0.00017315573211259822
16 3 2541.210182374545 31.401675729308927 -0.7070689858884438 0.00017315573211259822
16 4 2541.210182374545 31.401675729308927 -0.7070689858884438 0.00017315573211259822
16 5 2541.210182374545 31.401675729308927 -0.7070689858884438 0.00017315573211259822
16 6 2541.210182374545 31.401675729308927 -0.7070689858884438 0.00017315573211259822
16 7 2541.210182374545 31.401675729308927 -0.7070689858884438 0.00017315573211259822
16 8 2713.706577377709 33.00287592673111 0.6443569239689889 -0.00013867020631979732
16 9 2713.706577377709 33.00287592673111 0.6443569239689889 -0.00013867020631979732
16 10 2713.706577377709 33.00287592673111 0.6443569239689889 -0.00013867020631979732
16 11 2713.706577377709 33.00287592673111 0.6443569239689889 -0.00013867020631979732
16 12 2713.706577377709 33.00287592673111 0.6443569239689889 -0.00013867020631979732
16 13 2713.706577377709 33.00287592673111 0.6443569239689889 -0.00013867020631979732
16 14 2570.8224784827103 29.942316082049366 1.3260961023111333 -0.0002623498432405996
16 15 2570.8224784827103 29.942316082049366 1.3260961023111333 -0.0002623498432405996
16 16 2570.8224784827103 29.942316082049366 1.3260961023111333 -0.0002623498432405996
16 17 2570.8224784827103 29.942316082049366 1.3260961023111333 -0.0002623498432405996
16 18 2570.8224784827103 29.942316082049366 1.3260961023111333 -0.0002623498432405996
16 19 2720.081613273641 38.478958225449844 2.0848226526405274 -0.00023346764802390768
16 20 2720.081613273641 38.478958225449844 2.0848226526405274 -0.00023346764802390768
16 21 2720.081613273641 38.478958225449844 2.0848226526405274 -0.00023346764802390768
16 22 2720.081613273641 38.478958225449844 2.0848226526405274 -0.00023346764802390768
16 23 2720.081613273641 38.478958225449844 2.0848226526405274 -0.00023346764802390768
16 24 2720.081613273641 38.478958225449844 2.0848226526405274 -0.00023346764802390768
16 25 2490.899624672498 70.3821549989069 2.408617506075749 -0.00037363171827813253
16 26 2490.899624672498 70.3821549989069 2.408617506075749 -0.00037363171827813253
16 27 2490.899624672498 70.3821549989069 2.408617506075749 -0.00037363171827813253
16 28 2490.899624672498 70.3821549989069 2.408617506075749 -0.00037363171827813253
16 29 2490.899624672498 70.3821549989069 2.408617506075749 -0.00037363171827813253
16 30 3386.7977846494446 18.93039791286607 1.774499867451958 -0.00035044549070566784
16 31 3386.7977846494446 18.93039791286607 1.774499867451958 -0.00035044549070566784
16 32 3386.7977846494446 18.93039791286607 1.774499867451958 -0.00035044549070566784
16 33 3386.7977846494446 18.93039791286607 1.774499867451958 -0.00035044549070566784
16 34 3179.5443093116955 94.71743150532154 0.5696821676139421 -0.00014087252580210203
16 35 3179.5443093116955 94.71743150532154 0.5696821676139421 -0.00014087252580210203
16 36 3179.5443093116955 94.71743150532154 0.5696821676139421 -0.00014087252580210203
16 37 3179.5443093116955 94.71743150532154 0.5696821676139421 -0.00014087252580210203
16 38 3179.5443093116955 94.71743150532154 0.5696821676139421 -0.00014087252580210203
16 39 3179.5443093116955 94.71743150532154 0.5696821676139421 -0.00014087252580210203
16 40 3195.6848173189906 12.360308825396448 0.7966934928600192 -0.0003038942819614495
16 41 3195.6848173189906 12.360308825396448 0.7966934928600192 -0.0003038942819614495
16 42 3195.6848173189906 12.360308825396448 0.7966934928600192 -0.0003038942819614495
16 43 3195.6848173189906 12.360308825396448 0.7966934928600192 -0.0003038942819614495
16 44 3195.6848173189906 12.360308825396448 0.7966934928600192 -0.0003038942819614495
16 45 3195.6848173189906 12.360308825396448 0.7966934928600192 -0.0003038942819614495
16 46 2833.219973395054 21.459419999630313 1.3883663455967803 -0.00046181962603955725
16 47 2833.219973395054 21.459419999630313 1.3883663455967803 -0.00046181962603955725
16 48 2833.219973395054 21.459419999630313 1.3883663455967803 -0.00046181962603955725
16 49 2833.219973395054 21.459419999630313 1.3883663455967803 -0.00046181962603955725
16 50 2833.219973395054 21.459419999630313 1.3883663455967803 -0.00046181962603955725
16 51 2833.219973395054 21.459419999630313 1.3883663455967803 -0.00046181962603955725
16 52 2833.219973395054 21.459419999630313 1.3883663455967803 -0.00046181962603955725
16 53 2833.219973395054 21.459419999630313 1.3883663455967803 -0.00046181962603955725
16 54 3826.7170731542474 13.712488448184367 0.5282793990232182 -6.237626079705939e-05
16 55 3826.7170731542474 13.712488448184367 0.5282793990232182 -6.237626079705939e-05
17 0 4841.50232373617 24.28094557967637 0.8922802133099959 0.00013071298597507844
17 1 4841.50232373617 24.28094557967637 0.8922802133099959 0.00013071298597507844
17 2 4918.585099414527 23.716009871316395 0.555688542347714 8.553262547697233e-05
17 3 4918.585099414527 23.716009871316395 0.555688542347714 8.553262547697233e-05
17 4 4918.585099414527 23.716009871316395 0.555688542347714 8.553262547697233e-05
17 5 4918.585099414527 23.716009871316395 0.555688542347714 8.553262547697233e-05
17 6 4918.585099414527 23.716009871316395 0.555688542347714 8.553262547697233e-05
17 7 4918.585099414527 23.716009871316395 0.555688542347714 8.553262547697233e-05
17 8 4884.958823604882 23.500081469852322 0.27500881569340996 9.626149971332749e-05
17 9 4884.958823604882 23.500081469852322 0.27500881569340996 9.626149971332749e-05
17 10 4884.958823604882 23.500081469852322 0.27500881569340996 9.626149971332749e-05
17 11 4884.958823604882 23.500081469852322 0.27500881569340996 9.626149971332749e-05
17 12 4884.958823604882 23.500081469852322 0.27500881569340996 9.626149971332749e-05
17 13 4884.958823604882 23.500081469852322 0.27500881569340996 9.626149971332749e-05
17 14 4862.622356561104 22.548451943341924 0.05506454815827956 0.00012999773026190763
17 15 4862.622356561104 22.548451943341924 0.05506454815827956 0.00012999773026190763
17 16 4862.622356561104 22.548451943341924 0.05506454815827956 0.00012999773026190763
17 17 4862.622356561104 22.548451943341924 0.05506454815827956 0.00012999773026190763
17 18 4862.622356561104 22.548451943341924 0.05506454815827956 0.00012999773026190763
17 19 4874.805783621054 23.138659069473178 0.10680222046622256 0.00011819601058713346
17 20 4874.805783621054 23.138659069473178 0.10680222046622256 0.00011819601058713346
17 21 4874.805783621054 23.138659069473178 0.10680222046622256 0.00011819601058713346
17 22 4874.805783621054 23.138659069473178 0.10680222046622256 0.00011819601058713346
17 23 4874.805783621054 23.138659069473178 0.10680222046622256 0.00011819601058713346
17 24 4874.805783621054 23.138659069473178 0.10680222046622256 0.00011819601058713346
17 25 4872.2179233776815 23.509282517838308 0.3083736290972885 0.00010651350142106128
17 26 4872.2179233776815 23.509282517838308 0.3083736290972885 0.00010651350142106128
17 27 4872.2179233776815 23.509282517838308 0.3083736290972885 0.00010651350142106128
17 28 4872.2179233776815 23.509282517838308 0.3083736290972885 0.00010651350142106128
17 29 4872.2179233776815 23.509282517838308 0.3083736290972885 0.00010651350142106128
17 30 4889.6676829300195 23.85040453234425 0.5301496525881702 8.0764293671115e-05
17 31 4889.6676829300195 23.85040453234425 0.5301496525881702 8.0764293671115e-05
17 32 4889.6676829300195 23.85040453234425 0.5301496525881702 8.0764293671115e-05
17 33 4889.6676829300195 23.85040453234425 0.5301496525881702 8.0764293671115e-05
17 34 4893.104906154387 24.294762917425665 0.6396368938433207 4.8458576524296506e-05
17 35 4893.104906154387 24.294762917425665 0.6396368938433207 4.8458576524296506e-05
17 36 4893.104906154387 24.294762917425665 0.6396368938433207 4.8458576524296506e-05
17 37 4893.104906154387 24.294762917425665 0.6396368938433207 4.8458576524296506e-05
17 38 4893.104906154387 24.294762917425665 0.6396368938433207 4.8458576524296506e-05
17 39 4893.104906154387 24.294762917425665 0.6396368938433207 4.8458576524296506e-05
17 40 4878.0708680741045 22.63928284951784 0.09617422326287303 7.981061939424118e-05
17 41 4878.0708680741045 22.63928284951784 0.09617422326287303 7.981061939424118e-05
17 42 4878.0708680741045 22.63928284951784 0.09617422326287303 7.981061939424118e-05
17 43 4878.0708680741045 22.63928284951784 0.09617422326287303 7.981061939424118e-05
17 44 4878.0708680741045 22.63928284951784 0.09617422326287303 7.981061939424118e-05
17 45 4878.0708680741045 22.63928284951784 0.09617422326287303 7.981061939424118e-05
17 46 4872.076907351793 23.629662075911234 0.5550110521652036 -1.062334402758569e-05
17 47 4872.076907351793 23.629662075911234 0.5550110521652036 -1.062334402758569e-05
17 48 4872.076907351793 23.629662075911234 0.5550110521652036 -1.062334402758569e-05
17 49 4872.076907351793 23.629662075911234 0.5550110521652036 -1.062334402758569e-05
17 50 4872.076907351793 23.629662075911234 0.5550110521652036 -1.062334402758569e-05
17 51 4872.076907351793 23.629662075911234 0.5550110521652036 -1.062334402758569e-05
17 52 4872.076907351793 23.629662075911234 0.5550110521652036 -1.062334402758569e-05
17 53 4872.076907351793 23.629662075911234 0.5550110521652036 -1.062334402758569e-05
17 54 4921.835177604793 24.00474589281461 0.4971456100245063 1.8477427899355926e-06
17 55 4921.835177604793 24.00474589281461 0.4971456100245063 1.8477427899355926e-06
18 0 3168.428729371668 25.31248547632677 0.18716269528542345 0.00011080503443625058
18 1 3168.428729371668 25.31248547632677 0.18716269528542345 0.00011080503443625058
18 2 3291.130347126011 22.992559848149334 0.33155919604992 7.730722467152895e-05
18 3 3291.130347126011 22.992559848149334 0.33155919604992 7.730722467152895e-05
18 4 3291.130347126011 22.992559848149334 0.33155919604992 7.730722467152895e-05
18 5 3291.130347126011 22.992559848149334 0.33155919604992 7.730722467152895e-05
18 6 3291.130347126011 22.992559848149334 0.33155919604992 7.730722467152895e-05
18 7 3291.130347126011 22.992559848149334 0.33155919604992 7.730722467152895e-05
18 8 3115.1416113554283 27.22783736338583 0.36043190225301486 0.00011795755532968422
18 9 3115.1416113554283 27.22783736338583 0.36043190225301486 0.00011795755532968422
18 10 3115.1416113554283 27.22783736338583 0.36043190225301486 0.00011795755532968422
18 11 3115.1416113554283 27.22783736338583 0.36043190225301486 0.00011795755532968422
18 12 3115.1416113554283 27.22783736338583 0.36043190225301486 0.00011795755532968422
18 13 3115.1416113554283 27.22783736338583 0.36043190225301486 0.00011795755532968422
18 14 3020.913008589472 25.88979700376622 0.28281610269363955 0.0001524895172122167
18 15 3020.913008589472 25.88979700376622 0.28281610269363955 0.0001524895172122167
18 16 3020.913008589472 25.88979700376622 0.28281610269363955 0.0001524895172122167
18 17 3020.913008589472 25.88979700376622 0.28281610269363955 0.0001524895172122167
18 18 3020.913008589472 25.88979700376622 0.28281610269363955 0.0001524895172122167
18 19 2906.6305263493327 24.259081494577227 0.7352869858555436 6.9200995553112e-05
18 20 2906.6305263493327 24.259081494577227 0.7352869858555436 6.9200995553112e-05
18 21 2906.6305263493327 24.259081494577227 0.7352869858555436 6.9200995553112e-05
18 22 2906.6305263493327 24.259081494577227 0.7352869858555436 6.9200995553112e-05
18 23 2906.6305263493327 24.259081494577227 0.7352869858555436 6.9200995553112e-05
18 24 2906.6305263493327 24.259081494577227 0.7352869858555436 6.9200995553112e-05
18 25 3137.2008958058186 27.23205511133035 0.32086558235493534 8.69631863659823e-05
18 26 3137.2008958058186 27.23205511133035 0.32086558235493534 8.69631863659823e-05
18 27 3137.2008958058186 27.23205511133035 0.32086558235493534 8.69631863659823e-05
18 28 3137.2008958058186 27.23205511133035 0.32086558235493534 8.69631863659823e-05
18 29 3137.2008958058186 27.23205511133035 0.32086558235493534 8.69631863659823e-05
18 30 2747.3968700040073 30.122388625329343 1.1700493193020427 0.00018185378225701258
18 31 2747.3968700040073 30.122388625329343 1.1700493193020427 0.00018185378225701258
18 32 2747.3968700040073 30.122388625329343 1.1700493193020427 0.00018185378225701258
18 33 2747.3968700040073 30.122388625329343 1.1700493193020427 0.00018185378225701258
18 34 3136.919774158011 27.23208541200169 0.33065306079510276 7.73072219724312e-05
18 35 3136.919774158011 27.23208541200169 0.33065306079510276 7.73072219724312e-05
18 36 3136.919774158011 27.23208541200169 0.33065306079510276 7.73072219724312e-05
18 37 3136.919774158011 27.23208541200169 0.33065306079510276 7.73072219724312e-05
18 38 3136.919774158011 27.23208541200169 0.33065306079510276 7.73072219724312e-05
18 39 3136.919774158011 27.23208541200169 0.33065306079510276 7.73072219724312e-05
18 40 2954.6760393859436 30.222341368170326 -0.019433132954352943 0.00021904707085716193
18 41 2954.6760393859436 30.222341368170326 -0.019433132954352943 0.00021904707085716193
18 42 2954.6760393859436 30.222341368170326 -0.019433132954352943 0.00021904707085716193
18 43 2954.6760393859436 30.222341368170326 -0.019433132954352943 0.00021904707085716193
18 44 2954.6760393859436 30.222341368170326 -0.019433132954352943 0.00021904707085716193
18 45 2954.6760393859436 30.222341368170326 -0.019433132954352943 0.00021904707085716193
18 46 3192.768437568023 25.841644163199284 0.24339906020841448 8.207800841393256e-05
18 47 3192.768437568023 25.841644163199284 0.24339906020841448 8.207800841393256e-05
18 48 3192.768437568023 25.841644163199284 0.24339906020841448 8.207800841393256e-05
18 49 3192.768437568023 25.841644163199284 0.24339906020841448 8.207800841393256e-05
18 50 3192.768437568023 25.841644163199284 0.24339906020841448 8.207800841393256e-05
18 51 3192.768437568023 25.841644163199284 0.24339906020841448 8.207800841393256e-05
18 52 3192.768437568023 25.841644163199284 0.24339906020841448 8.207800841393256e-05
18 53 3192.768437568023 25.841644163199284 0.24339906020841448 8.207800841393256e-05
18 54 3181.941550643255 25.750819249119374 0.2928883278073017 7.599592398130497e-05
18 55 3181.941550643255 25.750819249119374 0.2928883278073017 7.599592398130497e-05
19 0 6866.683796809204 21.35249147360816 0.3181925985122809 8.720159847493857e-05
19 1 6866.683796809204 21.35249147360816 0.3181925985122809 8.720159847493857e-05
19 2 6920.829537886593 19.98124975579809 0.28307042464444043 0.00010007619775026344
19 3 6920.829537886593 19.98124975579809 0.28307042464444043 0.00010007619775026344
19 4 6920.829537886593 19.98124975579809 0.28307042464444043 0.00010007619775026344
19 5 6920.829537886593 19.98124975579809 0.28307042464444043 0.00010007619775026344
19 6 6920.829537886593 19.98124975579809 0.28307042464444043 0.00010007619775026344
19 7 6920.829537886593 19.98124975579809 0.28307042464444043 0.00010007619775026344
19 8 6721.47351593281 18.642826817477 0.34250591244259615 9.626150107048233e-05
19 9 6721.47351593281 18.642826817477 0.34250591244259615 9.626150107048233e-05
19 10 6721.47351593281 18.642826817477 0.34250591244259615 9.626150107048233e-05
19 11 6721.47351593281 18.642826817477 0.34250591244259615 9.626150107048233e-05
19 12 6721.47351593281 18.642826817477 0.34250591244259615 9.626150107048233e-05
19 13 6721.47351593281 18.642826817477 0.34250591244259615 9.626150107048233e-05
19 14 5931.810635798826 21.76129249248597 0.7426572779500598 3.224134979818779e-05
19 15 5931.810635798826 21.76129249248597 0.7426572779500598 3.224134979818779e-05
19 16 5931.810635798826 21.76129249248597 0.7426572779500598 3.224134979818779e-05
19 17 5931.810635798826 21.76129249248597 0.7426572779500598 3.224134979818779e-05
19 18 5931.810635798826 21.76129249248597 0.7426572779500598 3.224134979818779e-05
19 19 6832.113973568908 21.044446494686973 0.339871901132888 9.757280348033731e-05
19 20 6832.113973568908 21.044446494686973 0.339871901132888 9.757280348033731e-05
19 21 6832.113973568908 21.044446494686973 0.339871901132888 9.757280348033731e-05
19 22 6832.113973568908 21.044446494686973 0.339871901132888 9.757280348033731e-05
19 23 6832.113973568908 21.044446494686973 0.339871901132888 9.757280348033731e-05
19 24 6832.113973568908 21.044446494686973 0.339871901132888 9.757280348033731e-05
19 25 6573.6811529935 16.32488904833327 -0.04454795057136883 0.00013893848370214834
19 26 6573.6811529935 16.32488904833327 -0.04454795057136883 0.00013893848370214834
19 27 6573.6811529935 16.32488904833327 -0.04454795057136883 0.00013893848370214834
19 28 6573.6811529935 16.32488904833327 -0.04454795057136883 0.00013893848370214834
19 29 6573.6811529935 16.32488904833327 -0.04454795057136883 0.00013893848370214834
19 30 6840.8502719212465 20.037184458431888 0.24673100658536073 0.0001234412201054129
19 31 6840.8502719212465 20.037184458431888 0.24673100658536073 0.0001234412201054129
19 32 6840.8502719212465 20.037184458431888 0.24673100658536073 0.0001234412201054129
19 33 6840.8502719212465 20.037184458431888 0.24673100658536073 0.0001234412201054129
19 34 6850.806833256675 20.281328173601196 0.31716634420506096 9.88821014521089e-05
19 35 6850.806833256675 20.281328173601196 0.31716634420506096 9.88821014521089e-05
19 36 6850.806833256675 20.281328173601196 0.31716634420506096 9.88821014521089e-05
19 37 6850.806833256675 20.281328173601196 0.31716634420506096 9.88821014521089e-05
19 38 6850.806833256675 20.281328173601196 0.31716634420506096 9.88821014521089e-05
19 39 6850.806833256675 20.281328173601196 0.31716634420506096 9.88821014521089e-05
19 40 6889.13505588891 18.74062573768793 0.3262064761397505 0.00010854005892834429
19 41 6889.13505588891 18.74062573768793 0.3262064761397505 0.00010854005892834429
19 42 6889.13505588891 18.74062573768793 0.3262064761397505 0.00010854005892834429
19 43 6889.13505588891 18.74062573768793 0.3262064761397505 0.00010854005892834429
19 44 6889.13505588891 18.74062573768793 0.3262064761397505 0.00010854005892834429
19 45 6889.13505588891 18.74062573768793 0.3262064761397505 0.00010854005892834429
19 46 6815.454810838126 20.269743047600816 0.321721059897193 9.828805884044862e-05
19 47 6815.454810838126 20.269743047600816 0.321721059897193 9.828805884044862e-05
19 48 6815.454810838126 20.269743047600816 0.321721059897193 9.828805884044862e-05
19 49 6815.454810838126 20.269743047600816 0.321721059897193 9.828805884044862e-05
19 50 6815.454810838126 20.269743047600816 0.321721059897193 9.828805884044862e-05
19 51 6815.454810838126 20.269743047600816 0.321721059897193 9.828805884044862e-05
19 52 6815.454810838126 20.269743047600816 0.321721059897193 9.828805884044862e-05
19 53 6815.454810838126 20.269743047600816 0.321721059897193 9.828805884044862e-05
19 54 6910.979007536717 22.0632868531083 0.33593456756632234 9.912237523504386e-05
19 55 6910.979007536717 22.0632868531083 0.33593456756632234 9.912237523504386e-05
