order obs chisq vsini limbdark rv
0 0 5117.30472870843 28.651526480057207 0.36791095128670454 0.00014263391500986272
0 1 5117.30472870843 28.651526480057207 0.36791095128670454 0.00014263391500986272
0 2 5097.91386526367 29.02124270861137 0.34228666827474663 0.00010277215734350958
0 3 5097.91386526367 29.02124270861137 0.34228666827474663 0.00010277215734350958
0 4 5097.91386526367 29.02124270861137 0.34228666827474663 0.00010277215734350958
0 5 5097.91386526367 29.02124270861137 0.34228666827474663 0.00010277215734350958
0 6 5097.91386526367 29.02124270861137 0.34228666827474663 0.00010277215734350958
0 7 5097.91386526367 29.02124270861137 0.34228666827474663 0.00010277215734350958
0 8 5096.625982056297 29.28114561080262 0.34628623001518616 0.00011104346489030013
0 9 5096.625982056297 29.28114561080262 0.34628623001518616 0.00011104346489030013
0 10 5096.625982056297 29.28114561080262 0.34628623001518616 0.00011104346489030013
0 11 5096.625982056297 29.28114561080262 0.34628623001518616 0.00011104346489030013
0 12 5096.625982056297 29.28114561080262 0.34628623001518616 0.00011104346489030013
0 13 5096.625982056297 29.28114561080262 0.34628623001518616 0.00011104346489030013
0 14 5250.766572952839 25.10687122108645 0.22244832240488194 0.00011914968315538718
0 15 5250.766572952839 25.10687122108645 0.22244832240488194 0.00011914968315538718
0 16 5250.766572952839 25.10687122108645 0.22244832240488194 0.00011914968315538718
0 17 5250.766572952839 25.10687122108645 0.22244832240488194 0.00011914968315538718
0 18 5250.766572952839 25.10687122108645 0.22244832240488194 0.00011914968315538718
0 19 5429.137462227493 26.836698452130108 0.3572930598236699 9.49374442455858e-05
0 20 5429.137462227493 26.836698452130108 0.3572930598236699 9.49374442455858e-05
0 21 5429.137462227493 26.836698452130108 0.3572930598236699 9.49374442455858e-05
0 22 5429.137462227493 26.836698452130108 0.3572930598236699 9.49374442455858e-05
0 23 5429.137462227493 26.836698452130108 0.3572930598236699 9.49374442455858e-05
0 24 5429.137462227493 26.836698452130108 0.3572930598236699 9.49374442455858e-05
0 25 5384.894322117294 23.904642072744508 0.45572752851394677 0.00012773275366114361
0 26 5384.894322117294 23.904642072744508 0.45572752851394677 0.00012773275366114361
0 27 5384.894322117294 23.904642072744508 0.45572752851394677 0.00012773275366114361
0 28 5384.894322117294 23.904642072744508 0.45572752851394677 0.00012773275366114361
0 29 5384.894322117294 23.904642072744508 0.45572752851394677 0.00012773275366114361
0 30 5095.544024418783 29.326761728649032 0.3802211679288796 0.00012022256913609238
0 31 5095.544024418783 29.326761728649032 0.3802211679288796 0.00012022256913609238
0 32 5095.544024418783 29.326761728649032 0.3802211679288796 0.00012022256913609238
0 33 5095.544024418783 29.326761728649032 0.3802211679288796 0.00012022256913609238
0 34 5322.69465904326 29.15649748065441 0.3185367917501307 8.412938690126077e-05
0 35 5322.69465904326 29.15649748065441 0.3185367917501307 8.412938690126077e-05
0 36 5322.69465904326 29.15649748065441 0.3185367917501307 8.412938690126077e-05
0 37 5322.69465904326 29.15649748065441 0.3185367917501307 8.412938690126077e-05
0 38 5322.69465904326 29.15649748065441 0.3185367917501307 8.412938690126077e-05
0 39 5322.69465904326 29.15649748065441 0.3185367917501307 8.412938690126077e-05
0 40 5652.316582010558 24.68179893681943 0.23487252297676306 0.00010555982602868379
0 41 5652.316582010558 24.68179893681943 0.23487252297676306 0.00010555982602868379
0 42 5652.316582010558 24.68179893681943 0.23487252297676306 0.00010555982602868379
0 43 5652.316582010558 24.68179893681943 0.23487252297676306 0.00010555982602868379
0 44 5652.316582010558 24.68179893681943 0.23487252297676306 0.00010555982602868379
0 45 5652.316582010558 24.68179893681943 0.23487252297676306 0.00010555982602868379
0 46 5357.048373160065 27.941552435127193 0.2588484311083812 7.909537090060138e-05
0 47 5357.048373160065 27.941552435127193 0.2588484311083812 7.909537090060138e-05
0 48 5357.048373160065 27.941552435127193 0.2588484311083812 7.909537090060138e-05
0 49 5357.048373160065 27.941552435127193 0.2588484311083812 7.909537090060138e-05
0 50 5357.048373160065 27.941552435127193 0.2588484311083812 7.909537090060138e-05
0 51 5357.048373160065 27.941552435127193 0.2588484311083812 7.909537090060138e-05
0 52 5357.048373160065 27.941552435127193 0.2588484311083812 7.909537090060138e-05
0 53 5357.048373160065 27.941552435127193 0.2588484311083812 7.909537090060138e-05
0 54 5361.10384501966 28.54907592665669 0.41905782861657426 9.161234679067829e-05
0 55 5361.10384501966 28.54907592665669 0.41905782861657426 9.161234679067829e-05
1 0 3858.816934243879 31.855655483114738 0.3464200323865856 6.967779821991912e-05
1 1 3858.816934243879 31.855655483114738 0.3464200323865856 6.967779821991912e-05
1 2 3871.335518394636 32.63474882111822 0.2543225381837605 5.9068120731802205e-05
1 3 3871.335518394636 32.63474882111822 0.2543225381837605 5.9068120731802205e-05
1 4 3871.335518394636 32.63474882111822 0.2543225381837605 5.9068120731802205e-05
1 5 3871.335518394636 32.63474882111822 0.2543225381837605 5.9068120731802205e-05
1 6 3871.335518394636 32.63474882111822 0.2543225381837605 5.9068120731802205e-05
1 7 3871.335518394636 32.63474882111822 0.2543225381837605 5.9068120731802205e-05
1 8 3860.2657616547517 31.565151444244712 0.2429267375686841 6.312109136834934e-05
1 9 3860.2657616547517 31.565151444244712 0.2429267375686841 6.312109136834934e-05
1 10 3860.2657616547517 31.565151444244712 0.2429267375686841 6.312109136834934e-05
1 11 3860.2657616547517 31.565151444244712 0.2429267375686841 6.312109136834934e-05
1 12 3860.2657616547517 31.565151444244712 0.2429267375686841 6.312109136834934e-05
1 13 3860.2657616547517 31.565151444244712 0.2429267375686841 6.312109136834934e-05
1 14 3859.7539191897517 31.522464797826906 0.222184128671188 6.84857375047294e-05
1 15 3859.7539191897517 31.522464797826906 0.222184128671188 6.84857375047294e-05
1 16 3859.7539191897517 31.522464797826906 0.222184128671188 6.84857375047294e-05
1 17 3859.7539191897517 31.522464797826906 0.222184128671188 6.84857375047294e-05
1 18 3859.7539191897517 31.522464797826906 0.222184128671188 6.84857375047294e-05
1 19 3862.555875358698 31.772113525461016 0.3159698868951841 7.260323753920572e-05
1 20 3862.555875358698 31.772113525461016 0.3159698868951841 7.260323753920572e-05
1 21 3862.555875358698 31.772113525461016 0.3159698868951841 7.260323753920572e-05
1 22 3862.555875358698 31.772113525461016 0.3159698868951841 7.260323753920572e-05
1 23 3862.555875358698 31.772113525461016 0.3159698868951841 7.260323753920572e-05
1 24 3862.555875358698 31.772113525461016 0.3159698868951841 7.260323753920572e-05
1 25 3857.3026452188624 32.22448790875502 0.41794247268498697 0.00011337976188692168
1 26 3857.3026452188624 32.22448790875502 0.41794247268498697 0.00011337976188692168
1 27 3857.3026452188624 32.22448790875502 0.41794247268498697 0.00011337976188692168
1 28 3857.3026452188624 32.22448790875502 0.41794247268498697 0.00011337976188692168
1 29 3857.3026452188624 32.22448790875502 0.41794247268498697 0.00011337976188692168
1 30 3860.7197201013323 31.507008504087644 0.21162535586374073 8.946657113165552e-05
1 31 3860.7197201013323 31.507008504087644 0.21162535586374073 8.946657113165552e-05
1 32 3860.7197201013323 31.507008504087644 0.21162535586374073 8.946657113165552e-05
1 33 3860.7197201013323 31.507008504087644 0.21162535586374073 8.946657113165552e-05
1 34 3867.0965301496517 31.029910328095546 0.08179646369559601 4.112633834271932e-06
1 35 3867.0965301496517 31.029910328095546 0.08179646369559601 4.112633834271932e-06
1 36 3867.0965301496517 31.029910328095546 0.08179646369559601 4.112633834271932e-06
1 37 3867.0965301496517 31.029910328095546 0.08179646369559601 4.112633834271932e-06
1 38 3867.0965301496517 31.029910328095546 0.08179646369559601 4.112633834271932e-06
1 39 3867.0965301496517 31.029910328095546 0.08179646369559601 4.112633834271932e-06
1 40 3847.937038105695 34.52324145754127 0.8954046002651492 9.006261815936551e-05
1 41 3847.937038105695 34.52324145754127 0.8954046002651492 9.006261815936551e-05
1 42 3847.937038105695 34.52324145754127 0.8954046002651492 9.006261815936551e-05
1 43 3847.937038105695 34.52324145754127 0.8954046002651492 9.006261815936551e-05
1 44 3847.937038105695 34.52324145754127 0.8954046002651492 9.006261815936551e-05
1 45 3847.937038105695 34.52324145754127 0.8954046002651492 9.006261815936551e-05
1 46 3860.9122877232685 31.83218236697319 0.3254640175630322 8.147954691200426e-05
1 47 3860.9122877232685 31.83218236697319 0.3254640175630322 8.147954691200426e-05
1 48 3860.9122877232685 31.83218236697319 0.3254640175630322 8.147954691200426e-05
1 49 3860.9122877232685 31.83218236697319 0.3254640175630322 8.147954691200426e-05
1 50 3860.9122877232685 31.83218236697319 0.3254640175630322 8.147954691200426e-05
1 51 3860.9122877232685 31.83218236697319 0.3254640175630322 8.147954691200426e-05
1 52 3860.9122877232685 31.83218236697319 0.3254640175630322 8.147954691200426e-05
1 53 3860.9122877232685 31.83218236697319 0.3254640175630322 8.147954691200426e-05
1 54 3857.530035338897 32.15737491257132 0.3982741859697301 7.671110420243843e-05
1 55 3857.530035338897 32.15737491257132 0.3982741859697301 7.671110420243843e-05
2 0 1967.4501509573606 21.774299629341098 0.31372205902340344 9.590365980545037e-05
2 1 1967.4501509573606 21.774299629341098 0.31372205902340344 9.590365980545037e-05
2 2 1967.7984109360987 21.72713676718926 0.3099822661328651 9.471128030316375e-05
2 3 1967.7984109360987 21.72713676718926 0.3099822661328651 9.471128030316375e-05
2 4 1967.7984109360987 21.72713676718926 0.3099822661328651 9.471128030316375e-05
2 5 1967.7984109360987 21.72713676718926 0.3099822661328651 9.471128030316375e-05
2 6 1967.7984109360987 21.72713676718926 0.3099822661328651 9.471128030316375e-05
2 7 1967.7984109360987 21.72713676718926 0.3099822661328651 9.471128030316375e-05
2 8 1966.9662735804527 21.974782089460042 0.3253410413869501 9.208917604168384e-05
2 9 1966.9662735804527 21.974782089460042 0.3253410413869501 9.208917604168384e-05
2 10 1966.9662735804527 21.974782089460042 0.3253410413869501 9.208917604168384e-05
2 11 1966.9662735804527 21.974782089460042 0.3253410413869501 9.208917604168384e-05
2 12 1966.9662735804527 21.974782089460042 0.3253410413869501 9.208917604168384e-05
2 13 1966.9662735804527 21.974782089460042 0.3253410413869501 9.208917604168384e-05
2 14 1967.5230875069258 21.75002821161702 0.3191341888881258 9.208829909257638e-05
2 15 1967.5230875069258 21.75002821161702 0.3191341888881258 9.208829909257638e-05
2 16 1967.5230875069258 21.75002821161702 0.3191341888881258 9.208829909257638e-05
2 17 1967.5230875069258 21.75002821161702 0.3191341888881258 9.208829909257638e-05
2 18 1967.5230875069258 21.75002821161702 0.3191341888881258 9.208829909257638e-05
2 19 1966.8523931203745 21.96902266150527 0.30801293317586914 8.350610745803961e-05
2 20 1966.8523931203745 21.96902266150527 0.30801293317586914 8.350610745803961e-05
2 21 1966.8523931203745 21.96902266150527 0.30801293317586914 8.350610745803961e-05
2 22 1966.8523931203745 21.96902266150527 0.30801293317586914 8.350610745803961e-05
2 23 1966.8523931203745 21.96902266150527 0.30801293317586914 8.350610745803961e-05
2 24 1966.8523931203745 21.96902266150527 0.30801293317586914 8.350610745803961e-05
2 25 1967.7153704846842 22.264930144991595 0.3109294706651983 9.042024156597884e-05
2 26 1967.7153704846842 22.264930144991595 0.3109294706651983 9.042024156597884e-05
2 27 1967.7153704846842 22.264930144991595 0.3109294706651983 9.042024156597884e-05
2 28 1967.7153704846842 22.264930144991595 0.3109294706651983 9.042024156597884e-05
2 29 1967.7153704846842 22.264930144991595 0.3109294706651983 9.042024156597884e-05
2 30 1966.9517820622245 21.966812771642644 0.31457458293955987 9.087876312123913e-05
2 31 1966.9517820622245 21.966812771642644 0.31457458293955987 9.087876312123913e-05
2 32 1966.9517820622245 21.966812771642644 0.31457458293955987 9.087876312123913e-05
2 33 1966.9517820622245 21.966812771642644 0.31457458293955987 9.087876312123913e-05
2 34 1968.9283871458813 22.47294207155238 0.3165844392948864 9.0131064639586e-05
2 35 1968.9283871458813 22.47294207155238 0.3165844392948864 9.0131064639586e-05
2 36 1968.9283871458813 22.47294207155238 0.3165844392948864 9.0131064639586e-05
2 37 1968.9283871458813 22.47294207155238 0.3165844392948864 9.0131064639586e-05
2 38 1968.9283871458813 22.47294207155238 0.3165844392948864 9.0131064639586e-05
2 39 1968.9283871458813 22.47294207155238 0.3165844392948864 9.0131064639586e-05
2 40 1967.1090109674406 21.931516314111484 0.30941553428279733 8.934736353851384e-05
2 41 1967.1090109674406 21.931516314111484 0.30941553428279733 8.934736353851384e-05
2 42 1967.1090109674406 21.931516314111484 0.30941553428279733 8.934736353851384e-05
2 43 1967.1090109674406 21.931516314111484 0.30941553428279733 8.934736353851384e-05
2 44 1967.1090109674406 21.931516314111484 0.30941553428279733 8.934736353851384e-05
2 45 1967.1090109674406 21.931516314111484 0.30941553428279733 8.934736353851384e-05
2 46 1967.2050002846925 21.994764365646073 0.3134330449879644 9.81689640060711e-05
2 47 1967.2050002846925 21.994764365646073 0.3134330449879644 9.81689640060711e-05
2 48 1967.2050002846925 21.994764365646073 0.3134330449879644 9.81689640060711e-05
2 49 1967.2050002846925 21.994764365646073 0.3134330449879644 9.81689640060711e-05
2 50 1967.2050002846925 21.994764365646073 0.3134330449879644 9.81689640060711e-05
2 51 1967.2050002846925 21.994764365646073 0.3134330449879644 9.81689640060711e-05
2 52 1967.2050002846925 21.994764365646073 0.3134330449879644 9.81689640060711e-05
2 53 1967.2050002846925 21.994764365646073 0.3134330449879644 9.81689640060711e-05
2 54 1967.1402528673796 22.05558948592818 0.31104285664797904 9.280442421578022e-05
2 55 1967.1402528673796 22.05558948592818 0.31104285664797904 9.280442421578022e-05
3 0 1196.0737945293681 24.153855678603446 0.3037681492179114 9.411573638840066e-05
3 1 1196.0737945293681 24.153855678603446 0.3037681492179114 9.411573638840066e-05
3 2 1197.1056056170974 24.098467334588804 0.28211929316497164 9.390714755022313e-05
3 3 1197.1056056170974 24.098467334588804 0.28211929316497164 9.390714755022313e-05
3 4 1197.1056056170974 24.098467334588804 0.28211929316497164 9.390714755022313e-05
3 5 1197.1056056170974 24.098467334588804 0.28211929316497164 9.390714755022313e-05
3 6 1197.1056056170974 24.098467334588804 0.28211929316497164 9.390714755022313e-05
3 7 1197.1056056170974 24.098467334588804 0.28211929316497164 9.390714755022313e-05
3 8 1196.1238676805756 24.143721147212776 0.29624301130102343 9.220838689044845e-05
3 9 1196.1238676805756 24.143721147212776 0.29624301130102343 9.220838689044845e-05
3 10 1196.1238676805756 24.143721147212776 0.29624301130102343 9.220838689044845e-05
3 11 1196.1238676805756 24.143721147212776 0.29624301130102343 9.220838689044845e-05
3 12 1196.1238676805756 24.143721147212776 0.29624301130102343 9.220838689044845e-05
3 13 1196.1238676805756 24.143721147212776 0.29624301130102343 9.220838689044845e-05
3 14 1196.2731589508248 24.14736440271202 0.30824563374850233 9.423494329686161e-05
3 15 1196.2731589508248 24.14736440271202 0.30824563374850233 9.423494329686161e-05
3 16 1196.2731589508248 24.14736440271202 0.30824563374850233 9.423494329686161e-05
3 17 1196.2731589508248 24.14736440271202 0.30824563374850233 9.423494329686161e-05
3 18 1196.2731589508248 24.14736440271202 0.30824563374850233 9.423494329686161e-05
3 19 1195.9791949901828 24.160230095160152 0.31239822331115874 9.113550155234477e-05
3 20 1195.9791949901828 24.160230095160152 0.31239822331115874 9.113550155234477e-05
3 21 1195.9791949901828 24.160230095160152 0.31239822331115874 9.113550155234477e-05
3 22 1195.9791949901828 24.160230095160152 0.31239822331115874 9.113550155234477e-05
3 23 1195.9791949901828 24.160230095160152 0.31239822331115874 9.113550155234477e-05
3 24 1195.9791949901828 24.160230095160152 0.31239822331115874 9.113550155234477e-05
3 25 1196.3136771226552 24.108863996328637 0.2830977463057865 9.17315467112142e-05
3 26 1196.3136771226552 24.108863996328637 0.2830977463057865 9.17315467112142e-05
3 27 1196.3136771226552 24.108863996328637 0.2830977463057865 9.17315467112142e-05
3 28 1196.3136771226552 24.108863996328637 0.2830977463057865 9.17315467112142e-05
3 29 1196.3136771226552 24.108863996328637 0.2830977463057865 9.17315467112142e-05
3 30 1196.4807703121312 24.120236888437937 0.28186658096752715 9.01570430085473e-05
3 31 1196.4807703121312 24.120236888437937 0.28186658096752715 9.01570430085473e-05
3 32 1196.4807703121312 24.120236888437937 0.28186658096752715 9.01570430085473e-05
3 33 1196.4807703121312 24.120236888437937 0.28186658096752715 9.01570430085473e-05
3 34 1196.1006280367715 24.080747230243134 0.3086978894537722 9.554624546752755e-05
3 35 1196.1006280367715 24.080747230243134 0.3086978894537722 9.554624546752755e-05
3 36 1196.1006280367715 24.080747230243134 0.3086978894537722 9.554624546752755e-05
3 37 1196.1006280367715 24.080747230243134 0.3086978894537722 9.554624546752755e-05
3 38 1196.1006280367715 24.080747230243134 0.3086978894537722 9.554624546752755e-05
3 39 1196.1006280367715 24.080747230243134 0.3086978894537722 9.554624546752755e-05
3 40 1196.4642290466113 24.12281904702793 0.29400235997278734 9.668240350621093e-05
3 41 1196.4642290466113 24.12281904702793 0.29400235997278734 9.668240350621093e-05
3 42 1196.4642290466113 24.12281904702793 0.29400235997278734 9.668240350621093e-05
3 43 1196.4642290466113 24.12281904702793 0.29400235997278734 9.668240350621093e-05
3 44 1196.4642290466113 24.12281904702793 0.29400235997278734 9.668240350621093e-05
3 45 1196.4642290466113 24.12281904702793 0.29400235997278734 9.668240350621093e-05
3 46 1196.1783252592713 24.15004635049972 0.30247652263042235 9.106944907157549e-05
3 47 1196.1783252592713 24.15004635049972 0.30247652263042235 9.106944907157549e-05
3 48 1196.1783252592713 24.15004635049972 0.30247652263042235 9.106944907157549e-05
3 49 1196.1783252592713 24.15004635049972 0.30247652263042235 9.106944907157549e-05
3 50 1196.1783252592713 24.15004635049972 0.30247652263042235 9.106944907157549e-05
3 51 1196.1783252592713 24.15004635049972 0.30247652263042235 9.106944907157549e-05
3 52 1196.1783252592713 24.15004635049972 0.30247652263042235 9.106944907157549e-05
3 53 1196.1783252592713 24.15004635049972 0.30247652263042235 9.106944907157549e-05
3 54 1196.2125571799806 24.14302165209903 0.3000105186636186 9.303761679027543e-05
3 55 1196.2125571799806 24.14302165209903 0.3000105186636186 9.303761679027543e-05
4 0 530.7950368080649 27.46335346031163 0.8061930795549891 7.981061933657525e-05
4 1 530.7950368080649 27.46335346031163 0.8061930795549891 7.981061933657525e-05
4 2 528.7648856429439 27.144081002658588 0.796185213381647 9.419602178411784e-05
4 3 528.7648856429439 27.144081002658588 0.796185213381647 9.419602178411784e-05
4 4 528.7648856429439 27.144081002658588 0.796185213381647 9.419602178411784e-05
4 5 528.7648856429439 27.144081002658588 0.796185213381647 9.419602178411784e-05
4 6 528.7648856429439 27.144081002658588 0.796185213381647 9.419602178411784e-05
4 7 528.7648856429439 27.144081002658588 0.796185213381647 9.419602178411784e-05
4 8 529.6810097054533 26.675793762188636 0.6876201620081792 0.00010019541046351243
4 9 529.6810097054533 26.675793762188636 0.6876201620081792 0.00010019541046351243
4 10 529.6810097054533 26.675793762188636 0.6876201620081792 0.00010019541046351243
4 11 529.6810097054533 26.675793762188636 0.6876201620081792 0.00010019541046351243
4 12 529.6810097054533 26.675793762188636 0.6876201620081792 0.00010019541046351243
4 13 529.6810097054533 26.675793762188636 0.6876201620081792 0.00010019541046351243
4 14 540.3554990969517 26.017197439853565 0.3501141310336631 8.89896804344094e-05
4 15 540.3554990969517 26.017197439853565 0.3501141310336631 8.89896804344094e-05
4 16 540.3554990969517 26.017197439853565 0.3501141310336631 8.89896804344094e-05
4 17 540.3554990969517 26.017197439853565 0.3501141310336631 8.89896804344094e-05
4 18 540.3554990969517 26.017197439853565 0.3501141310336631 8.89896804344094e-05
4 19 545.146334513605 25.367010797610327 0.27214149604914006 9.137392003043317e-05
4 20 545.146334513605 25.367010797610327 0.27214149604914006 9.137392003043317e-05
4 21 545.146334513605 25.367010797610327 0.27214149604914006 9.137392003043317e-05
4 22 545.146334513605 25.367010797610327 0.27214149604914006 9.137392003043317e-05
4 23 545.146334513605 25.367010797610327 0.27214149604914006 9.137392003043317e-05
4 24 545.146334513605 25.367010797610327 0.27214149604914006 9.137392003043317e-05
4 25 547.4134196355949 25.142580199330283 0.30204777773317093 8.72015953930679e-05
4 26 547.4134196355949 25.142580199330283 0.30204777773317093 8.72015953930679e-05
4 27 547.4134196355949 25.142580199330283 0.30204777773317093 8.72015953930679e-05
4 28 547.4134196355949 25.142580199330283 0.30204777773317093 8.72015953930679e-05
4 29 547.4134196355949 25.142580199330283 0.30204777773317093 8.72015953930679e-05
4 30 536.7359919742778 25.672688471629485 0.31958131214971996 9.135760836222781e-05
4 31 536.7359919742778 25.672688471629485 0.31958131214971996 9.135760836222781e-05
4 32 536.7359919742778 25.672688471629485 0.31958131214971996 9.135760836222781e-05
4 33 536.7359919742778 25.672688471629485 0.31958131214971996 9.135760836222781e-05
4 34 543.7514704500321 25.703997229156027 0.3170988316407933 9.5427036404617e-05
4 35 543.7514704500321 25.703997229156027 0.3170988316407933 9.5427036404617e-05
4 36 543.7514704500321 25.703997229156027 0.3170988316407933 9.5427036404617e-05
4 37 543.7514704500321 25.703997229156027 0.3170988316407933 9.5427036404617e-05
4 38 543.7514704500321 25.703997229156027 0.3170988316407933 9.5427036404617e-05
4 39 543.7514704500321 25.703997229156027 0.3170988316407933 9.5427036404617e-05
4 40 545.63220810601 24.894595207235312 0.3396906169509184 7.213176647771412e-05
4 41 545.63220810601 24.894595207235312 0.3396906169509184 7.213176647771412e-05
4 42 545.63220810601 24.894595207235312 0.3396906169509184 7.213176647771412e-05
4 43 545.63220810601 24.894595207235312 0.3396906169509184 7.213176647771412e-05
4 44 545.63220810601 24.894595207235312 0.3396906169509184 7.213176647771412e-05
4 45 545.63220810601 24.894595207235312 0.3396906169509184 7.213176647771412e-05
4 46 531.8378745816815 25.83088633812193 0.4471431165728136 8.894129127791466e-05
4 47 531.8378745816815 25.83088633812193 0.4471431165728136 8.894129127791466e-05
4 48 531.8378745816815 25.83088633812193 0.4471431165728136 8.894129127791466e-05
4 49 531.8378745816815 25.83088633812193 0.4471431165728136 8.894129127791466e-05
4 50 531.8378745816815 25.83088633812193 0.4471431165728136 8.894129127791466e-05
4 51 531.8378745816815 25.83088633812193 0.4471431165728136 8.894129127791466e-05
4 52 531.8378745816815 25.83088633812193 0.4471431165728136 8.894129127791466e-05
4 53 531.8378745816815 25.83088633812193 0.4471431165728136 8.894129127791466e-05
4 54 542.9281824942959 25.45777424935661 0.29200986794468786 8.530549790881375e-05
4 55 542.9281824942959 25.45777424935661 0.29200986794468786 8.530549790881375e-05
5 0 578.6351251633657 25.30348284097618 0.33905778228325856 9.804962288401071e-05
5 1 578.6351251633657 25.30348284097618 0.33905778228325856 9.804962288401071e-05
5 2 510.66339234785755 25.55223537641921 0.5042507090528727 8.982419990516334e-05
5 3 510.66339234785755 25.55223537641921 0.5042507090528727 8.982419990516334e-05
5 4 510.66339234785755 25.55223537641921 0.5042507090528727 8.982419990516334e-05
5 5 510.66339234785755 25.55223537641921 0.5042507090528727 8.982419990516334e-05
5 6 510.66339234785755 25.55223537641921 0.5042507090528727 8.982419990516334e-05
5 7 510.66339234785755 25.55223537641921 0.5042507090528727 8.982419990516334e-05
5 8 581.7512604077632 25.129728309212233 0.3540369372498249 9.292364119280232e-05
5 9 581.7512604077632 25.129728309212233 0.3540369372498249 9.292364119280232e-05
5 10 581.7512604077632 25.129728309212233 0.3540369372498249 9.292364119280232e-05
5 11 581.7512604077632 25.129728309212233 0.3540369372498249 9.292364119280232e-05
5 12 581.7512604077632 25.129728309212233 0.3540369372498249 9.292364119280232e-05
5 13 581.7512604077632 25.129728309212233 0.3540369372498249 9.292364119280232e-05
5 14 510.1501623988253 26.954258410306572 0.8638231797497298 8.994340729617909e-05
5 15 510.1501623988253 26.954258410306572 0.8638231797497298 8.994340729617909e-05
5 16 510.1501623988253 26.954258410306572 0.8638231797497298 8.994340729617909e-05
5 17 510.1501623988253 26.954258410306572 0.8638231797497298 8.994340729617909e-05
5 18 510.1501623988253 26.954258410306572 0.8638231797497298 8.994340729617909e-05
5 19 529.183967684589 28.555719451849193 0.9266735024289299 9.878747788016694e-05
5 20 529.183967684589 28.555719451849193 0.9266735024289299 9.878747788016694e-05
5 21 529.183967684589 28.555719451849193 0.9266735024289299 9.878747788016694e-05
5 22 529.183967684589 28.555719451849193 0.9266735024289299 9.878747788016694e-05
5 23 529.183967684589 28.555719451849193 0.9266735024289299 9.878747788016694e-05
5 24 529.183967684589 28.555719451849193 0.9266735024289299 9.878747788016694e-05
5 25 580.7814187516085 25.265850254984436 0.32373197042056856 9.077787397269871e-05
5 26 580.7814187516085 25.265850254984436 0.32373197042056856 9.077787397269871e-05
5 27 580.7814187516085 25.265850254984436 0.32373197042056856 9.077787397269871e-05
5 28 580.7814187516085 25.265850254984436 0.32373197042056856 9.077787397269871e-05
5 29 580.7814187516085 25.265850254984436 0.32373197042056856 9.077787397269871e-05
5 30 585.3625377810115 24.810750828113953 0.3029370131897282 9.4831068735419e-05
5 31 585.3625377810115 24.810750828113953 0.3029370131897282 9.4831068735419e-05
5 32 585.3625377810115 24.810750828113953 0.3029370131897282 9.4831068735419e-05
5 33 585.3625377810115 24.810750828113953 0.3029370131897282 9.4831068735419e-05
5 34 572.3178207696748 25.379425424524953 0.49477348236819385 9.733438477538371e-05
5 35 572.3178207696748 25.379425424524953 0.49477348236819385 9.733438477538371e-05
5 36 572.3178207696748 25.379425424524953 0.49477348236819385 9.733438477538371e-05
5 37 572.3178207696748 25.379425424524953 0.49477348236819385 9.733438477538371e-05
5 38 572.3178207696748 25.379425424524953 0.49477348236819385 9.733438477538371e-05
5 39 572.3178207696748 25.379425424524953 0.49477348236819385 9.733438477538371e-05
5 40 588.2539768973197 24.837526724496104 0.28608340434491353 8.076429338447474e-05
5 41 588.2539768973197 24.837526724496104 0.28608340434491353 8.076429338447474e-05
5 42 588.2539768973197 24.837526724496104 0.28608340434491353 8.076429338447474e-05
5 43 588.2539768973197 24.837526724496104 0.28608340434491353 8.076429338447474e-05
5 44 588.2539768973197 24.837526724496104 0.28608340434491353 8.076429338447474e-05
5 45 588.2539768973197 24.837526724496104 0.28608340434491353 8.076429338447474e-05
5 46 583.3712118494841 24.96981922516032 0.3450808123664573 7.432702447837089e-05
5 47 583.3712118494841 24.96981922516032 0.3450808123664573 7.432702447837089e-05
5 48 583.3712118494841 24.96981922516032 0.3450808123664573 7.432702447837089e-05
5 49 583.3712118494841 24.96981922516032 0.3450808123664573 7.432702447837089e-05
5 50 583.3712118494841 24.96981922516032 0.3450808123664573 7.432702447837089e-05
5 51 583.3712118494841 24.96981922516032 0.3450808123664573 7.432702447837089e-05
5 52 583.3712118494841 24.96981922516032 0.3450808123664573 7.432702447837089e-05
5 53 583.3712118494841 24.96981922516032 0.3450808123664573 7.432702447837089e-05
5 54 587.2345119266795 24.030751295883928 0.30211059706650334 8.469820241090571e-05
5 55 587.2345119266795 24.030751295883928 0.30211059706650334 8.469820241090571e-05
6 0 433.4487370792361 27.976817920446262 0.19232643930131998 7.230299710441077e-05
6 1 433.4487370792361 27.976817920446262 0.19232643930131998 7.230299710441077e-05
6 2 425.49295355825143 27.872832252105226 0.20377193088286322 7.236507938322332e-05
6 3 425.49295355825143 27.872832252105226 0.20377193088286322 7.236507938322332e-05
6 4 425.49295355825143 27.872832252105226 0.20377193088286322 7.236507938322332e-05
6 5 425.49295355825143 27.872832252105226 0.20377193088286322 7.236507938322332e-05
6 6 425.49295355825143 27.872832252105226 0.20377193088286322 7.236507938322332e-05
6 7 425.49295355825143 27.872832252105226 0.20377193088286322 7.236507938322332e-05
6 8 424.4571989601853 32.10148267208859 1.1301744339651507 8.541345578753208e-05
6 9 424.4571989601853 32.10148267208859 1.1301744339651507 8.541345578753208e-05
6 10 424.4571989601853 32.10148267208859 1.1301744339651507 8.541345578753208e-05
6 11 424.4571989601853 32.10148267208859 1.1301744339651507 8.541345578753208e-05
6 12 424.4571989601853 32.10148267208859 1.1301744339651507 8.541345578753208e-05
6 13 424.4571989601853 32.10148267208859 1.1301744339651507 8.541345578753208e-05
6 14 427.98508661663766 30.144592362339203 1.0080366170485684 0.00010830163943423927
6 15 427.98508661663766 30.144592362339203 1.0080366170485684 0.00010830163943423927
6 16 427.98508661663766 30.144592362339203 1.0080366170485684 0.00010830163943423927
6 17 427.98508661663766 30.144592362339203 1.0080366170485684 0.00010830163943423927
6 18 427.98508661663766 30.144592362339203 1.0080366170485684 0.00010830163943423927
6 19 433.3347227671459 27.672800195797493 0.2477544775300149 0.00010877847546950531
6 20 433.3347227671459 27.672800195797493 0.2477544775300149 0.00010877847546950531
6 21 433.3347227671459 27.672800195797493 0.2477544775300149 0.00010877847546950531
6 22 433.3347227671459 27.672800195797493 0.2477544775300149 0.00010877847546950531
6 23 433.3347227671459 27.672800195797493 0.2477544775300149 0.00010877847546950531
6 24 433.3347227671459 27.672800195797493 0.2477544775300149 0.00010877847546950531
6 25 433.3878847885711 27.4636542049969 0.205692509665592 0.00011843442816539367
6 26 433.3878847885711 27.4636542049969 0.205692509665592 0.00011843442816539367
6 27 433.3878847885711 27.4636542049969 0.205692509665592 0.00011843442816539367
6 28 433.3878847885711 27.4636542049969 0.205692509665592 0.00011843442816539367
6 29 433.3878847885711 27.4636542049969 0.205692509665592 0.00011843442816539367
6 30 432.72548728006274 28.37509408944529 0.266354085518695 0.00010377169468644188
6 31 432.72548728006274 28.37509408944529 0.266354085518695 0.00010377169468644188
6 32 432.72548728006274 28.37509408944529 0.266354085518695 0.00010377169468644188
6 33 432.72548728006274 28.37509408944529 0.266354085518695 0.00010377169468644188
6 34 432.9082586967678 27.774016540213044 0.29219223030549507 8.684396729374575e-05
6 35 432.9082586967678 27.774016540213044 0.29219223030549507 8.684396729374575e-05
6 36 432.9082586967678 27.774016540213044 0.29219223030549507 8.684396729374575e-05
6 37 432.9082586967678 27.774016540213044 0.29219223030549507 8.684396729374575e-05
6 38 432.9082586967678 27.774016540213044 0.29219223030549507 8.684396729374575e-05
6 39 432.9082586967678 27.774016540213044 0.29219223030549507 8.684396729374575e-05
6 40 426.21424531894615 27.39660930794264 -0.04056782671920778 0.00011605024838858447
6 41 426.21424531894615 27.39660930794264 -0.04056782671920778 0.00011605024838858447
6 42 426.21424531894615 27.39660930794264 -0.04056782671920778 0.00011605024838858447
6 43 426.21424531894615 27.39660930794264 -0.04056782671920778 0.00011605024838858447
6 44 426.21424531894615 27.39660930794264 -0.04056782671920778 0.00011605024838858447
6 45 426.21424531894615 27.39660930794264 -0.04056782671920778 0.00011605024838858447
6 46 432.9039563399611 28.334314426640297 0.28451854403830723 8.505582928075144e-05
6 47 432.9039563399611 28.334314426640297 0.28451854403830723 8.505582928075144e-05
6 48 432.9039563399611 28.334314426640297 0.28451854403830723 8.505582928075144e-05
6 49 432.9039563399611 28.334314426640297 0.28451854403830723 8.505582928075144e-05
6 50 432.9039563399611 28.334314426640297 0.28451854403830723 8.505582928075144e-05
6 51 432.9039563399611 28.334314426640297 0.28451854403830723 8.505582928075144e-05
6 52 432.9039563399611 28.334314426640297 0.28451854403830723 8.505582928075144e-05
6 53 432.9039563399611 28.334314426640297 0.28451854403830723 8.505582928075144e-05
6 54 433.18292004362104 28.28490488246372 0.2884554913259496 8.171796802083461e-05
6 55 433.18292004362104 28.28490488246372 0.2884554913259496 8.171796802083461e-05
7 0 289.2973058844597 25.393588306620117 0.2958805364749155 9.042665923170043e-05
7 1 289.2973058844597 25.393588306620117 0.2958805364749155 9.042665923170043e-05
7 2 289.5139342228758 24.93047702544702 0.2796686956157588 8.803606030666043e-05
7 3 289.5139342228758 24.93047702544702 0.2796686956157588 8.803606030666043e-05
7 4 289.5139342228758 24.93047702544702 0.2796686956157588 8.803606030666043e-05
7 5 289.5139342228758 24.93047702544702 0.2796686956157588 8.803606030666043e-05
7 6 289.5139342228758 24.93047702544702 0.2796686956157588 8.803606030666043e-05
7 7 289.5139342228758 24.93047702544702 0.2796686956157588 8.803606030666043e-05
7 8 289.28112632146906 25.400083588263286 0.30481204884669677 8.875131524511867e-05
7 9 289.28112632146906 25.400083588263286 0.30481204884669677 8.875131524511867e-05
7 10 289.28112632146906 25.400083588263286 0.30481204884669677 8.875131524511867e-05
7 11 289.28112632146906 25.400083588263286 0.30481204884669677 8.875131524511867e-05
7 12 289.28112632146906 25.400083588263286 0.30481204884669677 8.875131524511867e-05
7 13 289.28112632146906 25.400083588263286 0.30481204884669677 8.875131524511867e-05
7 14 289.26631831229633 25.220821059642567 0.3753961003159489 8.697863612261962e-05
7 15 289.26631831229633 25.220821059642567 0.3753961003159489 8.697863612261962e-05
7 16 289.26631831229633 25.220821059642567 0.3753961003159489 8.697863612261962e-05
7 17 289.26631831229633 25.220821059642567 0.3753961003159489 8.697863612261962e-05
7 18 289.26631831229633 25.220821059642567 0.3753961003159489 8.697863612261962e-05
7 19 289.35142814861035 24.91509938713412 0.24475220594687008 8.623463306934749e-05
7 20 289.35142814861035 24.91509938713412 0.24475220594687008 8.623463306934749e-05
7 21 289.35142814861035 24.91509938713412 0.24475220594687008 8.623463306934749e-05
7 22 289.35142814861035 24.91509938713412 0.24475220594687008 8.623463306934749e-05
7 23 289.35142814861035 24.91509938713412 0.24475220594687008 8.623463306934749e-05
7 24 289.35142814861035 24.91509938713412 0.24475220594687008 8.623463306934749e-05
7 25 289.3142047304502 25.38063767893287 0.2744752280912812 8.910735533081098e-05
7 26 289.3142047304502 25.38063767893287 0.2744752280912812 8.910735533081098e-05
7 27 289.3142047304502 25.38063767893287 0.2744752280912812 8.910735533081098e-05
7 28 289.3142047304502 25.38063767893287 0.2744752280912812 8.910735533081098e-05
7 29 289.3142047304502 25.38063767893287 0.2744752280912812 8.910735533081098e-05
7 30 289.46283728936095 25.335949128698772 0.2921325630541516 8.767843260502992e-05
7 31 289.46283728936095 25.335949128698772 0.2921325630541516 8.767843260502992e-05
7 32 289.46283728936095 25.335949128698772 0.2921325630541516 8.767843260502992e-05
7 33 289.46283728936095 25.335949128698772 0.2921325630541516 8.767843260502992e-05
7 34 289.36492511308046 24.794378233490875 0.25590301013244965 9.232759458540522e-05
7 35 289.36492511308046 24.794378233490875 0.25590301013244965 9.232759458540522e-05
7 36 289.36492511308046 24.794378233490875 0.25590301013244965 9.232759458540522e-05
7 37 289.36492511308046 24.794378233490875 0.25590301013244965 9.232759458540522e-05
7 38 289.36492511308046 24.794378233490875 0.25590301013244965 9.232759458540522e-05
7 39 289.36492511308046 24.794378233490875 0.25590301013244965 9.232759458540522e-05
7 40 289.2882930063912 25.404528589952363 0.29706466295655576 9.198821484192663e-05
7 41 289.2882930063912 25.404528589952363 0.29706466295655576 9.198821484192663e-05
7 42 289.2882930063912 25.404528589952363 0.29706466295655576 9.198821484192663e-05
7 43 289.2882930063912 25.404528589952363 0.29706466295655576 9.198821484192663e-05
7 44 289.2882930063912 25.404528589952363 0.29706466295655576 9.198821484192663e-05
7 45 289.2882930063912 25.404528589952363 0.29706466295655576 9.198821484192663e-05
7 46 289.26651644021194 25.42938259589973 0.32899262885606967 8.865850542069391e-05
7 47 289.26651644021194 25.42938259589973 0.32899262885606967 8.865850542069391e-05
7 48 289.26651644021194 25.42938259589973 0.32899262885606967 8.865850542069391e-05
7 49 289.26651644021194 25.42938259589973 0.32899262885606967 8.865850542069391e-05
7 50 289.26651644021194 25.42938259589973 0.32899262885606967 8.865850542069391e-05
7 51 289.26651644021194 25.42938259589973 0.32899262885606967 8.865850542069391e-05
7 52 289.26651644021194 25.42938259589973 0.32899262885606967 8.865850542069391e-05
7 53 289.26651644021194 25.42938259589973 0.32899262885606967 8.865850542069391e-05
7 54 289.30379486337984 25.11205715413616 0.3232631898054924 9.328124855277872e-05
7 55 289.30379486337984 25.11205715413616 0.3232631898054924 9.328124855277872e-05
8 0 254.82214538568365 27.244517787600643 0.3713040349993602 8.744002058405561e-05
8 1 254.82214538568365 27.244517787600643 0.3713040349993602 8.744002058405561e-05
8 2 254.89237717507407 27.205269725678072 0.3730760837421859 8.863210937386008e-05
8 3 254.89237717507407 27.205269725678072 0.3730760837421859 8.863210937386008e-05
8 4 254.89237717507407 27.205269725678072 0.3730760837421859 8.863210937386008e-05
8 5 254.89237717507407 27.205269725678072 0.3730760837421859 8.863210937386008e-05
8 6 254.89237717507407 27.205269725678072 0.3730760837421859 8.863210937386008e-05
8 7 254.89237717507407 27.205269725678072 0.3730760837421859 8.863210937386008e-05
8 8 254.995780051515 26.98503174477071 0.27531252019493946 0.00010138750066085225
8 9 254.995780051515 26.98503174477071 0.27531252019493946 0.00010138750066085225
8 10 254.995780051515 26.98503174477071 0.27531252019493946 0.00010138750066085225
8 11 254.995780051515 26.98503174477071 0.27531252019493946 0.00010138750066085225
8 12 254.995780051515 26.98503174477071 0.27531252019493946 0.00010138750066085225
8 13 254.995780051515 26.98503174477071 0.27531252019493946 0.00010138750066085225
8 14 256.44449514313806 24.00085022784367 0.3100014083408815 8.231401883646865e-05
8 15 256.44449514313806 24.00085022784367 0.3100014083408815 8.231401883646865e-05
8 16 256.44449514313806 24.00085022784367 0.3100014083408815 8.231401883646865e-05
8 17 256.44449514313806 24.00085022784367 0.3100014083408815 8.231401883646865e-05
8 18 256.44449514313806 24.00085022784367 0.3100014083408815 8.231401883646865e-05
8 19 256.63051594712476 23.892576481664435 0.36640238031166783 8.95857837294534e-05
8 20 256.63051594712476 23.892576481664435 0.36640238031166783 8.95857837294534e-05
8 21 256.63051594712476 23.892576481664435 0.36640238031166783 8.95857837294534e-05
8 22 256.63051594712476 23.892576481664435 0.36640238031166783 8.95857837294534e-05
8 23 256.63051594712476 23.892576481664435 0.36640238031166783 8.95857837294534e-05
8 24 256.63051594712476 23.892576481664435 0.36640238031166783 8.95857837294534e-05
8 25 255.4491100985386 25.990799828333103 0.31485794673250744 0.00011247416292345855
8 26 255.4491100985386 25.990799828333103 0.31485794673250744 0.00011247416292345855
8 27 255.4491100985386 25.990799828333103 0.31485794673250744 0.00011247416292345855
8 28 255.4491100985386 25.990799828333103 0.31485794673250744 0.00011247416292345855
8 29 255.4491100985386 25.990799828333103 0.31485794673250744 0.00011247416292345855
8 30 254.78336333215123 26.495518596144592 0.1774457838860206 8.589029311636681e-05
8 31 254.78336333215123 26.495518596144592 0.1774457838860206 8.589029311636681e-05
8 32 254.78336333215123 26.495518596144592 0.1774457838860206 8.589029311636681e-05
8 33 254.78336333215123 26.495518596144592 0.1774457838860206 8.589029311636681e-05
8 34 256.60988046495476 23.258093713521305 0.2696881030311852 8.434057240881633e-05
8 35 256.60988046495476 23.258093713521305 0.2696881030311852 8.434057240881633e-05
8 36 256.60988046495476 23.258093713521305 0.2696881030311852 8.434057240881633e-05
8 37 256.60988046495476 23.258093713521305 0.2696881030311852 8.434057240881633e-05
8 38 256.60988046495476 23.258093713521305 0.2696881030311852 8.434057240881633e-05
8 39 256.60988046495476 23.258093713521305 0.2696881030311852 8.434057240881633e-05
8 40 254.68062954842108 27.213988069292302 0.3388857325523529 0.00010615199447509173
8 41 254.68062954842108 27.213988069292302 0.3388857325523529 0.00010615199447509173
8 42 254.68062954842108 27.213988069292302 0.3388857325523529 0.00010615199447509173
8 43 254.68062954842108 27.213988069292302 0.3388857325523529 0.00010615199447509173
8 44 254.68062954842108 27.213988069292302 0.3388857325523529 0.00010615199447509173
8 45 254.68062954842108 27.213988069292302 0.3388857325523529 0.00010615199447509173
8 46 254.9383381656125 26.693535223406734 0.24361856010500338 9.948027676860428e-05
8 47 254.9383381656125 26.693535223406734 0.24361856010500338 9.948027676860428e-05
8 48 254.9383381656125 26.693535223406734 0.24361856010500338 9.948027676860428e-05
8 49 254.9383381656125 26.693535223406734 0.24361856010500338 9.948027676860428e-05
8 50 254.9383381656125 26.693535223406734 0.24361856010500338 9.948027676860428e-05
8 51 254.9383381656125 26.693535223406734 0.24361856010500338 9.948027676860428e-05
8 52 254.9383381656125 26.693535223406734 0.24361856010500338 9.948027676860428e-05
8 53 254.9383381656125 26.693535223406734 0.24361856010500338 9.948027676860428e-05
8 54 254.52591564728667 26.440221709706584 0.03501237350178144 9.269738940660178e-05
8 55 254.52591564728667 26.440221709706584 0.03501237350178144 9.269738940660178e-05
9 0 255.48530093909176 18.141404506343186 0.35134016787818556 6.991624838125046e-05
9 1 255.48530093909176 18.141404506343186 0.35134016787818556 6.991624838125046e-05
9 2 242.10558749924712 21.2406698027974 -0.08040767403469784 2.1995323085470916e-05
9 3 242.10558749924712 21.2406698027974 -0.08040767403469784 2.1995323085470916e-05
9 4 242.10558749924712 21.2406698027974 -0.08040767403469784 2.1995323085470916e-05
9 5 242.10558749924712 21.2406698027974 -0.08040767403469784 2.1995323085470916e-05
9 6 242.10558749924712 21.2406698027974 -0.08040767403469784 2.1995323085470916e-05
9 7 242.10558749924712 21.2406698027974 -0.08040767403469784 2.1995323085470916e-05
9 8 249.31403195255373 21.85968163927196 0.2497466958507003 5.441904075345174e-05
9 9 249.31403195255373 21.85968163927196 0.2497466958507003 5.441904075345174e-05
9 10 249.31403195255373 21.85968163927196 0.2497466958507003 5.441904075345174e-05
9 11 249.31403195255373 21.85968163927196 0.2497466958507003 5.441904075345174e-05
9 12 249.31403195255373 21.85968163927196 0.2497466958507003 5.441904075345174e-05
9 13 249.31403195255373 21.85968163927196 0.2497466958507003 5.441904075345174e-05
9 14 242.95940166738328 19.947897441350808 0.29402898468736177 7.033115490773291e-05
9 15 242.95940166738328 19.947897441350808 0.29402898468736177 7.033115490773291e-05
9 16 242.95940166738328 19.947897441350808 0.29402898468736177 7.033115490773291e-05
9 17 242.95940166738328 19.947897441350808 0.29402898468736177 7.033115490773291e-05
9 18 242.95940166738328 19.947897441350808 0.29402898468736177 7.033115490773291e-05
9 19 244.1943798196154 32.21240305915879 0.8684770179611601 7.027387614241405e-05
9 20 244.1943798196154 32.21240305915879 0.8684770179611601 7.027387614241405e-05
9 21 244.1943798196154 32.21240305915879 0.8684770179611601 7.027387614241405e-05
9 22 244.1943798196154 32.21240305915879 0.8684770179611601 7.027387614241405e-05
9 23 244.1943798196154 32.21240305915879 0.8684770179611601 7.027387614241405e-05
9 24 244.1943798196154 32.21240305915879 0.8684770179611601 7.027387614241405e-05
9 25 242.8012135865825 31.37923304034354 1.737381650763443 5.425727518320713e-06
9 26 242.8012135865825 31.37923304034354 1.737381650763443 5.425727518320713e-06
9 27 242.8012135865825 31.37923304034354 1.737381650763443 5.425727518320713e-06
9 28 242.8012135865825 31.37923304034354 1.737381650763443 5.425727518320713e-06
9 29 242.8012135865825 31.37923304034354 1.737381650763443 5.425727518320713e-06
9 30 242.2334607090503 25.469532595617878 0.7075393212409882 9.042024590899349e-05
9 31 242.2334607090503 25.469532595617878 0.7075393212409882 9.042024590899349e-05
9 32 242.2334607090503 25.469532595617878 0.7075393212409882 9.042024590899349e-05
9 33 242.2334607090503 25.469532595617878 0.7075393212409882 9.042024590899349e-05
9 34 249.90791646669598 17.269589359888517 -0.297176796702043 8.910896628459181e-05
9 35 249.90791646669598 17.269589359888517 -0.297176796702043 8.910896628459181e-05
9 36 249.90791646669598 17.269589359888517 -0.297176796702043 8.910896628459181e-05
9 37 249.90791646669598 17.269589359888517 -0.297176796702043 8.910896628459181e-05
9 38 249.90791646669598 17.269589359888517 -0.297176796702043 8.910896628459181e-05
9 39 249.90791646669598 17.269589359888517 -0.297176796702043 8.910896628459181e-05
9 40 249.41548797372496 18.223221330278115 0.1302463778382619 7.743372837583419e-05
9 41 249.41548797372496 18.223221330278115 0.1302463778382619 7.743372837583419e-05
9 42 249.41548797372496 18.223221330278115 0.1302463778382619 7.743372837583419e-05
9 43 249.41548797372496 18.223221330278115 0.1302463778382619 7.743372837583419e-05
9 44 249.41548797372496 18.223221330278115 0.1302463778382619 7.743372837583419e-05
9 45 249.41548797372496 18.223221330278115 0.1302463778382619 7.743372837583419e-05
9 46 243.78318592103506 27.286265101050656 0.4159135557471384 0.00011872798341006894
9 47 243.78318592103506 27.286265101050656 0.4159135557471384 0.00011872798341006894
9 48 243.78318592103506 27.286265101050656 0.4159135557471384 0.00011872798341006894
9 49 243.78318592103506 27.286265101050656 0.4159135557471384 0.00011872798341006894
9 50 243.78318592103506 27.286265101050656 0.4159135557471384 0.00011872798341006894
9 51 243.78318592103506 27.286265101050656 0.4159135557471384 0.00011872798341006894
9 52 243.78318592103506 27.286265101050656 0.4159135557471384 0.00011872798341006894
9 53 243.78318592103506 27.286265101050656 0.4159135557471384 0.00011872798341006894
9 54 242.12917152107406 22.045152737169524 0.5145706723781459 8.028637344345595e-05
9 55 242.12917152107406 22.045152737169524 0.5145706723781459 8.028637344345595e-05
10 0 224.71095451622693 21.020443484627847 0.3038070711609916 9.173154776853789e-05
10 1 224.71095451622693 21.020443484627847 0.3038070711609916 9.173154776853789e-05
10 2 224.0829587920808 25.024418545571507 0.3040621810511358 9.137392039937117e-05
10 3 224.0829587920808 25.024418545571507 0.3040621810511358 9.137392039937117e-05
10 4 224.0829587920808 25.024418545571507 0.3040621810511358 9.137392039937117e-05
10 5 224.0829587920808 25.024418545571507 0.3040621810511358 9.137392039937117e-05
10 6 224.0829587920808 25.024418545571507 0.3040621810511358 9.137392039937117e-05
10 7 224.0829587920808 25.024418545571507 0.3040621810511358 9.137392039937117e-05
10 8 224.25697418382498 22.296706577268754 0.3069572706071695 9.150276013791471e-05
10 9 224.25697418382498 22.296706577268754 0.3069572706071695 9.150276013791471e-05
10 10 224.25697418382498 22.296706577268754 0.3069572706071695 9.150276013791471e-05
10 11 224.25697418382498 22.296706577268754 0.3069572706071695 9.150276013791471e-05
10 12 224.25697418382498 22.296706577268754 0.3069572706071695 9.150276013791471e-05
10 13 224.25697418382498 22.296706577268754 0.3069572706071695 9.150276013791471e-05
10 14 224.03080758411545 24.47790458955627 0.30943458909929084 9.173154826080696e-05
10 15 224.03080758411545 24.47790458955627 0.30943458909929084 9.173154826080696e-05
10 16 224.03080758411545 24.47790458955627 0.30943458909929084 9.173154826080696e-05
10 17 224.03080758411545 24.47790458955627 0.30943458909929084 9.173154826080696e-05
10 18 224.03080758411545 24.47790458955627 0.30943458909929084 9.173154826080696e-05
10 19 224.03338577071807 25.187667326981995 0.29448756014239036 9.04202451447426e-05
10 20 224.03338577071807 25.187667326981995 0.29448756014239036 9.04202451447426e-05
10 21 224.03338577071807 25.187667326981995 0.29448756014239036 9.04202451447426e-05
10 22 224.03338577071807 25.187667326981995 0.29448756014239036 9.04202451447426e-05
10 23 224.03338577071807 25.187667326981995 0.29448756014239036 9.04202451447426e-05
10 24 224.03338577071807 25.187667326981995 0.29448756014239036 9.04202451447426e-05
10 25 224.25999674484387 23.991792183250592 0.29929209312493776 8.946659486087273e-05
10 26 224.25999674484387 23.991792183250592 0.29929209312493776 8.946659486087273e-05
10 27 224.25999674484387 23.991792183250592 0.29929209312493776 8.946659486087273e-05
10 28 224.25999674484387 23.991792183250592 0.29929209312493776 8.946659486087273e-05
10 29 224.25999674484387 23.991792183250592 0.29929209312493776 8.946659486087273e-05
10 30 223.44664179512807 26.236531678434492 0.29311370637334433 9.41932450374747e-05
10 31 223.44664179512807 26.236531678434492 0.29311370637334433 9.41932450374747e-05
10 32 223.44664179512807 26.236531678434492 0.29311370637334433 9.41932450374747e-05
10 33 223.44664179512807 26.236531678434492 0.29311370637334433 9.41932450374747e-05
10 34 223.92863839918033 25.54597537134596 0.2607756608440621 9.161233756206096e-05
10 35 223.92863839918033 25.54597537134596 0.2607756608440621 9.161233756206096e-05
10 36 223.92863839918033 25.54597537134596 0.2607756608440621 9.161233756206096e-05
10 37 223.92863839918033 25.54597537134596 0.2607756608440621 9.161233756206096e-05
10 38 223.92863839918033 25.54597537134596 0.2607756608440621 9.161233756206096e-05
10 39 223.92863839918033 25.54597537134596 0.2607756608440621 9.161233756206096e-05
10 40 223.59147506025926 24.21527857701105 0.3162370502469009 8.980913446563968e-05
10 41 223.59147506025926 24.21527857701105 0.3162370502469009 8.980913446563968e-05
10 42 223.59147506025926 24.21527857701105 0.3162370502469009 8.980913446563968e-05
10 43 223.59147506025926 24.21527857701105 0.3162370502469009 8.980913446563968e-05
10 44 223.59147506025926 24.21527857701105 0.3162370502469009 8.980913446563968e-05
10 45 223.59147506025926 24.21527857701105 0.3162370502469009 8.980913446563968e-05
10 46 224.15888313308022 22.50102634472075 0.28818944371803895 9.304281114068722e-05
10 47 224.15888313308022 22.50102634472075 0.28818944371803895 9.304281114068722e-05
10 48 224.15888313308022 22.50102634472075 0.28818944371803895 9.304281114068722e-05
10 49 224.15888313308022 22.50102634472075 0.28818944371803895 9.304281114068722e-05
10 50 224.15888313308022 22.50102634472075 0.28818944371803895 9.304281114068722e-05
10 51 224.15888313308022 22.50102634472075 0.28818944371803895 9.304281114068722e-05
10 52 224.15888313308022 22.50102634472075 0.28818944371803895 9.304281114068722e-05
10 53 224.15888313308022 22.50102634472075 0.28818944371803895 9.304281114068722e-05
10 54 223.57991951069818 26.236533664135194 0.40729559466695364 9.146056298854548e-05
10 55 223.57991951069818 26.236533664135194 0.40729559466695364 9.146056298854548e-05
11 0 182.86840310414277 28.96472569311656 0.29308460114596047 9.362747012892574e-05
11 1 182.86840310414277 28.96472569311656 0.29308460114596047 9.362747012892574e-05
11 2 184.53382734668497 25.260199477927614 0.2943117553375013 0.00012379650136578522
11 3 184.53382734668497 25.260199477927614 0.2943117553375013 0.00012379650136578522
11 4 184.53382734668497 25.260199477927614 0.2943117553375013 0.00012379650136578522
11 5 184.53382734668497 25.260199477927614 0.2943117553375013 0.00012379650136578522
11 6 184.53382734668497 25.260199477927614 0.2943117553375013 0.00012379650136578522
11 7 184.53382734668497 25.260199477927614 0.2943117553375013 0.00012379650136578522
11 8 183.7538541318385 26.143888246359666 0.29562786307382377 0.0001040101054520194
11 9 183.7538541318385 26.143888246359666 0.29562786307382377 0.0001040101054520194
11 10 183.7538541318385 26.143888246359666 0.29562786307382377 0.0001040101054520194
11 11 183.7538541318385 26.143888246359666 0.29562786307382377 0.0001040101054520194
11 12 183.7538541318385 26.143888246359666 0.29562786307382377 0.0001040101054520194
11 13 183.7538541318385 26.143888246359666 0.29562786307382377 0.0001040101054520194
11 14 183.45937497602546 26.79091963811307 0.27762198300510055 0.0001161694516339023
11 15 183.45937497602546 26.79091963811307 0.27762198300510055 0.0001161694516339023
11 16 183.45937497602546 26.79091963811307 0.27762198300510055 0.0001161694516339023
11 17 183.45937497602546 26.79091963811307 0.27762198300510055 0.0001161694516339023
11 18 183.45937497602546 26.79091963811307 0.27762198300510055 0.0001161694516339023
11 19 187.7574308733504 21.22319576971593 0.3046339341059282 9.137390364289987e-05
11 20 187.7574308733504 21.22319576971593 0.3046339341059282 9.137390364289987e-05
11 21 187.7574308733504 21.22319576971593 0.3046339341059282 9.137390364289987e-05
11 22 187.7574308733504 21.22319576971593 0.3046339341059282 9.137390364289987e-05
11 23 187.7574308733504 21.22319576971593 0.3046339341059282 9.137390364289987e-05
11 24 187.7574308733504 21.22319576971593 0.3046339341059282 9.137390364289987e-05
11 25 184.82736059424843 26.132307286295358 0.2895831767919695 9.196996683574968e-05
11 26 184.82736059424843 26.132307286295358 0.2895831767919695 9.196996683574968e-05
11 27 184.82736059424843 26.132307286295358 0.2895831767919695 9.196996683574968e-05
11 28 184.82736059424843 26.132307286295358 0.2895831767919695 9.196996683574968e-05
11 29 184.82736059424843 26.132307286295358 0.2895831767919695 9.196996683574968e-05
11 30 181.68511231840117 30.25090830251891 0.2850185531649072 0.00010346565231730676
11 31 181.68511231840117 30.25090830251891 0.2850185531649072 0.00010346565231730676
11 32 181.68511231840117 30.25090830251891 0.2850185531649072 0.00010346565231730676
11 33 181.68511231840117 30.25090830251891 0.2850185531649072 0.00010346565231730676
11 34 181.87624444412913 29.966179099327036 0.2409123330811359 0.00013214428867859915
11 35 181.87624444412913 29.966179099327036 0.2409123330811359 0.00013214428867859915
11 36 181.87624444412913 29.966179099327036 0.2409123330811359 0.00013214428867859915
11 37 181.87624444412913 29.966179099327036 0.2409123330811359 0.00013214428867859915
11 38 181.87624444412913 29.966179099327036 0.2409123330811359 0.00013214428867859915
11 39 181.87624444412913 29.966179099327036 0.2409123330811359 0.00013214428867859915
11 40 181.24640155634344 30.304188863504613 0.22837751602156497 8.74098384781919e-05
11 41 181.24640155634344 30.304188863504613 0.22837751602156497 8.74098384781919e-05
11 42 181.24640155634344 30.304188863504613 0.22837751602156497 8.74098384781919e-05
11 43 181.24640155634344 30.304188863504613 0.22837751602156497 8.74098384781919e-05
11 44 181.24640155634344 30.304188863504613 0.22837751602156497 8.74098384781919e-05
11 45 181.24640155634344 30.304188863504613 0.22837751602156497 8.74098384781919e-05
11 46 181.70271412231236 29.75555584308357 0.2610923879810148 0.00010185395770514907
11 47 181.70271412231236 29.75555584308357 0.2610923879810148 0.00010185395770514907
11 48 181.70271412231236 29.75555584308357 0.2610923879810148 0.00010185395770514907
11 49 181.70271412231236 29.75555584308357 0.2610923879810148 0.00010185395770514907
11 50 181.70271412231236 29.75555584308357 0.2610923879810148 0.00010185395770514907
11 51 181.70271412231236 29.75555584308357 0.2610923879810148 0.00010185395770514907
11 52 181.70271412231236 29.75555584308357 0.2610923879810148 0.00010185395770514907
11 53 181.70271412231236 29.75555584308357 0.2610923879810148 0.00010185395770514907
11 54 181.80874961542838 30.06885220444724 0.24639480309030937 0.00014156102998573369
11 55 181.80874961542838 30.06885220444724 0.24639480309030937 0.00014156102998573369
12 0 162.64792525207605 24.537818465611302 0.3314631848540336 8.970499076950597e-05
12 1 162.64792525207605 24.537818465611302 0.3314631848540336 8.970499076950597e-05
12 2 166.4317346319734 26.157938921579415 0.30043944775298126 8.648633867909338e-05
12 3 166.4317346319734 26.157938921579415 0.30043944775298126 8.648633867909338e-05
12 4 166.4317346319734 26.157938921579415 0.30043944775298126 8.648633867909338e-05
12 5 166.4317346319734 26.157938921579415 0.30043944775298126 8.648633867909338e-05
12 6 166.4317346319734 26.157938921579415 0.30043944775298126 8.648633867909338e-05
12 7 166.4317346319734 26.157938921579415 0.30043944775298126 8.648633867909338e-05
12 8 163.70719754507303 24.312825389491792 0.19955768177583727 8.270804292305013e-05
12 9 163.70719754507303 24.312825389491792 0.19955768177583727 8.270804292305013e-05
12 10 163.70719754507303 24.312825389491792 0.19955768177583727 8.270804292305013e-05
12 11 163.70719754507303 24.312825389491792 0.19955768177583727 8.270804292305013e-05
12 12 163.70719754507303 24.312825389491792 0.19955768177583727 8.270804292305013e-05
12 13 163.70719754507303 24.312825389491792 0.19955768177583727 8.270804292305013e-05
12 14 162.64226686531316 24.583138984737474 0.32969936259544275 7.361177682035316e-05
12 15 162.64226686531316 24.583138984737474 0.32969936259544275 7.361177682035316e-05
12 16 162.64226686531316 24.583138984737474 0.32969936259544275 7.361177682035316e-05
12 17 162.64226686531316 24.583138984737474 0.32969936259544275 7.361177682035316e-05
12 18 162.64226686531316 24.583138984737474 0.32969936259544275 7.361177682035316e-05
12 19 163.16975280525446 24.849416224017915 0.26427669554851607 9.828309802011089e-05
12 20 163.16975280525446 24.849416224017915 0.26427669554851607 9.828309802011089e-05
12 21 163.16975280525446 24.849416224017915 0.26427669554851607 9.828309802011089e-05
12 22 163.16975280525446 24.849416224017915 0.26427669554851607 9.828309802011089e-05
12 23 163.16975280525446 24.849416224017915 0.26427669554851607 9.828309802011089e-05
12 24 163.16975280525446 24.849416224017915 0.26427669554851607 9.828309802011089e-05
12 25 167.82800991767255 23.379513144833314 0.31019467456351985 8.636713071272547e-05
12 26 167.82800991767255 23.379513144833314 0.31019467456351985 8.636713071272547e-05
12 27 167.82800991767255 23.379513144833314 0.31019467456351985 8.636713071272547e-05
12 28 167.82800991767255 23.379513144833314 0.31019467456351985 8.636713071272547e-05
12 29 167.82800991767255 23.379513144833314 0.31019467456351985 8.636713071272547e-05
12 30 162.8634810802842 24.744091745847584 0.25874279997118876 8.171796744997379e-05
12 31 162.8634810802842 24.744091745847584 0.25874279997118876 8.171796744997379e-05
12 32 162.8634810802842 24.744091745847584 0.25874279997118876 8.171796744997379e-05
12 33 162.8634810802842 24.744091745847584 0.25874279997118876 8.171796744997379e-05
12 34 163.13682545296086 24.76866651101971 0.24319261699078681 7.826089898239127e-05
12 35 163.13682545296086 24.76866651101971 0.24319261699078681 7.826089898239127e-05
12 36 163.13682545296086 24.76866651101971 0.24319261699078681 7.826089898239127e-05
12 37 163.13682545296086 24.76866651101971 0.24319261699078681 7.826089898239127e-05
12 38 163.13682545296086 24.76866651101971 0.24319261699078681 7.826089898239127e-05
12 39 163.13682545296086 24.76866651101971 0.24319261699078681 7.826089898239127e-05
12 40 162.65594877382136 24.3433015359495 0.24939228324739043 6.502866799803274e-05
12 41 162.65594877382136 24.3433015359495 0.24939228324739043 6.502866799803274e-05
12 42 162.65594877382136 24.3433015359495 0.24939228324739043 6.502866799803274e-05
12 43 162.65594877382136 24.3433015359495 0.24939228324739043 6.502866799803274e-05
12 44 162.65594877382136 24.3433015359495 0.24939228324739043 6.502866799803274e-05
12 45 162.65594877382136 24.3433015359495 0.24939228324739043 6.502866799803274e-05
12 46 162.6430176690398 24.624991592104834 0.3549168242875884 9.495019925727125e-05
12 47 162.6430176690398 24.624991592104834 0.3549168242875884 9.495019925727125e-05
12 48 162.6430176690398 24.624991592104834 0.3549168242875884 9.495019925727125e-05
12 49 162.6430176690398 24.624991592104834 0.3549168242875884 9.495019925727125e-05
12 50 162.6430176690398 24.624991592104834 0.3549168242875884 9.495019925727125e-05
12 51 162.6430176690398 24.624991592104834 0.3549168242875884 9.495019925727125e-05
12 52 162.6430176690398 24.624991592104834 0.3549168242875884 9.495019925727125e-05
12 53 162.6430176690398 24.624991592104834 0.3549168242875884 9.495019925727125e-05
12 54 164.79722204588276 26.158037108754883 0.28251179776287627 8.994339755166812e-05
12 55 164.79722204588276 26.158037108754883 0.28251179776287627 8.994339755166812e-05
13 0 173.74229324269868 23.199763366310457 0.3060804304618749 9.590387343760135e-05
13 1 173.74229324269868 23.199763366310457 0.3060804304618749 9.590387343760135e-05
13 2 173.4142517780705 23.71405655428072 0.3501217229961825 9.137575085218955e-05
13 3 173.4142517780705 23.71405655428072 0.3501217229961825 9.137575085218955e-05
13 4 173.4142517780705 23.71405655428072 0.3501217229961825 9.137575085218955e-05
13 5 173.4142517780705 23.71405655428072 0.3501217229961825 9.137575085218955e-05
13 6 173.4142517780705 23.71405655428072 0.3501217229961825 9.137575085218955e-05
13 7 173.4142517780705 23.71405655428072 0.3501217229961825 9.137575085218955e-05
13 8 173.61774116268924 23.285807789850452 0.3197250954811356 9.757280138725875e-05
13 9 173.61774116268924 23.285807789850452 0.3197250954811356 9.757280138725875e-05
13 10 173.61774116268924 23.285807789850452 0.3197250954811356 9.757280138725875e-05
13 11 173.61774116268924 23.285807789850452 0.3197250954811356 9.757280138725875e-05
13 12 173.61774116268924 23.285807789850452 0.3197250954811356 9.757280138725875e-05
13 13 173.61774116268924 23.285807789850452 0.3197250954811356 9.757280138725875e-05
13 14 173.5342188966141 23.461172823653857 0.31943458158653915 9.936094283221792e-05
13 15 173.5342188966141 23.461172823653857 0.31943458158653915 9.936094283221792e-05
13 16 173.5342188966141 23.461172823653857 0.31943458158653915 9.936094283221792e-05
13 17 173.5342188966141 23.461172823653857 0.31943458158653915 9.936094283221792e-05
13 18 173.5342188966141 23.461172823653857 0.31943458158653915 9.936094283221792e-05
13 19 173.81109291608527 23.082916653780494 0.28548078581794434 9.638298419432676e-05
13 20 173.81109291608527 23.082916653780494 0.28548078581794434 9.638298419432676e-05
13 21 173.81109291608527 23.082916653780494 0.28548078581794434 9.638298419432676e-05
13 22 173.81109291608527 23.082916653780494 0.28548078581794434 9.638298419432676e-05
13 23 173.81109291608527 23.082916653780494 0.28548078581794434 9.638298419432676e-05
13 24 173.81109291608527 23.082916653780494 0.28548078581794434 9.638298419432676e-05
13 25 173.70579819721559 23.079718423640323 0.2787781383968701 0.00010246038273693784
13 26 173.70579819721559 23.079718423640323 0.2787781383968701 0.00010246038273693784
13 27 173.70579819721559 23.079718423640323 0.2787781383968701 0.00010246038273693784
13 28 173.70579819721559 23.079718423640323 0.2787781383968701 0.00010246038273693784
13 29 173.70579819721559 23.079718423640323 0.2787781383968701 0.00010246038273693784
13 30 173.57318787914 23.427671004946546 0.31550825718111164 9.518861765888416e-05
13 31 173.57318787914 23.427671004946546 0.31550825718111164 9.518861765888416e-05
13 32 173.57318787914 23.427671004946546 0.31550825718111164 9.518861765888416e-05
13 33 173.57318787914 23.427671004946546 0.31550825718111164 9.518861765888416e-05
13 34 173.70972998301522 23.14945494839582 0.3124121689360611 0.00010007616199969599
13 35 173.70972998301522 23.14945494839582 0.3124121689360611 0.00010007616199969599
13 36 173.70972998301522 23.14945494839582 0.3124121689360611 0.00010007616199969599
13 37 173.70972998301522 23.14945494839582 0.3124121689360611 0.00010007616199969599
13 38 173.70972998301522 23.14945494839582 0.3124121689360611 0.00010007616199969599
13 39 173.70972998301522 23.14945494839582 0.3124121689360611 0.00010007616199969599
13 40 173.74899265022742 23.042219975142338 0.3132769602318518 9.375810759183901e-05
13 41 173.74899265022742 23.042219975142338 0.3132769602318518 9.375810759183901e-05
13 42 173.74899265022742 23.042219975142338 0.3132769602318518 9.375810759183901e-05
13 43 173.74899265022742 23.042219975142338 0.3132769602318518 9.375810759183901e-05
13 44 173.74899265022742 23.042219975142338 0.3132769602318518 9.375810759183901e-05
13 45 173.74899265022742 23.042219975142338 0.3132769602318518 9.375810759183901e-05
13 46 173.60790898895502 23.408527122617883 0.30637852547872135 7.861852448988265e-05
13 47 173.60790898895502 23.408527122617883 0.30637852547872135 7.861852448988265e-05
13 48 173.60790898895502 23.408527122617883 0.30637852547872135 7.861852448988265e-05
13 49 173.60790898895502 23.408527122617883 0.30637852547872135 7.861852448988265e-05
13 50 173.60790898895502 23.408527122617883 0.30637852547872135 7.861852448988265e-05
13 51 173.60790898895502 23.408527122617883 0.30637852547872135 7.861852448988265e-05
13 52 173.60790898895502 23.408527122617883 0.30637852547872135 7.861852448988265e-05
13 53 173.60790898895502 23.408527122617883 0.30637852547872135 7.861852448988265e-05
13 54 173.72720668412893 22.78631938340797 0.320730441353718 7.861852624658073e-05
13 55 173.72720668412893 22.78631938340797 0.320730441353718 7.861852624658073e-05
14 0 1139.7548187837579 37.20813562094541 0.4878053550259712 0.00018566846848210516
14 1 1139.7548187837579 37.20813562094541 0.4878053550259712 0.00018566846848210516
14 2 1144.823046956416 42.68483096373632 0.35702791679256096 6.145268160583355e-05
14 3 1144.823046956416 42.68483096373632 0.35702791679256096 6.145268160583355e-05
14 4 1144.823046956416 42.68483096373632 0.35702791679256096 6.145268160583355e-05
14 5 1144.823046956416 42.68483096373632 0.35702791679256096 6.145268160583355e-05
14 6 1144.823046956416 42.68483096373632 0.35702791679256096 6.145268160583355e-05
14 7 1144.823046956416 42.68483096373632 0.35702791679256096 6.145268160583355e-05
14 8 1205.1862065000962 60.04956734741042 0.6057925518269247 0.00014172919560040198
14 9 1205.1862065000962 60.04956734741042 0.6057925518269247 0.00014172919560040198
14 10 1205.1862065000962 60.04956734741042 0.6057925518269247 0.00014172919560040198
14 11 1205.1862065000962 60.04956734741042 0.6057925518269247 0.00014172919560040198
14 12 1205.1862065000962 60.04956734741042 0.6057925518269247 0.00014172919560040198
14 13 1205.1862065000962 60.04956734741042 0.6057925518269247 0.00014172919560040198
14 14 1259.9034420950934 71.6253764488317 0.09655120017649207 0.00010630554118795305
14 15 1259.9034420950934 71.6253764488317 0.09655120017649207 0.00010630554118795305
14 16 1259.9034420950934 71.6253764488317 0.09655120017649207 0.00010630554118795305
14 17 1259.9034420950934 71.6253764488317 0.09655120017649207 0.00010630554118795305
14 18 1259.9034420950934 71.6253764488317 0.09655120017649207 0.00010630554118795305
14 19 1161.4465691244388 47.02676733161826 -0.10229010890117092 0.00014275953109834117
14 20 1161.4465691244388 47.02676733161826 -0.10229010890117092 0.00014275953109834117
14 21 1161.4465691244388 47.02676733161826 -0.10229010890117092 0.00014275953109834117
14 22 1161.4465691244388 47.02676733161826 -0.10229010890117092 0.00014275953109834117
14 23 1161.4465691244388 47.02676733161826 -0.10229010890117092 0.00014275953109834117
14 24 1161.4465691244388 47.02676733161826 -0.10229010890117092 0.00014275953109834117
14 25 1137.9383879179854 36.050616639996335 0.17962394509186752 2.7596950513258798e-05
14 26 1137.9383879179854 36.050616639996335 0.17962394509186752 2.7596950513258798e-05
14 27 1137.9383879179854 36.050616639996335 0.17962394509186752 2.7596950513258798e-05
14 28 1137.9383879179854 36.050616639996335 0.17962394509186752 2.7596950513258798e-05
14 29 1137.9383879179854 36.050616639996335 0.17962394509186752 2.7596950513258798e-05
14 30 1144.1142054935096 34.932266574733575 0.16503188453491735 5.036620377709029e-05
14 31 1144.1142054935096 34.932266574733575 0.16503188453491735 5.036620377709029e-05
14 32 1144.1142054935096 34.932266574733575 0.16503188453491735 5.036620377709029e-05
14 33 1144.1142054935096 34.932266574733575 0.16503188453491735 5.036620377709029e-05
14 34 1146.1251009051175 42.060870706847794 0.07727926976283908 0.00019210576949359529
14 35 1146.1251009051175 42.060870706847794 0.07727926976283908 0.00019210576949359529
14 36 1146.1251009051175 42.060870706847794 0.07727926976283908 0.00019210576949359529
14 37 1146.1251009051175 42.060870706847794 0.07727926976283908 0.00019210576949359529
14 38 1146.1251009051175 42.060870706847794 0.07727926976283908 0.00019210576949359529
14 39 1146.1251009051175 42.060870706847794 0.07727926976283908 0.00019210576949359529
14 40 1138.867430599679 36.89792511955356 0.10645472302062327 0.0002260198650656202
14 41 1138.867430599679 36.89792511955356 0.10645472302062327 0.0002260198650656202
14 42 1138.867430599679 36.89792511955356 0.10645472302062327 0.0002260198650656202
14 43 1138.867430599679 36.89792511955356 0.10645472302062327 0.0002260198650656202
14 44 1138.867430599679 36.89792511955356 0.10645472302062327 0.0002260198650656202
14 45 1138.867430599679 36.89792511955356 0.10645472302062327 0.0002260198650656202
14 46 1138.1874721203694 37.619163280171364 0.2797524823393559 0.0001822113383526914
14 47 1138.1874721203694 37.619163280171364 0.2797524823393559 0.0001822113383526914
14 48 1138.1874721203694 37.619163280171364 0.2797524823393559 0.0001822113383526914
14 49 1138.1874721203694 37.619163280171364 0.2797524823393559 0.0001822113383526914
14 50 1138.1874721203694 37.619163280171364 0.2797524823393559 0.0001822113383526914
14 51 1138.1874721203694 37.619163280171364 0.2797524823393559 0.0001822113383526914
14 52 1138.1874721203694 37.619163280171364 0.2797524823393559 0.0001822113383526914
14 53 1138.1874721203694 37.619163280171364 0.2797524823393559 0.0001822113383526914
14 54 1137.5597476027192 36.53549732398017 0.10417476619294985 0.0002639889629705147
14 55 1137.5597476027192 36.53549732398017 0.10417476619294985 0.0002639889629705147
15 0 1074.4387277151545 27.805787345920116 0.19934376967536926 7.969319300814339e-05
15 1 1074.4387277151545 27.805787345920116 0.19934376967536926 7.969319300814339e-05
15 2 1056.848032733445 28.537617424135828 0.32681203056419916 7.5182435799888e-05
15 3 1056.848032733445 28.537617424135828 0.32681203056419916 7.5182435799888e-05
15 4 1056.848032733445 28.537617424135828 0.32681203056419916 7.5182435799888e-05
15 5 1056.848032733445 28.537617424135828 0.32681203056419916 7.5182435799888e-05
15 6 1056.848032733445 28.537617424135828 0.32681203056419916 7.5182435799888e-05
15 7 1056.848032733445 28.537617424135828 0.32681203056419916 7.5182435799888e-05
15 8 1050.9271369899584 28.53761938470311 0.04620918942588112 0.0001736283320308902
15 9 1050.9271369899584 28.53761938470311 0.04620918942588112 0.0001736283320308902
15 10 1050.9271369899584 28.53761938470311 0.04620918942588112 0.0001736283320308902
15 11 1050.9271369899584 28.53761938470311 0.04620918942588112 0.0001736283320308902
15 12 1050.9271369899584 28.53761938470311 0.04620918942588112 0.0001736283320308902
15 13 1050.9271369899584 28.53761938470311 0.04620918942588112 0.0001736283320308902
15 14 1036.7305639904337 31.493589387285816 1.2228832919409385 0.00010722878088790475
15 15 1036.7305639904337 31.493589387285816 1.2228832919409385 0.00010722878088790475
15 16 1036.7305639904337 31.493589387285816 1.2228832919409385 0.00010722878088790475
15 17 1036.7305639904337 31.493589387285816 1.2228832919409385 0.00010722878088790475
15 18 1036.7305639904337 31.493589387285816 1.2228832919409385 0.00010722878088790475
15 19 1050.1566630715529 27.68885361618063 -0.026452255072893983 0.00018125772173201087
15 20 1050.1566630715529 27.68885361618063 -0.026452255072893983 0.00018125772173201087
15 21 1050.1566630715529 27.68885361618063 -0.026452255072893983 0.00018125772173201087
15 22 1050.1566630715529 27.68885361618063 -0.026452255072893983 0.00018125772173201087
15 23 1050.1566630715529 27.68885361618063 -0.026452255072893983 0.00018125772173201087
15 24 1050.1566630715529 27.68885361618063 -0.026452255072893983 0.00018125772173201087
15 25 1115.5624857423732 24.912084953540074 0.2274454297107208 0.00010854006026824001
15 26 1115.5624857423732 24.912084953540074 0.2274454297107208 0.00010854006026824001
15 27 1115.5624857423732 24.912084953540074 0.2274454297107208 0.00010854006026824001
15 28 1115.5624857423732 24.912084953540074 0.2274454297107208 0.00010854006026824001
15 29 1115.5624857423732 24.912084953540074 0.2274454297107208 0.00010854006026824001
15 30 1076.5797815252624 26.09966420424577 0.29241458821812016 8.100271610527212e-05
15 31 1076.5797815252624 26.09966420424577 0.29241458821812016 8.100271610527212e-05
15 32 1076.5797815252624 26.09966420424577 0.29241458821812016 8.100271610527212e-05
15 33 1076.5797815252624 26.09966420424577 0.29241458821812016 8.100271610527212e-05
15 34 1043.7531032914997 26.44888401715908 -0.012029959698808771 6.6161151298549605e-06
15 35 1043.7531032914997 26.44888401715908 -0.012029959698808771 6.6161151298549605e-06
15 36 1043.7531032914997 26.44888401715908 -0.012029959698808771 6.6161151298549605e-06
15 37 1043.7531032914997 26.44888401715908 -0.012029959698808771 6.6161151298549605e-06
15 38 1043.7531032914997 26.44888401715908 -0.012029959698808771 6.6161151298549605e-06
15 39 1043.7531032914997 26.44888401715908 -0.012029959698808771 6.6161151298549605e-06
15 40 1084.733854569242 27.805877386365353 0.29502776677774256 9.089708106537012e-05
15 41 1084.733854569242 27.805877386365353 0.29502776677774256 9.089708106537012e-05
15 42 1084.733854569242 27.805877386365353 0.29502776677774256 9.089708106537012e-05
15 43 1084.733854569242 27.805877386365353 0.29502776677774256 9.089708106537012e-05
15 44 1084.733854569242 27.805877386365353 0.29502776677774256 9.089708106537012e-05
15 45 1084.733854569242 27.805877386365353 0.29502776677774256 9.089708106537012e-05
15 46 1071.4728003121534 28.53760772285718 0.27843636784186204 9.53078247766029e-05
15 47 1071.4728003121534 28.53760772285718 0.27843636784186204 9.53078247766029e-05
15 48 1071.4728003121534 28.53760772285718 0.27843636784186204 9.53078247766029e-05
15 49 1071.4728003121534 28.53760772285718 0.27843636784186204 9.53078247766029e-05
15 50 1071.4728003121534 28.53760772285718 0.27843636784186204 9.53078247766029e-05
15 51 1071.4728003121534 28.53760772285718 0.27843636784186204 9.53078247766029e-05
15 52 1071.4728003121534 28.53760772285718 0.27843636784186204 9.53078247766029e-05
15 53 1071.4728003121534 28.53760772285718 0.27843636784186204 9.53078247766029e-05
15 54 1082.1311760758233 27.67263918518697 0.2989000997125573 9.566544149673206e-05
15 55 1082.1311760758233 27.67263918518697 0.2989000997125573 9.566544149673206e-05
16 0 2547.916966787695 43.11106250482632 1.0388200928437974 0.0004372000717272161
16 1 2547.916966787695 43.11106250482632 1.0388200928437974 0.0004372000717272161
16 2 2608.2524591611073 47.35863845751139 1.7194530784666697 -0.00011858705261788655
16 3 2608.2524591611073 47.35863845751139 1.7194530784666697 -0.00011858705261788655
16 4 2608.2524591611073 47.35863845751139 1.7194530784666697 -0.00011858705261788655
16 5 2608.2524591611073 47.35863845751139 1.7194530784666697 -0.00011858705261788655
16 6 2608.2524591611073 47.35863845751139 1.7194530784666697 -0.00011858705261788655
16 7 2608.2524591611073 47.35863845751139 1.7194530784666697 -0.00011858705261788655
16 8 2501.4115879337205 39.640805716834905 0.609320403447752 0.000429689482338416
16 9 2501.4115879337205 39.640805716834905 0.609320403447752 0.000429689482338416
16 10 2501.4115879337205 39.640805716834905 0.609320403447752 0.000429689482338416
16 11 2501.4115879337205 39.640805716834905 0.609320403447752 0.000429689482338416
16 12 2501.4115879337205 39.640805716834905 0.609320403447752 0.000429689482338416
16 13 2501.4115879337205 39.640805716834905 0.609320403447752 0.000429689482338416
16 14 2444.7656687457666 34.256617107230056 -1.6377157336940051 9.542701418885931e-05
16 15 2444.7656687457666 34.256617107230056 -1.6377157336940051 9.542701418885931e-05
16 16 2444.7656687457666 34.256617107230056 -1.6377157336940051 9.542701418885931e-05
16 17 2444.7656687457666 34.256617107230056 -1.6377157336940051 9.542701418885931e-05
16 18 2444.7656687457666 34.256617107230056 -1.6377157336940051 9.542701418885931e-05
16 19 2559.6307908743092 35.65048617037475 1.0023606740835893 0.00046080351471046357
16 20 2559.6307908743092 35.65048617037475 1.0023606740835893 0.00046080351471046357
16 21 2559.6307908743092 35.65048617037475 1.0023606740835893 0.00046080351471046357
16 22 2559.6307908743092 35.65048617037475 1.0023606740835893 0.00046080351471046357
16 23 2559.6307908743092 35.65048617037475 1.0023606740835893 0.00046080351471046357
16 24 2559.6307908743092 35.65048617037475 1.0023606740835893 0.00046080351471046357
16 25 2543.0125841068366 42.17876653107235 0.9197651586406385 0.00047165452161001956
16 26 2543.0125841068366 42.17876653107235 0.9197651586406385 0.00047165452161001956
16 27 2543.0125841068366 42.17876653107235 0.9197651586406385 0.00047165452161001956
16 28 2543.0125841068366 42.17876653107235 0.9197651586406385 0.00047165452161001956
16 29 2543.0125841068366 42.17876653107235 0.9197651586406385 0.00047165452161001956
16 30 2781.037346305691 16.537135199696593 -0.36392891320876153 -0.0002043451706701246
16 31 2781.037346305691 16.537135199696593 -0.36392891320876153 -0.0002043451706701246
16 32 2781.037346305691 16.537135199696593 -0.36392891320876153 -0.0002043451706701246
16 33 2781.037346305691 16.537135199696593 -0.36392891320876153 -0.0002043451706701246
16 34 3118.9773996438407 155.2215741163472 2.051157302679715 -0.00024031712815350537
16 35 3118.9773996438407 155.2215741163472 2.051157302679715 -0.00024031712815350537
16 36 3118.9773996438407 155.2215741163472 2.051157302679715 -0.00024031712815350537
16 37 3118.9773996438407 155.2215741163472 2.051157302679715 -0.00024031712815350537
16 38 3118.9773996438407 155.2215741163472 2.051157302679715 -0.00024031712815350537
16 39 3118.9773996438407 155.2215741163472 2.051157302679715 -0.00024031712815350537
16 40 2494.042691325217 39.21891931098119 0.6023438388130977 0.0002835899851304041
16 41 2494.042691325217 39.21891931098119 0.6023438388130977 0.0002835899851304041
16 42 2494.042691325217 39.21891931098119 0.6023438388130977 0.0002835899851304041
16 43 2494.042691325217 39.21891931098119 0.6023438388130977 0.0002835899851304041
16 44 2494.042691325217 39.21891931098119 0.6023438388130977 0.0002835899851304041
16 45 2494.042691325217 39.21891931098119 0.6023438388130977 0.0002835899851304041
16 46 2651.956195532705 26.533169955634634 1.1585561592525806 -0.00010707974218784463
16 47 2651.956195532705 26.533169955634634 1.1585561592525806 -0.00010707974218784463
16 48 2651.956195532705 26.533169955634634 1.1585561592525806 -0.00010707974218784463
16 49 2651.956195532705 26.533169955634634 1.1585561592525806 -0.00010707974218784463
16 50 2651.956195532705 26.533169955634634 1.1585561592525806 -0.00010707974218784463
16 51 2651.956195532705 26.533169955634634 1.1585561592525806 -0.00010707974218784463
16 52 2651.956195532705 26.533169955634634 1.1585561592525806 -0.00010707974218784463
16 53 2651.956195532705 26.533169955634634 1.1585561592525806 -0.00010707974218784463
16 54 3445.81587980854 13.54007129082816 0.6486369127884417 -7.78750302446471e-05
16 55 3445.81587980854 13.54007129082816 0.6486369127884417 -7.78750302446471e-05
17 0 4931.538121064126 25.47780108363824 0.49806901609773446 0.00014621019363924176
17 1 4931.538121064126 25.47780108363824 0.49806901609773446 0.00014621019363924176
17 2 4860.40917813096 25.080052837172207 0.182851175347639 0.00010412931440535305
17 3 4860.40917813096 25.080052837172207 0.182851175347639 0.00010412931440535305
17 4 4860.40917813096 25.080052837172207 0.182851175347639 0.00010412931440535305
17 5 4860.40917813096 25.080052837172207 0.182851175347639 0.00010412931440535305
17 6 4860.40917813096 25.080052837172207 0.182851175347639 0.00010412931440535305
17 7 4860.40917813096 25.080052837172207 0.182851175347639 0.00010412931440535305
17 8 4894.082871271342 25.302950856617343 0.38537667972775885 6.777048143099903e-05
17 9 4894.082871271342 25.302950856617343 0.38537667972775885 6.777048143099903e-05
17 10 4894.082871271342 25.302950856617343 0.38537667972775885 6.777048143099903e-05
17 11 4894.082871271342 25.302950856617343 0.38537667972775885 6.777048143099903e-05
17 12 4894.082871271342 25.302950856617343 0.38537667972775885 6.777048143099903e-05
17 13 4894.082871271342 25.302950856617343 0.38537667972775885 6.777048143099903e-05
17 14 4855.588407257358 24.68976202604444 -0.11362196436089424 3.9041013336695844e-05
17 15 4855.588407257358 24.68976202604444 -0.11362196436089424 3.9041013336695844e-05
17 16 4855.588407257358 24.68976202604444 -0.11362196436089424 3.9041013336695844e-05
17 17 4855.588407257358 24.68976202604444 -0.11362196436089424 3.9041013336695844e-05
17 18 4855.588407257358 24.68976202604444 -0.11362196436089424 3.9041013336695844e-05
17 19 5532.4463657930655 33.315548149633585 0.3058952514758906 0.00011116266281603358
17 20 5532.4463657930655 33.315548149633585 0.3058952514758906 0.00011116266281603358
17 21 5532.4463657930655 33.315548149633585 0.3058952514758906 0.00011116266281603358
17 22 5532.4463657930655 33.315548149633585 0.3058952514758906 0.00011116266281603358
17 23 5532.4463657930655 33.315548149633585 0.3058952514758906 0.00011116266281603358
17 24 5532.4463657930655 33.315548149633585 0.3058952514758906 0.00011116266281603358
17 25 5520.634291457745 33.25719139725307 0.26926528621485046 9.413338855690585e-05
17 26 5520.634291457745 33.25719139725307 0.26926528621485046 9.413338855690585e-05
17 27 5520.634291457745 33.25719139725307 0.26926528621485046 9.413338855690585e-05
17 28 5520.634291457745 33.25719139725307 0.26926528621485046 9.413338855690585e-05
17 29 5520.634291457745 33.25719139725307 0.26926528621485046 9.413338855690585e-05
17 30 5428.298627749669 27.245872158546312 -1.071132562095159 7.718801487383934e-05
17 31 5428.298627749669 27.245872158546312 -1.071132562095159 7.718801487383934e-05
17 32 5428.298627749669 27.245872158546312 -1.071132562095159 7.718801487383934e-05
17 33 5428.298627749669 27.245872158546312 -1.071132562095159 7.718801487383934e-05
17 34 5507.855074660285 32.985432283328365 0.1827625709519401 0.00010436783596581769
17 35 5507.855074660285 32.985432283328365 0.1827625709519401 0.00010436783596581769
17 36 5507.855074660285 32.985432283328365 0.1827625709519401 0.00010436783596581769
17 37 5507.855074660285 32.985432283328365 0.1827625709519401 0.00010436783596581769
17 38 5507.855074660285 32.985432283328365 0.1827625709519401 0.00010436783596581769
17 39 5507.855074660285 32.985432283328365 0.1827625709519401 0.00010436783596581769
17 40 5522.813387090708 33.36236808737402 0.30014932214976575 9.399652490550562e-05
17 41 5522.813387090708 33.36236808737402 0.30014932214976575 9.399652490550562e-05
17 42 5522.813387090708 33.36236808737402 0.30014932214976575 9.399652490550562e-05
17 43 5522.813387090708 33.36236808737402 0.30014932214976575 9.399652490550562e-05
17 44 5522.813387090708 33.36236808737402 0.30014932214976575 9.399652490550562e-05
17 45 5522.813387090708 33.36236808737402 0.30014932214976575 9.399652490550562e-05
17 46 5337.414575041242 28.765590867256577 -0.6091841612292658 0.0005561709404456562
17 47 5337.414575041242 28.765590867256577 -0.6091841612292658 0.0005561709404456562
17 48 5337.414575041242 28.765590867256577 -0.6091841612292658 0.0005561709404456562
17 49 5337.414575041242 28.765590867256577 -0.6091841612292658 0.0005561709404456562
17 50 5337.414575041242 28.765590867256577 -0.6091841612292658 0.0005561709404456562
17 51 5337.414575041242 28.765590867256577 -0.6091841612292658 0.0005561709404456562
17 52 5337.414575041242 28.765590867256577 -0.6091841612292658 0.0005561709404456562
17 53 5337.414575041242 28.765590867256577 -0.6091841612292658 0.0005561709404456562
17 54 5457.485809288433 34.41783323219866 0.3479114847492002 8.51750430001488e-05
17 55 5457.485809288433 34.41783323219866 0.3479114847492002 8.51750430001488e-05
18 0 3256.4244899490104 27.950407645744576 0.27345882465209675 9.244680410103809e-05
18 1 3256.4244899490104 27.950407645744576 0.27345882465209675 9.244680410103809e-05
18 2 2808.9837000252437 26.048970063274144 -0.06770603145946849 -0.0004328787326610403
18 3 2808.9837000252437 26.048970063274144 -0.06770603145946849 -0.0004328787326610403
18 4 2808.9837000252437 26.048970063274144 -0.06770603145946849 -0.0004328787326610403
18 5 2808.9837000252437 26.048970063274144 -0.06770603145946849 -0.0004328787326610403
18 6 2808.9837000252437 26.048970063274144 -0.06770603145946849 -0.0004328787326610403
18 7 2808.9837000252437 26.048970063274144 -0.06770603145946849 -0.0004328787326610403
18 8 3279.2846363411018 27.7088483173765 0.2643183156027187 6.0617919019245855e-05
18 9 3279.2846363411018 27.7088483173765 0.2643183156027187 6.0617919019245855e-05
18 10 3279.2846363411018 27.7088483173765 0.2643183156027187 6.0617919019245855e-05
18 11 3279.2846363411018 27.7088483173765 0.2643183156027187 6.0617919019245855e-05
18 12 3279.2846363411018 27.7088483173765 0.2643183156027187 6.0617919019245855e-05
18 13 3279.2846363411018 27.7088483173765 0.2643183156027187 6.0617919019245855e-05
18 14 3396.2653733595735 25.938969471583974 0.29300365863830724 8.565187452073619e-05
18 15 3396.2653733595735 25.938969471583974 0.29300365863830724 8.565187452073619e-05
18 16 3396.2653733595735 25.938969471583974 0.29300365863830724 8.565187452073619e-05
18 17 3396.2653733595735 25.938969471583974 0.29300365863830724 8.565187452073619e-05
18 18 3396.2653733595735 25.938969471583974 0.29300365863830724 8.565187452073619e-05
18 19 3357.4594416792843 26.06656933127286 0.29809238316321607 9.387731556204692e-05
18 20 3357.4594416792843 26.06656933127286 0.29809238316321607 9.387731556204692e-05
18 21 3357.4594416792843 26.06656933127286 0.29809238316321607 9.387731556204692e-05
18 22 3357.4594416792843 26.06656933127286 0.29809238316321607 9.387731556204692e-05
18 23 3357.4594416792843 26.06656933127286 0.29809238316321607 9.387731556204692e-05
18 24 3357.4594416792843 26.06656933127286 0.29809238316321607 9.387731556204692e-05
18 25 3430.9712727654005 25.185555676178968 0.317963458200357 6.061791074633065e-05
18 26 3430.9712727654005 25.185555676178968 0.317963458200357 6.061791074633065e-05
18 27 3430.9712727654005 25.185555676178968 0.317963458200357 6.061791074633065e-05
18 28 3430.9712727654005 25.185555676178968 0.317963458200357 6.061791074633065e-05
18 29 3430.9712727654005 25.185555676178968 0.317963458200357 6.061791074633065e-05
18 30 2804.1305070343406 29.942976915610394 1.044956835258124 -8.162857592877422e-05
18 31 2804.1305070343406 29.942976915610394 1.044956835258124 -8.162857592877422e-05
18 32 2804.1305070343406 29.942976915610394 1.044956835258124 -8.162857592877422e-05
18 33 2804.1305070343406 29.942976915610394 1.044956835258124 -8.162857592877422e-05
18 34 2776.123245197389 25.809974902056723 -0.2826836810823182 9.286191713991972e-05
18 35 2776.123245197389 25.809974902056723 -0.2826836810823182 9.286191713991972e-05
18 36 2776.123245197389 25.809974902056723 -0.2826836810823182 9.286191713991972e-05
18 37 2776.123245197389 25.809974902056723 -0.2826836810823182 9.286191713991972e-05
18 38 2776.123245197389 25.809974902056723 -0.2826836810823182 9.286191713991972e-05
18 39 2776.123245197389 25.809974902056723 -0.2826836810823182 9.286191713991972e-05
18 40 2773.1425958564414 29.32693468457323 0.9198371954696617 0.00011616945284191401
18 41 2773.1425958564414 29.32693468457323 0.9198371954696617 0.00011616945284191401
18 42 2773.1425958564414 29.32693468457323 0.9198371954696617 0.00011616945284191401
18 43 2773.1425958564414 29.32693468457323 0.9198371954696617 0.00011616945284191401
18 44 2773.1425958564414 29.32693468457323 0.9198371954696617 0.00011616945284191401
18 45 2773.1425958564414 29.32693468457323 0.9198371954696617 0.00011616945284191401
18 46 3275.3800518930343 27.968713959657943 0.3189739861700387 8.57710837125545e-05
18 47 3275.3800518930343 27.968713959657943 0.3189739861700387 8.57710837125545e-05
18 48 3275.3800518930343 27.968713959657943 0.3189739861700387 8.57710837125545e-05
18 49 3275.3800518930343 27.968713959657943 0.3189739861700387 8.57710837125545e-05
18 50 3275.3800518930343 27.968713959657943 0.3189739861700387 8.57710837125545e-05
18 51 3275.3800518930343 27.968713959657943 0.3189739861700387 8.57710837125545e-05
18 52 3275.3800518930343 27.968713959657943 0.3189739861700387 8.57710837125545e-05
18 53 3275.3800518930343 27.968713959657943 0.3189739861700387 8.57710837125545e-05
18 54 2774.1244038709124 26.8967237279385 0.2788537203544156 0.00021868944236092973
18 55 2774.1244038709124 26.8967237279385 0.2788537203544156 0.00021868944236092973
19 0 6627.715022697961 19.939613583980197 0.40474204248394163 8.410215420523258e-05
19 1 6627.715022697961 19.939613583980197 0.40474204248394163 8.410215420523258e-05
19 2 5908.7163215454175 20.155839187202133 0.20738319366436547 1.9371533584380264e-05
19 3 5908.7163215454175 20.155839187202133 0.20738319366436547 1.9371533584380264e-05
19 4 5908.7163215454175 20.155839187202133 0.20738319366436547 1.9371533584380264e-05
19 5 5908.7163215454175 20.155839187202133 0.20738319366436547 1.9371533584380264e-05
19 6 5908.7163215454175 20.155839187202133 0.20738319366436547 1.9371533584380264e-05
19 7 5908.7163215454175 20.155839187202133 0.20738319366436547 1.9371533584380264e-05
19 8 6782.110540293765 22.940186207027843 0.4243857005133175 0.00015467401528571355
19 9 6782.110540293765 22.940186207027843 0.4243857005133175 0.00015467401528571355
19 10 6782.110540293765 22.940186207027843 0.4243857005133175 0.00015467401528571355
19 11 6782.110540293765 22.940186207027843 0.4243857005133175 0.00015467401528571355
19 12 6782.110540293765 22.940186207027843 0.4243857005133175 0.00015467401528571355
19 13 6782.110540293765 22.940186207027843 0.4243857005133175 0.00015467401528571355
19 14 6854.065492561125 20.203620304773683 0.41339912298821874 0.00012892484646529005
19 15 6854.065492561125 20.203620304773683 0.41339912298821874 0.00012892484646529005
19 16 6854.065492561125 20.203620304773683 0.41339912298821874 0.00012892484646529005
19 17 6854.065492561125 20.203620304773683 0.41339912298821874 0.00012892484646529005
19 18 6854.065492561125 20.203620304773683 0.41339912298821874 0.00012892484646529005
19 19 5927.821498770998 22.664423993954415 0.9553340121803464 4.595518082218954e-05
19 20 5927.821498770998 22.664423993954415 0.9553340121803464 4.595518082218954e-05
19 21 5927.821498770998 22.664423993954415 0.9553340121803464 4.595518082218954e-05
19 22 5927.821498770998 22.664423993954415 0.9553340121803464 4.595518082218954e-05
19 23 5927.821498770998 22.664423993954415 0.9553340121803464 4.595518082218954e-05
19 24 5927.821498770998 22.664423993954415 0.9553340121803464 4.595518082218954e-05
19 25 6698.267190856846 24.469526567708897 0.628135292970416 7.110833783271765e-05
19 26 6698.267190856846 24.469526567708897 0.628135292970416 7.110833783271765e-05
19 27 6698.267190856846 24.469526567708897 0.628135292970416 7.110833783271765e-05
19 28 6698.267190856846 24.469526567708897 0.628135292970416 7.110833783271765e-05
19 29 6698.267190856846 24.469526567708897 0.628135292970416 7.110833783271765e-05
19 30 6965.802978359567 22.057065596390085 0.22275160872315983 0.00010329485003763989
19 31 6965.802978359567 22.057065596390085 0.22275160872315983 0.00010329485003763989
19 32 6965.802978359567 22.057065596390085 0.22275160872315983 0.00010329485003763989
19 33 6965.802978359567 22.057065596390085 0.22275160872315983 0.00010329485003763989
19 34 6901.860139837937 20.237006901499036 0.3524576935058796 0.00010568130737258293
19 35 6901.860139837937 20.237006901499036 0.3524576935058796 0.00010568130737258293
19 36 6901.860139837937 20.237006901499036 0.3524576935058796 0.00010568130737258293
19 37 6901.860139837937 20.237006901499036 0.3524576935058796 0.00010568130737258293
19 38 6901.860139837937 20.237006901499036 0.3524576935058796 0.00010568130737258293
19 39 6901.860139837937 20.237006901499036 0.3524576935058796 0.00010568130737258293
19 40 6843.7573965798465 22.17551286444497 0.22829314396560946 0.00010830164015678144
19 41 6843.7573965798465 22.17551286444497 0.22829314396560946 0.00010830164015678144
19 42 6843.7573965798465 22.17551286444497 0.22829314396560946 0.00010830164015678144
19 43 6843.7573965798465 22.17551286444497 0.22829314396560946 0.00010830164015678144
19 44 6843.7573965798465 22.17551286444497 0.22829314396560946 0.00010830164015678144
19 45 6843.7573965798465 22.17551286444497 0.22829314396560946 0.00010830164015678144
19 46 6908.698186166108 20.163171717123703 0.32152698153534 0.00010257959365937691
19 47 6908.698186166108 20.163171717123703 0.32152698153534 0.00010257959365937691
19 48 6908.698186166108 20.163171717123703 0.32152698153534 0.00010257959365937691
19 49 6908.698186166108 20.163171717123703 0.32152698153534 0.00010257959365937691
19 50 6908.698186166108 20.163171717123703 0.32152698153534 0.00010257959365937691
19 51 6908.698186166108 20.163171717123703 0.32152698153534 0.00010257959365937691
19 52 6908.698186166108 20.163171717123703 0.32152698153534 0.00010257959365937691
19 53 6908.698186166108 20.163171717123703 0.32152698153534 0.00010257959365937691
19 54 6890.678491353143 19.938335981226125 0.2517033237832418 0.00010925530647196887
19 55 6890.678491353143 19.938335981226125 0.2517033237832418 0.00010925530647196887
