order obs chisq vsini limbdark rv
0 0 113340.92047069047 7.756873360984214 0.4130790425114639 8.744798744501892e-05
0 1 113340.92047069047 7.756873360984214 0.4130790425114639 8.744798744501892e-05
0 2 24873.040998653487 16.87206728199348 0.30654418431555075 7.718801511873044e-05
0 3 24873.040998653487 16.87206728199348 0.30654418431555075 7.718801511873044e-05
0 4 24873.040998653487 16.87206728199348 0.30654418431555075 7.718801511873044e-05
0 5 24873.040998653487 16.87206728199348 0.30654418431555075 7.718801511873044e-05
0 6 24873.040998653487 16.87206728199348 0.30654418431555075 7.718801511873044e-05
0 7 24873.040998653487 16.87206728199348 0.30654418431555075 7.718801511873044e-05
0 8 34334.781554409215 -28.424443983738534 0.5548884724078438 8.851289746432225e-05
0 9 34334.781554409215 -28.424443983738534 0.5548884724078438 8.851289746432225e-05
0 10 34334.781554409215 -28.424443983738534 0.5548884724078438 8.851289746432225e-05
0 11 34334.781554409215 -28.424443983738534 0.5548884724078438 8.851289746432225e-05
0 12 34334.781554409215 -28.424443983738534 0.5548884724078438 8.851289746432225e-05
0 13 34334.781554409215 -28.424443983738534 0.5548884724078438 8.851289746432225e-05
0 14 104757.68655686243 14.154755935614459 0.1571349537716958 8.526214758972794e-05
0 15 104757.68655686243 14.154755935614459 0.1571349537716958 8.526214758972794e-05
0 16 104757.68655686243 14.154755935614459 0.1571349537716958 8.526214758972794e-05
0 17 104757.68655686243 14.154755935614459 0.1571349537716958 8.526214758972794e-05
0 18 104757.68655686243 14.154755935614459 0.1571349537716958 8.526214758972794e-05
0 19 28321.671259178922 35.85295709393695 -1.4598311803629551 0.00015442146796479172
0 20 28321.671259178922 35.85295709393695 -1.4598311803629551 0.00015442146796479172
0 21 28321.671259178922 35.85295709393695 -1.4598311803629551 0.00015442146796479172
0 22 28321.671259178922 35.85295709393695 -1.4598311803629551 0.00015442146796479172
0 23 28321.671259178922 35.85295709393695 -1.4598311803629551 0.00015442146796479172
0 24 28321.671259178922 35.85295709393695 -1.4598311803629551 0.00015442146796479172
0 25 28472.89280575762 39.878540652587596 -0.0977367178199734 0.00013661717062283206
0 26 28472.89280575762 39.878540652587596 -0.0977367178199734 0.00013661717062283206
0 27 28472.89280575762 39.878540652587596 -0.0977367178199734 0.00013661717062283206
0 28 28472.89280575762 39.878540652587596 -0.0977367178199734 0.00013661717062283206
0 29 28472.89280575762 39.878540652587596 -0.0977367178199734 0.00013661717062283206
0 30 129940.4966094024 10.015811092490805 0.3845235677593727 8.85128976098698e-05
0 31 129940.4966094024 10.015811092490805 0.3845235677593727 8.85128976098698e-05
0 32 129940.4966094024 10.015811092490805 0.3845235677593727 8.85128976098698e-05
0 33 129940.4966094024 10.015811092490805 0.3845235677593727 8.85128976098698e-05
0 34 43509.9999750163 8.46105369961831 1.1782728849728632 7.21438958187693e-05
0 35 43509.9999750163 8.46105369961831 1.1782728849728632 7.21438958187693e-05
0 36 43509.9999750163 8.46105369961831 1.1782728849728632 7.21438958187693e-05
0 37 43509.9999750163 8.46105369961831 1.1782728849728632 7.21438958187693e-05
0 38 43509.9999750163 8.46105369961831 1.1782728849728632 7.21438958187693e-05
0 39 43509.9999750163 8.46105369961831 1.1782728849728632 7.21438958187693e-05
0 40 137019.89845039934 10.800438199518922 0.34497981355035096 8.929239097889741e-05
0 41 137019.89845039934 10.800438199518922 0.34497981355035096 8.929239097889741e-05
0 42 137019.89845039934 10.800438199518922 0.34497981355035096 8.929239097889741e-05
0 43 137019.89845039934 10.800438199518922 0.34497981355035096 8.929239097889741e-05
0 44 137019.89845039934 10.800438199518922 0.34497981355035096 8.929239097889741e-05
0 45 137019.89845039934 10.800438199518922 0.34497981355035096 8.929239097889741e-05
0 46 33345.7864730709 24.093285751624855 2.1105734735018853 0.00010880133251519584
0 47 33345.7864730709 24.093285751624855 2.1105734735018853 0.00010880133251519584
0 48 33345.7864730709 24.093285751624855 2.1105734735018853 0.00010880133251519584
0 49 33345.7864730709 24.093285751624855 2.1105734735018853 0.00010880133251519584
0 50 33345.7864730709 24.093285751624855 2.1105734735018853 0.00010880133251519584
0 51 33345.7864730709 24.093285751624855 2.1105734735018853 0.00010880133251519584
0 52 33345.7864730709 24.093285751624855 2.1105734735018853 0.00010880133251519584
0 53 33345.7864730709 24.093285751624855 2.1105734735018853 0.00010880133251519584
0 54 107702.99195414958 7.654097407008933 0.38708323127707633 8.973773564472531e-05
0 55 107702.99195414958 7.654097407008933 0.38708323127707633 8.973773564472531e-05
1 0 3873.5518115182867 18.210580687387882 0.346244764863046 9.137391941312144e-05
1 1 3873.5518115182867 18.210580687387882 0.346244764863046 9.137391941312144e-05
1 2 3818.973642367312 18.6544061664385 0.31304940803272674 9.232759441734001e-05
1 3 3818.973642367312 18.6544061664385 0.31304940803272674 9.232759441734001e-05
1 4 3818.973642367312 18.6544061664385 0.31304940803272674 9.232759441734001e-05
1 5 3818.973642367312 18.6544061664385 0.31304940803272674 9.232759441734001e-05
1 6 3818.973642367312 18.6544061664385 0.31304940803272674 9.232759441734001e-05
1 7 3818.973642367312 18.6544061664385 0.31304940803272674 9.232759441734001e-05
1 8 3843.964984419482 18.71465046163854 0.31639354299614053 9.393962160638816e-05
1 9 3843.964984419482 18.71465046163854 0.31639354299614053 9.393962160638816e-05
1 10 3843.964984419482 18.71465046163854 0.31639354299614053 9.393962160638816e-05
1 11 3843.964984419482 18.71465046163854 0.31639354299614053 9.393962160638816e-05
1 12 3843.964984419482 18.71465046163854 0.31639354299614053 9.393962160638816e-05
1 13 3843.964984419482 18.71465046163854 0.31639354299614053 9.393962160638816e-05
1 14 3833.457100020829 18.204736725369447 0.3820354937881486 9.900331496973206e-05
1 15 3833.457100020829 18.204736725369447 0.3820354937881486 9.900331496973206e-05
1 16 3833.457100020829 18.204736725369447 0.3820354937881486 9.900331496973206e-05
1 17 3833.457100020829 18.204736725369447 0.3820354937881486 9.900331496973206e-05
1 18 3833.457100020829 18.204736725369447 0.3820354937881486 9.900331496973206e-05
1 19 3832.258958470606 18.19400597142362 0.3186046801707618 0.00011795759193994985
1 20 3832.258958470606 18.19400597142362 0.3186046801707618 0.00011795759193994985
1 21 3832.258958470606 18.19400597142362 0.3186046801707618 0.00011795759193994985
1 22 3832.258958470606 18.19400597142362 0.3186046801707618 0.00011795759193994985
1 23 3832.258958470606 18.19400597142362 0.3186046801707618 0.00011795759193994985
1 24 3832.258958470606 18.19400597142362 0.3186046801707618 0.00011795759193994985
1 25 3844.2456126238944 18.399633145505017 0.33447823628984996 9.50003757861788e-05
1 26 3844.2456126238944 18.399633145505017 0.33447823628984996 9.50003757861788e-05
1 27 3844.2456126238944 18.399633145505017 0.33447823628984996 9.50003757861788e-05
1 28 3844.2456126238944 18.399633145505017 0.33447823628984996 9.50003757861788e-05
1 29 3844.2456126238944 18.399633145505017 0.33447823628984996 9.50003757861788e-05
1 30 3848.9201394589354 18.59031336760878 0.3695279397211072 9.78135240755587e-05
1 31 3848.9201394589354 18.59031336760878 0.3695279397211072 9.78135240755587e-05
1 32 3848.9201394589354 18.59031336760878 0.3695279397211072 9.78135240755587e-05
1 33 3848.9201394589354 18.59031336760878 0.3695279397211072 9.78135240755587e-05
1 34 3847.00337808887 17.90349910965431 0.3843005402327739 0.0001052021966984442
1 35 3847.00337808887 17.90349910965431 0.3843005402327739 0.0001052021966984442
1 36 3847.00337808887 17.90349910965431 0.3843005402327739 0.0001052021966984442
1 37 3847.00337808887 17.90349910965431 0.3843005402327739 0.0001052021966984442
1 38 3847.00337808887 17.90349910965431 0.3843005402327739 0.0001052021966984442
1 39 3847.00337808887 17.90349910965431 0.3843005402327739 0.0001052021966984442
1 40 3794.239583217976 18.735331328857235 0.5120450677786209 7.46846202230022e-05
1 41 3794.239583217976 18.735331328857235 0.5120450677786209 7.46846202230022e-05
1 42 3794.239583217976 18.735331328857235 0.5120450677786209 7.46846202230022e-05
1 43 3794.239583217976 18.735331328857235 0.5120450677786209 7.46846202230022e-05
1 44 3794.239583217976 18.735331328857235 0.5120450677786209 7.46846202230022e-05
1 45 3794.239583217976 18.735331328857235 0.5120450677786209 7.46846202230022e-05
1 46 3900.832578674409 18.89326246011754 0.3126793603763163 9.351968765055851e-05
1 47 3900.832578674409 18.89326246011754 0.3126793603763163 9.351968765055851e-05
1 48 3900.832578674409 18.89326246011754 0.3126793603763163 9.351968765055851e-05
1 49 3900.832578674409 18.89326246011754 0.3126793603763163 9.351968765055851e-05
1 50 3900.832578674409 18.89326246011754 0.3126793603763163 9.351968765055851e-05
1 51 3900.832578674409 18.89326246011754 0.3126793603763163 9.351968765055851e-05
1 52 3900.832578674409 18.89326246011754 0.3126793603763163 9.351968765055851e-05
1 53 3900.832578674409 18.89326246011754 0.3126793603763163 9.351968765055851e-05
1 54 3888.346106259124 18.548150509335002 0.3413946778572603 9.602773922583194e-05
1 55 3888.346106259124 18.548150509335002 0.3413946778572603 9.602773922583194e-05
2 0 2661.3844507670256 19.579401149591664 -0.4513637834346216 9.464383051076557e-05
2 1 2661.3844507670256 19.579401149591664 -0.4513637834346216 9.464383051076557e-05
2 2 2704.2952975885355 19.640201537958966 0.04262073282453972 0.00011065544834414469
2 3 2704.2952975885355 19.640201537958966 0.04262073282453972 0.00011065544834414469
2 4 2704.2952975885355 19.640201537958966 0.04262073282453972 0.00011065544834414469
2 5 2704.2952975885355 19.640201537958966 0.04262073282453972 0.00011065544834414469
2 6 2704.2952975885355 19.640201537958966 0.04262073282453972 0.00011065544834414469
2 7 2704.2952975885355 19.640201537958966 0.04262073282453972 0.00011065544834414469
2 8 2793.1279761311825 20.478990530121756 0.28201692101436876 9.208917616858339e-05
2 9 2793.1279761311825 20.478990530121756 0.28201692101436876 9.208917616858339e-05
2 10 2793.1279761311825 20.478990530121756 0.28201692101436876 9.208917616858339e-05
2 11 2793.1279761311825 20.478990530121756 0.28201692101436876 9.208917616858339e-05
2 12 2793.1279761311825 20.478990530121756 0.28201692101436876 9.208917616858339e-05
2 13 2793.1279761311825 20.478990530121756 0.28201692101436876 9.208917616858339e-05
2 14 2664.97706439387 20.35086572076583 0.11333912495808841 9.455877681448794e-05
2 15 2664.97706439387 20.35086572076583 0.11333912495808841 9.455877681448794e-05
2 16 2664.97706439387 20.35086572076583 0.11333912495808841 9.455877681448794e-05
2 17 2664.97706439387 20.35086572076583 0.11333912495808841 9.455877681448794e-05
2 18 2664.97706439387 20.35086572076583 0.11333912495808841 9.455877681448794e-05
2 19 2699.259410515746 20.840986186065248 0.08348561872853918 0.00010484300015433824
2 20 2699.259410515746 20.840986186065248 0.08348561872853918 0.00010484300015433824
2 21 2699.259410515746 20.840986186065248 0.08348561872853918 0.00010484300015433824
2 22 2699.259410515746 20.840986186065248 0.08348561872853918 0.00010484300015433824
2 23 2699.259410515746 20.840986186065248 0.08348561872853918 0.00010484300015433824
2 24 2699.259410515746 20.840986186065248 0.08348561872853918 0.00010484300015433824
2 25 2661.9267051293477 20.3847086254719 0.19577931417884986 8.754436685697904e-05
2 26 2661.9267051293477 20.3847086254719 0.19577931417884986 8.754436685697904e-05
2 27 2661.9267051293477 20.3847086254719 0.19577931417884986 8.754436685697904e-05
2 28 2661.9267051293477 20.3847086254719 0.19577931417884986 8.754436685697904e-05
2 29 2661.9267051293477 20.3847086254719 0.19577931417884986 8.754436685697904e-05
2 30 2707.6050906195487 22.025731119253308 0.3338272352654492 9.185075588525167e-05
2 31 2707.6050906195487 22.025731119253308 0.3338272352654492 9.185075588525167e-05
2 32 2707.6050906195487 22.025731119253308 0.3338272352654492 9.185075588525167e-05
2 33 2707.6050906195487 22.025731119253308 0.3338272352654492 9.185075588525167e-05
2 34 2722.2190847220145 21.752334671774463 0.2085339092005803 0.00010436773299919136
2 35 2722.2190847220145 21.752334671774463 0.2085339092005803 0.00010436773299919136
2 36 2722.2190847220145 21.752334671774463 0.2085339092005803 0.00010436773299919136
2 37 2722.2190847220145 21.752334671774463 0.2085339092005803 0.00010436773299919136
2 38 2722.2190847220145 21.752334671774463 0.2085339092005803 0.00010436773299919136
2 39 2722.2190847220145 21.752334671774463 0.2085339092005803 0.00010436773299919136
2 40 2777.116357653902 20.35067310769039 0.30513683463330177 9.053945419381291e-05
2 41 2777.116357653902 20.35067310769039 0.30513683463330177 9.053945419381291e-05
2 42 2777.116357653902 20.35067310769039 0.30513683463330177 9.053945419381291e-05
2 43 2777.116357653902 20.35067310769039 0.30513683463330177 9.053945419381291e-05
2 44 2777.116357653902 20.35067310769039 0.30513683463330177 9.053945419381291e-05
2 45 2777.116357653902 20.35067310769039 0.30513683463330177 9.053945419381291e-05
2 46 2767.74067075985 20.595586957462515 0.28844748330240444 9.745359419753951e-05
2 47 2767.74067075985 20.595586957462515 0.28844748330240444 9.745359419753951e-05
2 48 2767.74067075985 20.595586957462515 0.28844748330240444 9.745359419753951e-05
2 49 2767.74067075985 20.595586957462515 0.28844748330240444 9.745359419753951e-05
2 50 2767.74067075985 20.595586957462515 0.28844748330240444 9.745359419753951e-05
2 51 2767.74067075985 20.595586957462515 0.28844748330240444 9.745359419753951e-05
2 52 2767.74067075985 20.595586957462515 0.28844748330240444 9.745359419753951e-05
2 53 2767.74067075985 20.595586957462515 0.28844748330240444 9.745359419753951e-05
2 54 2682.024995099171 19.135958335372734 -0.09276851045512377 9.280443209950916e-05
2 55 2682.024995099171 19.135958335372734 -0.09276851045512377 9.280443209950916e-05
3 0 1909.441529760897 18.270644719629182 0.05524159736368704 0.00012058019630136432
3 1 1909.441529760897 18.270644719629182 0.05524159736368704 0.00012058019630136432
3 2 1904.831114116089 20.527258477199908 0.5689594930635287 1.639130003558693e-05
3 3 1904.831114116089 20.527258477199908 0.5689594930635287 1.639130003558693e-05
3 4 1904.831114116089 20.527258477199908 0.5689594930635287 1.639130003558693e-05
3 5 1904.831114116089 20.527258477199908 0.5689594930635287 1.639130003558693e-05
3 6 1904.831114116089 20.527258477199908 0.5689594930635287 1.639130003558693e-05
3 7 1904.831114116089 20.527258477199908 0.5689594930635287 1.639130003558693e-05
3 8 1811.0774358665212 19.11035556499189 -0.09492341270778457 0.00013607632742839543
3 9 1811.0774358665212 19.11035556499189 -0.09492341270778457 0.00013607632742839543
3 10 1811.0774358665212 19.11035556499189 -0.09492341270778457 0.00013607632742839543
3 11 1811.0774358665212 19.11035556499189 -0.09492341270778457 0.00013607632742839543
3 12 1811.0774358665212 19.11035556499189 -0.09492341270778457 0.00013607632742839543
3 13 1811.0774358665212 19.11035556499189 -0.09492341270778457 0.00013607632742839543
3 14 1871.1701226928744 22.2234161189197 -0.34075995344062276 0.00013357401118934794
3 15 1871.1701226928744 22.2234161189197 -0.34075995344062276 0.00013357401118934794
3 16 1871.1701226928744 22.2234161189197 -0.34075995344062276 0.00013357401118934794
3 17 1871.1701226928744 22.2234161189197 -0.34075995344062276 0.00013357401118934794
3 18 1871.1701226928744 22.2234161189197 -0.34075995344062276 0.00013357401118934794
3 19 1819.082172825526 19.054541982031182 -0.23442187563119693 0.00027030706473881404
3 20 1819.082172825526 19.054541982031182 -0.23442187563119693 0.00027030706473881404
3 21 1819.082172825526 19.054541982031182 -0.23442187563119693 0.00027030706473881404
3 22 1819.082172825526 19.054541982031182 -0.23442187563119693 0.00027030706473881404
3 23 1819.082172825526 19.054541982031182 -0.23442187563119693 0.00027030706473881404
3 24 1819.082172825526 19.054541982031182 -0.23442187563119693 0.00027030706473881404
3 25 1963.9036269056137 20.558158722391816 0.23453109063737726 0.00011712312675042669
3 26 1963.9036269056137 20.558158722391816 0.23453109063737726 0.00011712312675042669
3 27 1963.9036269056137 20.558158722391816 0.23453109063737726 0.00011712312675042669
3 28 1963.9036269056137 20.558158722391816 0.23453109063737726 0.00011712312675042669
3 29 1963.9036269056137 20.558158722391816 0.23453109063737726 0.00011712312675042669
3 30 1812.264927740489 18.845040074536286 -0.5204378233003633 0.00029152634378265606
3 31 1812.264927740489 18.845040074536286 -0.5204378233003633 0.00029152634378265606
3 32 1812.264927740489 18.845040074536286 -0.5204378233003633 0.00029152634378265606
3 33 1812.264927740489 18.845040074536286 -0.5204378233003633 0.00029152634378265606
3 34 1981.6817984284862 18.338458742754298 0.259425931983699 0.00011891126558714146
3 35 1981.6817984284862 18.338458742754298 0.259425931983699 0.00011891126558714146
3 36 1981.6817984284862 18.338458742754298 0.259425931983699 0.00011891126558714146
3 37 1981.6817984284862 18.338458742754298 0.259425931983699 0.00011891126558714146
3 38 1981.6817984284862 18.338458742754298 0.259425931983699 0.00011891126558714146
3 39 1981.6817984284862 18.338458742754298 0.259425931983699 0.00011891126558714146
3 40 1970.7290132901699 18.032175119128315 0.31326523654222993 7.802247983497299e-05
3 41 1970.7290132901699 18.032175119128315 0.31326523654222993 7.802247983497299e-05
3 42 1970.7290132901699 18.032175119128315 0.31326523654222993 7.802247983497299e-05
3 43 1970.7290132901699 18.032175119128315 0.31326523654222993 7.802247983497299e-05
3 44 1970.7290132901699 18.032175119128315 0.31326523654222993 7.802247983497299e-05
3 45 1970.7290132901699 18.032175119128315 0.31326523654222993 7.802247983497299e-05
3 46 1821.9092245487873 18.928440895408173 -0.1843361859023601 0.00022941827765667752
3 47 1821.9092245487873 18.928440895408173 -0.1843361859023601 0.00022941827765667752
3 48 1821.9092245487873 18.928440895408173 -0.1843361859023601 0.00022941827765667752
3 49 1821.9092245487873 18.928440895408173 -0.1843361859023601 0.00022941827765667752
3 50 1821.9092245487873 18.928440895408173 -0.1843361859023601 0.00022941827765667752
3 51 1821.9092245487873 18.928440895408173 -0.1843361859023601 0.00022941827765667752
3 52 1821.9092245487873 18.928440895408173 -0.1843361859023601 0.00022941827765667752
3 53 1821.9092245487873 18.928440895408173 -0.1843361859023601 0.00022941827765667752
3 54 1815.9722260145452 20.180171722347886 0.504234117078018 8.481793202977055e-05
3 55 1815.9722260145452 20.180171722347886 0.504234117078018 8.481793202977055e-05
4 0 1450.3874909339602 17.269131088256685 0.24980672536475956 0.00011702778295409114
4 1 1450.3874909339602 17.269131088256685 0.24980672536475956 0.00011702778295409114
4 2 1432.562279596841 16.588060058485574 0.2866004900050111 8.100271238778665e-05
4 3 1432.562279596841 16.588060058485574 0.2866004900050111 8.100271238778665e-05
4 4 1432.562279596841 16.588060058485574 0.2866004900050111 8.100271238778665e-05
4 5 1432.562279596841 16.588060058485574 0.2866004900050111 8.100271238778665e-05
4 6 1432.562279596841 16.588060058485574 0.2866004900050111 8.100271238778665e-05
4 7 1432.562279596841 16.588060058485574 0.2866004900050111 8.100271238778665e-05
4 8 1445.8941270260425 15.785848724652638 0.27816960961354287 9.101628991783805e-05
4 9 1445.8941270260425 15.785848724652638 0.27816960961354287 9.101628991783805e-05
4 10 1445.8941270260425 15.785848724652638 0.27816960961354287 9.101628991783805e-05
4 11 1445.8941270260425 15.785848724652638 0.27816960961354287 9.101628991783805e-05
4 12 1445.8941270260425 15.785848724652638 0.27816960961354287 9.101628991783805e-05
4 13 1445.8941270260425 15.785848724652638 0.27816960961354287 9.101628991783805e-05
4 14 1497.2960517853826 16.14962262320372 0.38385716842840445 9.17866819067901e-05
4 15 1497.2960517853826 16.14962262320372 0.38385716842840445 9.17866819067901e-05
4 16 1497.2960517853826 16.14962262320372 0.38385716842840445 9.17866819067901e-05
4 17 1497.2960517853826 16.14962262320372 0.38385716842840445 9.17866819067901e-05
4 18 1497.2960517853826 16.14962262320372 0.38385716842840445 9.17866819067901e-05
4 19 1453.0721752293503 18.964466466233954 0.301785126766081 8.060662746486026e-05
4 20 1453.0721752293503 18.964466466233954 0.301785126766081 8.060662746486026e-05
4 21 1453.0721752293503 18.964466466233954 0.301785126766081 8.060662746486026e-05
4 22 1453.0721752293503 18.964466466233954 0.301785126766081 8.060662746486026e-05
4 23 1453.0721752293503 18.964466466233954 0.301785126766081 8.060662746486026e-05
4 24 1453.0721752293503 18.964466466233954 0.301785126766081 8.060662746486026e-05
4 25 1463.4996076095722 19.661271540095083 0.3725573409893095 7.599592289694003e-05
4 26 1463.4996076095722 19.661271540095083 0.3725573409893095 7.599592289694003e-05
4 27 1463.4996076095722 19.661271540095083 0.3725573409893095 7.599592289694003e-05
4 28 1463.4996076095722 19.661271540095083 0.3725573409893095 7.599592289694003e-05
4 29 1463.4996076095722 19.661271540095083 0.3725573409893095 7.599592289694003e-05
4 30 1486.9792165150448 21.432883613064668 0.32108250376516956 7.61151330177989e-05
4 31 1486.9792165150448 21.432883613064668 0.32108250376516956 7.61151330177989e-05
4 32 1486.9792165150448 21.432883613064668 0.32108250376516956 7.61151330177989e-05
4 33 1486.9792165150448 21.432883613064668 0.32108250376516956 7.61151330177989e-05
4 34 1461.3173091850172 17.26683967112993 0.2988092830925847 8.045786177959057e-05
4 35 1461.3173091850172 17.26683967112993 0.2988092830925847 8.045786177959057e-05
4 36 1461.3173091850172 17.26683967112993 0.2988092830925847 8.045786177959057e-05
4 37 1461.3173091850172 17.26683967112993 0.2988092830925847 8.045786177959057e-05
4 38 1461.3173091850172 17.26683967112993 0.2988092830925847 8.045786177959057e-05
4 39 1461.3173091850172 17.26683967112993 0.2988092830925847 8.045786177959057e-05
4 40 1438.1288392103515 17.899290487774522 0.22971058440971015 5.966424809123633e-05
4 41 1438.1288392103515 17.899290487774522 0.22971058440971015 5.966424809123633e-05
4 42 1438.1288392103515 17.899290487774522 0.22971058440971015 5.966424809123633e-05
4 43 1438.1288392103515 17.899290487774522 0.22971058440971015 5.966424809123633e-05
4 44 1438.1288392103515 17.899290487774522 0.22971058440971015 5.966424809123633e-05
4 45 1438.1288392103515 17.899290487774522 0.22971058440971015 5.966424809123633e-05
4 46 1454.3257822828868 19.26133423441523 0.15710840873540277 9.357683224520618e-05
4 47 1454.3257822828868 19.26133423441523 0.15710840873540277 9.357683224520618e-05
4 48 1454.3257822828868 19.26133423441523 0.15710840873540277 9.357683224520618e-05
4 49 1454.3257822828868 19.26133423441523 0.15710840873540277 9.357683224520618e-05
4 50 1454.3257822828868 19.26133423441523 0.15710840873540277 9.357683224520618e-05
4 51 1454.3257822828868 19.26133423441523 0.15710840873540277 9.357683224520618e-05
4 52 1454.3257822828868 19.26133423441523 0.15710840873540277 9.357683224520618e-05
4 53 1454.3257822828868 19.26133423441523 0.15710840873540277 9.357683224520618e-05
4 54 1450.7607299726228 17.997770673752562 0.3681402191465053 8.398294467089806e-05
4 55 1450.7607299726228 17.997770673752562 0.3681402191465053 8.398294467089806e-05
5 0 1119.9588456010742 13.81530974315104 0.3037502652374344 0.00010198354726907437
5 1 1119.9588456010742 13.81530974315104 0.3037502652374344 0.00010198354726907437
5 2 1120.0143314004922 13.99823783975463 0.37351438932671266 6.681710734784756e-05
5 3 1120.0143314004922 13.99823783975463 0.37351438932671266 6.681710734784756e-05
5 4 1120.0143314004922 13.99823783975463 0.37351438932671266 6.681710734784756e-05
5 5 1120.0143314004922 13.99823783975463 0.37351438932671266 6.681710734784756e-05
5 6 1120.0143314004922 13.99823783975463 0.37351438932671266 6.681710734784756e-05
5 7 1120.0143314004922 13.99823783975463 0.37351438932671266 6.681710734784756e-05
5 8 1145.8638976560524 19.169368094627906 0.32229167161086947 8.851289048044072e-05
5 9 1145.8638976560524 19.169368094627906 0.32229167161086947 8.851289048044072e-05
5 10 1145.8638976560524 19.169368094627906 0.32229167161086947 8.851289048044072e-05
5 11 1145.8638976560524 19.169368094627906 0.32229167161086947 8.851289048044072e-05
5 12 1145.8638976560524 19.169368094627906 0.32229167161086947 8.851289048044072e-05
5 13 1145.8638976560524 19.169368094627906 0.32229167161086947 8.851289048044072e-05
5 14 1148.7727649322371 20.046866659824445 0.30420869563297204 9.05391650900135e-05
5 15 1148.7727649322371 20.046866659824445 0.30420869563297204 9.05391650900135e-05
5 16 1148.7727649322371 20.046866659824445 0.30420869563297204 9.05391650900135e-05
5 17 1148.7727649322371 20.046866659824445 0.30420869563297204 9.05391650900135e-05
5 18 1148.7727649322371 20.046866659824445 0.30420869563297204 9.05391650900135e-05
5 19 1129.037419474823 17.43203136827207 0.4179557599417155 8.922811402776947e-05
5 20 1129.037419474823 17.43203136827207 0.4179557599417155 8.922811402776947e-05
5 21 1129.037419474823 17.43203136827207 0.4179557599417155 8.922811402776947e-05
5 22 1129.037419474823 17.43203136827207 0.4179557599417155 8.922811402776947e-05
5 23 1129.037419474823 17.43203136827207 0.4179557599417155 8.922811402776947e-05
5 24 1129.037419474823 17.43203136827207 0.4179557599417155 8.922811402776947e-05
5 25 1120.2381409236696 13.945541774912162 0.2835328704045557 9.351978947621522e-05
5 26 1120.2381409236696 13.945541774912162 0.2835328704045557 9.351978947621522e-05
5 27 1120.2381409236696 13.945541774912162 0.2835328704045557 9.351978947621522e-05
5 28 1120.2381409236696 13.945541774912162 0.2835328704045557 9.351978947621522e-05
5 29 1120.2381409236696 13.945541774912162 0.2835328704045557 9.351978947621522e-05
5 30 1144.649329456587 18.303617818906446 0.28564770984038956 8.790268483488628e-05
5 31 1144.649329456587 18.303617818906446 0.28564770984038956 8.790268483488628e-05
5 32 1144.649329456587 18.303617818906446 0.28564770984038956 8.790268483488628e-05
5 33 1144.649329456587 18.303617818906446 0.28564770984038956 8.790268483488628e-05
5 34 1147.2150353458287 19.175046212840073 0.2949799971384046 8.644531942360577e-05
5 35 1147.2150353458287 19.175046212840073 0.2949799971384046 8.644531942360577e-05
5 36 1147.2150353458287 19.175046212840073 0.2949799971384046 8.644531942360577e-05
5 37 1147.2150353458287 19.175046212840073 0.2949799971384046 8.644531942360577e-05
5 38 1147.2150353458287 19.175046212840073 0.2949799971384046 8.644531942360577e-05
5 39 1147.2150353458287 19.175046212840073 0.2949799971384046 8.644531942360577e-05
5 40 1120.000222044203 13.985149388863107 0.3109923117099269 9.924170907176149e-05
5 41 1120.000222044203 13.985149388863107 0.3109923117099269 9.924170907176149e-05
5 42 1120.000222044203 13.985149388863107 0.3109923117099269 9.924170907176149e-05
5 43 1120.000222044203 13.985149388863107 0.3109923117099269 9.924170907176149e-05
5 44 1120.000222044203 13.985149388863107 0.3109923117099269 9.924170907176149e-05
5 45 1120.000222044203 13.985149388863107 0.3109923117099269 9.924170907176149e-05
5 46 1119.9714879308826 13.945581838762358 0.3234325972004699 9.090653300871925e-05
5 47 1119.9714879308826 13.945581838762358 0.3234325972004699 9.090653300871925e-05
5 48 1119.9714879308826 13.945581838762358 0.3234325972004699 9.090653300871925e-05
5 49 1119.9714879308826 13.945581838762358 0.3234325972004699 9.090653300871925e-05
5 50 1119.9714879308826 13.945581838762358 0.3234325972004699 9.090653300871925e-05
5 51 1119.9714879308826 13.945581838762358 0.3234325972004699 9.090653300871925e-05
5 52 1119.9714879308826 13.945581838762358 0.3234325972004699 9.090653300871925e-05
5 53 1119.9714879308826 13.945581838762358 0.3234325972004699 9.090653300871925e-05
5 54 1138.5995673868972 17.432031819988296 0.19273071359952587 8.863947025433732e-05
5 55 1138.5995673868972 17.432031819988296 0.19273071359952587 8.863947025433732e-05
6 0 587.4141973011255 15.539622096890287 0.38322326049074784 7.468464763227826e-05
6 1 587.4141973011255 15.539622096890287 0.38322326049074784 7.468464763227826e-05
6 2 587.3792532774562 14.955638836393204 0.33710184315588315 8.9479362395828e-05
6 3 587.3792532774562 14.955638836393204 0.33710184315588315 8.9479362395828e-05
6 4 587.3792532774562 14.955638836393204 0.33710184315588315 8.9479362395828e-05
6 5 587.3792532774562 14.955638836393204 0.33710184315588315 8.9479362395828e-05
6 6 587.3792532774562 14.955638836393204 0.33710184315588315 8.9479362395828e-05
6 7 587.3792532774562 14.955638836393204 0.33710184315588315 8.9479362395828e-05
6 8 587.5942797939468 13.900668421328994 0.3744992865777627 0.00010126831663042897
6 9 587.5942797939468 13.900668421328994 0.3744992865777627 0.00010126831663042897
6 10 587.5942797939468 13.900668421328994 0.3744992865777627 0.00010126831663042897
6 11 587.5942797939468 13.900668421328994 0.3744992865777627 0.00010126831663042897
6 12 587.5942797939468 13.900668421328994 0.3744992865777627 0.00010126831663042897
6 13 587.5942797939468 13.900668421328994 0.3744992865777627 0.00010126831663042897
6 14 590.6771727605329 17.594858086693215 0.2998011507769225 9.638064044618122e-05
6 15 590.6771727605329 17.594858086693215 0.2998011507769225 9.638064044618122e-05
6 16 590.6771727605329 17.594858086693215 0.2998011507769225 9.638064044618122e-05
6 17 590.6771727605329 17.594858086693215 0.2998011507769225 9.638064044618122e-05
6 18 590.6771727605329 17.594858086693215 0.2998011507769225 9.638064044618122e-05
6 19 589.0366358418332 15.835268698204231 0.4160257135529122 8.46469702767999e-05
6 20 589.0366358418332 15.835268698204231 0.4160257135529122 8.46469702767999e-05
6 21 589.0366358418332 15.835268698204231 0.4160257135529122 8.46469702767999e-05
6 22 589.0366358418332 15.835268698204231 0.4160257135529122 8.46469702767999e-05
6 23 589.0366358418332 15.835268698204231 0.4160257135529122 8.46469702767999e-05
6 24 589.0366358418332 15.835268698204231 0.4160257135529122 8.46469702767999e-05
6 25 588.1544933835471 14.955634195150289 0.4517689054766857 9.590367730972394e-05
6 26 588.1544933835471 14.955634195150289 0.4517689054766857 9.590367730972394e-05
6 27 588.1544933835471 14.955634195150289 0.4517689054766857 9.590367730972394e-05
6 28 588.1544933835471 14.955634195150289 0.4517689054766857 9.590367730972394e-05
6 29 588.1544933835471 14.955634195150289 0.4517689054766857 9.590367730972394e-05
6 30 590.0855751675214 17.59476267272342 0.3510888653101636 8.815536572829831e-05
6 31 590.0855751675214 17.59476267272342 0.3510888653101636 8.815536572829831e-05
6 32 590.0855751675214 17.59476267272342 0.3510888653101636 8.815536572829831e-05
6 33 590.0855751675214 17.59476267272342 0.3510888653101636 8.815536572829831e-05
6 34 587.1975534629798 14.955616278528328 0.4482188587818992 7.449972486757707e-05
6 35 587.1975534629798 14.955616278528328 0.4482188587818992 7.449972486757707e-05
6 36 587.1975534629798 14.955616278528328 0.4482188587818992 7.449972486757707e-05
6 37 587.1975534629798 14.955616278528328 0.4482188587818992 7.449972486757707e-05
6 38 587.1975534629798 14.955616278528328 0.4482188587818992 7.449972486757707e-05
6 39 587.1975534629798 14.955616278528328 0.4482188587818992 7.449972486757707e-05
6 40 594.1340626941212 20.22767862479943 0.34375956576439404 9.232759406487283e-05
6 41 594.1340626941212 20.22767862479943 0.34375956576439404 9.232759406487283e-05
6 42 594.1340626941212 20.22767862479943 0.34375956576439404 9.232759406487283e-05
6 43 594.1340626941212 20.22767862479943 0.34375956576439404 9.232759406487283e-05
6 44 594.1340626941212 20.22767862479943 0.34375956576439404 9.232759406487283e-05
6 45 594.1340626941212 20.22767862479943 0.34375956576439404 9.232759406487283e-05
6 46 588.3235382198661 14.953743509949177 0.3960346546169861 8.30292768966776e-05
6 47 588.3235382198661 14.953743509949177 0.3960346546169861 8.30292768966776e-05
6 48 588.3235382198661 14.953743509949177 0.3960346546169861 8.30292768966776e-05
6 49 588.3235382198661 14.953743509949177 0.3960346546169861 8.30292768966776e-05
6 50 588.3235382198661 14.953743509949177 0.3960346546169861 8.30292768966776e-05
6 51 588.3235382198661 14.953743509949177 0.3960346546169861 8.30292768966776e-05
6 52 588.3235382198661 14.953743509949177 0.3960346546169861 8.30292768966776e-05
6 53 588.3235382198661 14.953743509949177 0.3960346546169861 8.30292768966776e-05
6 54 589.1229257801281 16.640519214722467 0.39362340561475045 7.957254099209882e-05
6 55 589.1229257801281 16.640519214722467 0.39362340561475045 7.957254099209882e-05
7 0 478.8190933453644 10.07280172994195 0.539509749745205 8.076429394174078e-05
7 1 478.8190933453644 10.07280172994195 0.539509749745205 8.076429394174078e-05
7 2 476.14047025733595 9.132446652053169 0.40569333236692273 5.905008652026046e-05
7 3 476.14047025733595 9.132446652053169 0.40569333236692273 5.905008652026046e-05
7 4 476.14047025733595 9.132446652053169 0.40569333236692273 5.905008652026046e-05
7 5 476.14047025733595 9.132446652053169 0.40569333236692273 5.905008652026046e-05
7 6 476.14047025733595 9.132446652053169 0.40569333236692273 5.905008652026046e-05
7 7 476.14047025733595 9.132446652053169 0.40569333236692273 5.905008652026046e-05
7 8 486.79642750843794 12.340466188123157 0.38318729119242956 6.860498296337616e-05
7 9 486.79642750843794 12.340466188123157 0.38318729119242956 6.860498296337616e-05
7 10 486.79642750843794 12.340466188123157 0.38318729119242956 6.860498296337616e-05
7 11 486.79642750843794 12.340466188123157 0.38318729119242956 6.860498296337616e-05
7 12 486.79642750843794 12.340466188123157 0.38318729119242956 6.860498296337616e-05
7 13 486.79642750843794 12.340466188123157 0.38318729119242956 6.860498296337616e-05
7 14 466.90337263527334 12.050116317822628 0.5859144530403553 2.366304103704811e-05
7 15 466.90337263527334 12.050116317822628 0.5859144530403553 2.366304103704811e-05
7 16 466.90337263527334 12.050116317822628 0.5859144530403553 2.366304103704811e-05
7 17 466.90337263527334 12.050116317822628 0.5859144530403553 2.366304103704811e-05
7 18 466.90337263527334 12.050116317822628 0.5859144530403553 2.366304103704811e-05
7 19 474.0879782556632 9.148278643622174 0.3023135032119558 6.274885021943064e-05
7 20 474.0879782556632 9.148278643622174 0.3023135032119558 6.274885021943064e-05
7 21 474.0879782556632 9.148278643622174 0.3023135032119558 6.274885021943064e-05
7 22 474.0879782556632 9.148278643622174 0.3023135032119558 6.274885021943064e-05
7 23 474.0879782556632 9.148278643622174 0.3023135032119558 6.274885021943064e-05
7 24 474.0879782556632 9.148278643622174 0.3023135032119558 6.274885021943064e-05
7 25 469.66924883703973 10.135242993845974 0.3177027943023734 7.408860387893201e-05
7 26 469.66924883703973 10.135242993845974 0.3177027943023734 7.408860387893201e-05
7 27 469.66924883703973 10.135242993845974 0.3177027943023734 7.408860387893201e-05
7 28 469.66924883703973 10.135242993845974 0.3177027943023734 7.408860387893201e-05
7 29 469.66924883703973 10.135242993845974 0.3177027943023734 7.408860387893201e-05
7 30 479.2477004048671 9.90935204354138 0.22827723643985431 0.00011545419371369075
7 31 479.2477004048671 9.90935204354138 0.22827723643985431 0.00011545419371369075
7 32 479.2477004048671 9.90935204354138 0.22827723643985431 0.00011545419371369075
7 33 479.2477004048671 9.90935204354138 0.22827723643985431 0.00011545419371369075
7 34 471.3481544878631 12.069112923388271 0.8704152569147203 6.27636676417199e-05
7 35 471.3481544878631 12.069112923388271 0.8704152569147203 6.27636676417199e-05
7 36 471.3481544878631 12.069112923388271 0.8704152569147203 6.27636676417199e-05
7 37 471.3481544878631 12.069112923388271 0.8704152569147203 6.27636676417199e-05
7 38 471.3481544878631 12.069112923388271 0.8704152569147203 6.27636676417199e-05
7 39 471.3481544878631 12.069112923388271 0.8704152569147203 6.27636676417199e-05
7 40 470.02341889536206 12.430235389474593 0.7781006805999697 8.171796774330309e-05
7 41 470.02341889536206 12.430235389474593 0.7781006805999697 8.171796774330309e-05
7 42 470.02341889536206 12.430235389474593 0.7781006805999697 8.171796774330309e-05
7 43 470.02341889536206 12.430235389474593 0.7781006805999697 8.171796774330309e-05
7 44 470.02341889536206 12.430235389474593 0.7781006805999697 8.171796774330309e-05
7 45 470.02341889536206 12.430235389474593 0.7781006805999697 8.171796774330309e-05
7 46 484.9116329540408 9.10885329758131 0.37496118585276783 6.717443370274969e-05
7 47 484.9116329540408 9.10885329758131 0.37496118585276783 6.717443370274969e-05
7 48 484.9116329540408 9.10885329758131 0.37496118585276783 6.717443370274969e-05
7 49 484.9116329540408 9.10885329758131 0.37496118585276783 6.717443370274969e-05
7 50 484.9116329540408 9.10885329758131 0.37496118585276783 6.717443370274969e-05
7 51 484.9116329540408 9.10885329758131 0.37496118585276783 6.717443370274969e-05
7 52 484.9116329540408 9.10885329758131 0.37496118585276783 6.717443370274969e-05
7 53 484.9116329540408 9.10885329758131 0.37496118585276783 6.717443370274969e-05
7 54 467.4604335704712 14.205985043042368 0.6787975033991052 2.6881838034412632e-05
7 55 467.4604335704712 14.205985043042368 0.6787975033991052 2.6881838034412632e-05
8 0 400.42691613054865 29.56821397529888 0.36737892897854496 9.08970814647003e-05
8 1 400.42691613054865 29.56821397529888 0.36737892897854496 9.08970814647003e-05
8 2 400.0936776190254 25.63568604962345 0.36719994493123487 9.816884812447505e-05
8 3 400.0936776190254 25.63568604962345 0.36719994493123487 9.816884812447505e-05
8 4 400.0936776190254 25.63568604962345 0.36719994493123487 9.816884812447505e-05
8 5 400.0936776190254 25.63568604962345 0.36719994493123487 9.816884812447505e-05
8 6 400.0936776190254 25.63568604962345 0.36719994493123487 9.816884812447505e-05
8 7 400.0936776190254 25.63568604962345 0.36719994493123487 9.816884812447505e-05
8 8 400.55280734143713 29.56818761242736 0.2949129682297008 9.397068422989396e-05
8 9 400.55280734143713 29.56818761242736 0.2949129682297008 9.397068422989396e-05
8 10 400.55280734143713 29.56818761242736 0.2949129682297008 9.397068422989396e-05
8 11 400.55280734143713 29.56818761242736 0.2949129682297008 9.397068422989396e-05
8 12 400.55280734143713 29.56818761242736 0.2949129682297008 9.397068422989396e-05
8 13 400.55280734143713 29.56818761242736 0.2949129682297008 9.397068422989396e-05
8 14 400.23451066241444 26.880166945757097 0.3093226365832734 0.00010842099717521922
8 15 400.23451066241444 26.880166945757097 0.3093226365832734 0.00010842099717521922
8 16 400.23451066241444 26.880166945757097 0.3093226365832734 0.00010842099717521922
8 17 400.23451066241444 26.880166945757097 0.3093226365832734 0.00010842099717521922
8 18 400.23451066241444 26.880166945757097 0.3093226365832734 0.00010842099717521922
8 19 401.0475933108585 25.093008879712183 0.282221066776605 9.673833795647964e-05
8 20 401.0475933108585 25.093008879712183 0.282221066776605 9.673833795647964e-05
8 21 401.0475933108585 25.093008879712183 0.282221066776605 9.673833795647964e-05
8 22 401.0475933108585 25.093008879712183 0.282221066776605 9.673833795647964e-05
8 23 401.0475933108585 25.093008879712183 0.282221066776605 9.673833795647964e-05
8 24 401.0475933108585 25.093008879712183 0.282221066776605 9.673833795647964e-05
8 25 400.2608062789156 27.398778556488757 0.320000226920301 8.887052589813115e-05
8 26 400.2608062789156 27.398778556488757 0.320000226920301 8.887052589813115e-05
8 27 400.2608062789156 27.398778556488757 0.320000226920301 8.887052589813115e-05
8 28 400.2608062789156 27.398778556488757 0.320000226920301 8.887052589813115e-05
8 29 400.2608062789156 27.398778556488757 0.320000226920301 8.887052589813115e-05
8 30 400.2806113757297 25.088146244641514 0.331315584878375 9.467902483071647e-05
8 31 400.2806113757297 25.088146244641514 0.331315584878375 9.467902483071647e-05
8 32 400.2806113757297 25.088146244641514 0.331315584878375 9.467902483071647e-05
8 33 400.2806113757297 25.088146244641514 0.331315584878375 9.467902483071647e-05
8 34 400.6550739056151 26.511002321714063 0.32893004424406846 9.423494253489562e-05
8 35 400.6550739056151 26.511002321714063 0.32893004424406846 9.423494253489562e-05
8 36 400.6550739056151 26.511002321714063 0.32893004424406846 9.423494253489562e-05
8 37 400.6550739056151 26.511002321714063 0.32893004424406846 9.423494253489562e-05
8 38 400.6550739056151 26.511002321714063 0.32893004424406846 9.423494253489562e-05
8 39 400.6550739056151 26.511002321714063 0.32893004424406846 9.423494253489562e-05
8 40 400.1381231519363 23.980445773879094 0.3297924552415008 9.900331489202008e-05
8 41 400.1381231519363 23.980445773879094 0.3297924552415008 9.900331489202008e-05
8 42 400.1381231519363 23.980445773879094 0.3297924552415008 9.900331489202008e-05
8 43 400.1381231519363 23.980445773879094 0.3297924552415008 9.900331489202008e-05
8 44 400.1381231519363 23.980445773879094 0.3297924552415008 9.900331489202008e-05
8 45 400.1381231519363 23.980445773879094 0.3297924552415008 9.900331489202008e-05
8 46 400.3937309456843 25.22717007888795 0.3214328615556359 9.864562123165325e-05
8 47 400.3937309456843 25.22717007888795 0.3214328615556359 9.864562123165325e-05
8 48 400.3937309456843 25.22717007888795 0.3214328615556359 9.864562123165325e-05
8 49 400.3937309456843 25.22717007888795 0.3214328615556359 9.864562123165325e-05
8 50 400.3937309456843 25.22717007888795 0.3214328615556359 9.864562123165325e-05
8 51 400.3937309456843 25.22717007888795 0.3214328615556359 9.864562123165325e-05
8 52 400.3937309456843 25.22717007888795 0.3214328615556359 9.864562123165325e-05
8 53 400.3937309456843 25.22717007888795 0.3214328615556359 9.864562123165325e-05
8 54 399.9665647163531 21.316415877341136 0.3226757996887393 0.00010579824294413892
8 55 399.9665647163531 21.316415877341136 0.3226757996887393 0.00010579824294413892
9 0 436.84212030924704 17.78547023177557 0.2848876430348638 9.3400478668888e-05
9 1 436.84212030924704 17.78547023177557 0.2848876430348638 9.3400478668888e-05
9 2 436.83218355205537 17.68536009245895 0.2866851291969431 9.365100943215539e-05
9 3 436.83218355205537 17.68536009245895 0.2866851291969431 9.365100943215539e-05
9 4 436.83218355205537 17.68536009245895 0.2866851291969431 9.365100943215539e-05
9 5 436.83218355205537 17.68536009245895 0.2866851291969431 9.365100943215539e-05
9 6 436.83218355205537 17.68536009245895 0.2866851291969431 9.365100943215539e-05
9 7 436.83218355205537 17.68536009245895 0.2866851291969431 9.365100943215539e-05
9 8 436.8632219819631 17.4965269619512 0.2881548916082447 9.471178354664359e-05
9 9 436.8632219819631 17.4965269619512 0.2881548916082447 9.471178354664359e-05
9 10 436.8632219819631 17.4965269619512 0.2881548916082447 9.471178354664359e-05
9 11 436.8632219819631 17.4965269619512 0.2881548916082447 9.471178354664359e-05
9 12 436.8632219819631 17.4965269619512 0.2881548916082447 9.471178354664359e-05
9 13 436.8632219819631 17.4965269619512 0.2881548916082447 9.471178354664359e-05
9 14 436.84581673572575 17.79562787121848 0.2836872659015405 9.393193813494991e-05
9 15 436.84581673572575 17.79562787121848 0.2836872659015405 9.393193813494991e-05
9 16 436.84581673572575 17.79562787121848 0.2836872659015405 9.393193813494991e-05
9 17 436.84581673572575 17.79562787121848 0.2836872659015405 9.393193813494991e-05
9 18 436.84581673572575 17.79562787121848 0.2836872659015405 9.393193813494991e-05
9 19 436.82259605095436 18.00670822358726 0.28193233310562804 9.125472226587264e-05
9 20 436.82259605095436 18.00670822358726 0.28193233310562804 9.125472226587264e-05
9 21 436.82259605095436 18.00670822358726 0.28193233310562804 9.125472226587264e-05
9 22 436.82259605095436 18.00670822358726 0.28193233310562804 9.125472226587264e-05
9 23 436.82259605095436 18.00670822358726 0.28193233310562804 9.125472226587264e-05
9 24 436.82259605095436 18.00670822358726 0.28193233310562804 9.125472226587264e-05
9 25 436.80583364774486 17.98127739758423 0.28673927762420015 8.9704612931122e-05
9 26 436.80583364774486 17.98127739758423 0.28673927762420015 8.9704612931122e-05
9 27 436.80583364774486 17.98127739758423 0.28673927762420015 8.9704612931122e-05
9 28 436.80583364774486 17.98127739758423 0.28673927762420015 8.9704612931122e-05
9 29 436.80583364774486 17.98127739758423 0.28673927762420015 8.9704612931122e-05
9 30 436.8814443285781 17.092327452989643 0.29111425164291616 0.0001005816653618128
9 31 436.8814443285781 17.092327452989643 0.29111425164291616 0.0001005816653618128
9 32 436.8814443285781 17.092327452989643 0.29111425164291616 0.0001005816653618128
9 33 436.8814443285781 17.092327452989643 0.29111425164291616 0.0001005816653618128
9 34 436.7774350137876 17.178386373178892 0.28599711482293355 9.553677273627194e-05
9 35 436.7774350137876 17.178386373178892 0.28599711482293355 9.553677273627194e-05
9 36 436.7774350137876 17.178386373178892 0.28599711482293355 9.553677273627194e-05
9 37 436.7774350137876 17.178386373178892 0.28599711482293355 9.553677273627194e-05
9 38 436.7774350137876 17.178386373178892 0.28599711482293355 9.553677273627194e-05
9 39 436.7774350137876 17.178386373178892 0.28599711482293355 9.553677273627194e-05
9 40 436.77544296079043 17.556208776244375 0.2864180756554856 9.37988184607066e-05
9 41 436.77544296079043 17.556208776244375 0.2864180756554856 9.37988184607066e-05
9 42 436.77544296079043 17.556208776244375 0.2864180756554856 9.37988184607066e-05
9 43 436.77544296079043 17.556208776244375 0.2864180756554856 9.37988184607066e-05
9 44 436.77544296079043 17.556208776244375 0.2864180756554856 9.37988184607066e-05
9 45 436.77544296079043 17.556208776244375 0.2864180756554856 9.37988184607066e-05
9 46 436.79856434868566 17.764605216007915 0.282917591128858 9.328631383646924e-05
9 47 436.79856434868566 17.764605216007915 0.282917591128858 9.328631383646924e-05
9 48 436.79856434868566 17.764605216007915 0.282917591128858 9.328631383646924e-05
9 49 436.79856434868566 17.764605216007915 0.282917591128858 9.328631383646924e-05
9 50 436.79856434868566 17.764605216007915 0.282917591128858 9.328631383646924e-05
9 51 436.79856434868566 17.764605216007915 0.282917591128858 9.328631383646924e-05
9 52 436.79856434868566 17.764605216007915 0.282917591128858 9.328631383646924e-05
9 53 436.79856434868566 17.764605216007915 0.282917591128858 9.328631383646924e-05
9 54 436.78319671159636 17.60897662440236 0.28575178015093106 9.416010042598305e-05
9 55 436.78319671159636 17.60897662440236 0.28575178015093106 9.416010042598305e-05
10 0 417.3162048277147 -8.972343261506476 1.1468187559404504 -2.9414973343138232e-05
10 1 417.3162048277147 -8.972343261506476 1.1468187559404504 -2.9414973343138232e-05
10 2 419.5487855750573 -4.736655446578987 0.9290090768563035 -2.5779008907323912e-05
10 3 419.5487855750573 -4.736655446578987 0.9290090768563035 -2.5779008907323912e-05
10 4 419.5487855750573 -4.736655446578987 0.9290090768563035 -2.5779008907323912e-05
10 5 419.5487855750573 -4.736655446578987 0.9290090768563035 -2.5779008907323912e-05
10 6 419.5487855750573 -4.736655446578987 0.9290090768563035 -2.5779008907323912e-05
10 7 419.5487855750573 -4.736655446578987 0.9290090768563035 -2.5779008907323912e-05
10 8 412.61912481655474 -7.902851759747925 1.0629799841788894 -4.789233149670301e-05
10 9 412.61912481655474 -7.902851759747925 1.0629799841788894 -4.789233149670301e-05
10 10 412.61912481655474 -7.902851759747925 1.0629799841788894 -4.789233149670301e-05
10 11 412.61912481655474 -7.902851759747925 1.0629799841788894 -4.789233149670301e-05
10 12 412.61912481655474 -7.902851759747925 1.0629799841788894 -4.789233149670301e-05
10 13 412.61912481655474 -7.902851759747925 1.0629799841788894 -4.789233149670301e-05
10 14 408.8838459733686 -4.915732714729668 1.111285185683286 -2.8580649999939494e-05
10 15 408.8838459733686 -4.915732714729668 1.111285185683286 -2.8580649999939494e-05
10 16 408.8838459733686 -4.915732714729668 1.111285185683286 -2.8580649999939494e-05
10 17 408.8838459733686 -4.915732714729668 1.111285185683286 -2.8580649999939494e-05
10 18 408.8838459733686 -4.915732714729668 1.111285185683286 -2.8580649999939494e-05
10 19 398.8516520366388 13.683520508581434 0.9434490169319685 3.7555941836473422e-06
10 20 398.8516520366388 13.683520508581434 0.9434490169319685 3.7555941836473422e-06
10 21 398.8516520366388 13.683520508581434 0.9434490169319685 3.7555941836473422e-06
10 22 398.8516520366388 13.683520508581434 0.9434490169319685 3.7555941836473422e-06
10 23 398.8516520366388 13.683520508581434 0.9434490169319685 3.7555941836473422e-06
10 24 398.8516520366388 13.683520508581434 0.9434490169319685 3.7555941836473422e-06
10 25 397.6575011518307 12.08756087394601 1.0620296106706966 -1.892447484333055e-05
10 26 397.6575011518307 12.08756087394601 1.0620296106706966 -1.892447484333055e-05
10 27 397.6575011518307 12.08756087394601 1.0620296106706966 -1.892447484333055e-05
10 28 397.6575011518307 12.08756087394601 1.0620296106706966 -1.892447484333055e-05
10 29 397.6575011518307 12.08756087394601 1.0620296106706966 -1.892447484333055e-05
10 30 416.80524027232354 9.723083587517035 0.9404258067788398 -2.5361776718363858e-05
10 31 416.80524027232354 9.723083587517035 0.9404258067788398 -2.5361776718363858e-05
10 32 416.80524027232354 9.723083587517035 0.9404258067788398 -2.5361776718363858e-05
10 33 416.80524027232354 9.723083587517035 0.9404258067788398 -2.5361776718363858e-05
10 34 398.82949262236525 15.239886948530849 1.158088294859584 -4.773050536020514e-07
10 35 398.82949262236525 15.239886948530849 1.158088294859584 -4.773050536020514e-07
10 36 398.82949262236525 15.239886948530849 1.158088294859584 -4.773050536020514e-07
10 37 398.82949262236525 15.239886948530849 1.158088294859584 -4.773050536020514e-07
10 38 398.82949262236525 15.239886948530849 1.158088294859584 -4.773050536020514e-07
10 39 398.82949262236525 15.239886948530849 1.158088294859584 -4.773050536020514e-07
10 40 412.6147658044315 2.153094327622936 -0.051276039762102356 0.00016587972649977377
10 41 412.6147658044315 2.153094327622936 -0.051276039762102356 0.00016587972649977377
10 42 412.6147658044315 2.153094327622936 -0.051276039762102356 0.00016587972649977377
10 43 412.6147658044315 2.153094327622936 -0.051276039762102356 0.00016587972649977377
10 44 412.6147658044315 2.153094327622936 -0.051276039762102356 0.00016587972649977377
10 45 412.6147658044315 2.153094327622936 -0.051276039762102356 0.00016587972649977377
10 46 398.75460289452536 20.981488209394314 0.09117492326449778 6.860705891453841e-05
10 47 398.75460289452536 20.981488209394314 0.09117492326449778 6.860705891453841e-05
10 48 398.75460289452536 20.981488209394314 0.09117492326449778 6.860705891453841e-05
10 49 398.75460289452536 20.981488209394314 0.09117492326449778 6.860705891453841e-05
10 50 398.75460289452536 20.981488209394314 0.09117492326449778 6.860705891453841e-05
10 51 398.75460289452536 20.981488209394314 0.09117492326449778 6.860705891453841e-05
10 52 398.75460289452536 20.981488209394314 0.09117492326449778 6.860705891453841e-05
10 53 398.75460289452536 20.981488209394314 0.09117492326449778 6.860705891453841e-05
10 54 423.83204471941826 -5.299057300064765 1.005485753178894 -2.136825319404203e-05
10 55 423.83204471941826 -5.299057300064765 1.005485753178894 -2.136825319404203e-05
11 0 394.23043912958065 7.968765641206552 0.2974091965347708 0.00010377167512396591
11 1 394.23043912958065 7.968765641206552 0.2974091965347708 0.00010377167512396591
11 2 393.89612909151083 9.733152470579196 0.34822312672713607 9.745359414666869e-05
11 3 393.89612909151083 9.733152470579196 0.34822312672713607 9.745359414666869e-05
11 4 393.89612909151083 9.733152470579196 0.34822312672713607 9.745359414666869e-05
11 5 393.89612909151083 9.733152470579196 0.34822312672713607 9.745359414666869e-05
11 6 393.89612909151083 9.733152470579196 0.34822312672713607 9.745359414666869e-05
11 7 393.89612909151083 9.733152470579196 0.34822312672713607 9.745359414666869e-05
11 8 394.6579977376291 7.760967968378825 0.24999461301214626 8.692289661764048e-05
11 9 394.6579977376291 7.760967968378825 0.24999461301214626 8.692289661764048e-05
11 10 394.6579977376291 7.760967968378825 0.24999461301214626 8.692289661764048e-05
11 11 394.6579977376291 7.760967968378825 0.24999461301214626 8.692289661764048e-05
11 12 394.6579977376291 7.760967968378825 0.24999461301214626 8.692289661764048e-05
11 13 394.6579977376291 7.760967968378825 0.24999461301214626 8.692289661764048e-05
11 14 393.8306432707679 11.043858942872612 0.3758215604228392 0.00010102988351468547
11 15 393.8306432707679 11.043858942872612 0.3758215604228392 0.00010102988351468547
11 16 393.8306432707679 11.043858942872612 0.3758215604228392 0.00010102988351468547
11 17 393.8306432707679 11.043858942872612 0.3758215604228392 0.00010102988351468547
11 18 393.8306432707679 11.043858942872612 0.3758215604228392 0.00010102988351468547
11 19 396.3179465130571 14.725521318150331 0.30165013333850943 9.313219103230029e-05
11 20 396.3179465130571 14.725521318150331 0.30165013333850943 9.313219103230029e-05
11 21 396.3179465130571 14.725521318150331 0.30165013333850943 9.313219103230029e-05
11 22 396.3179465130571 14.725521318150331 0.30165013333850943 9.313219103230029e-05
11 23 396.3179465130571 14.725521318150331 0.30165013333850943 9.313219103230029e-05
11 24 396.3179465130571 14.725521318150331 0.30165013333850943 9.313219103230029e-05
11 25 394.1326025400264 7.81181937625364 0.3626975973699337 0.00011008977942375566
11 26 394.1326025400264 7.81181937625364 0.3626975973699337 0.00011008977942375566
11 27 394.1326025400264 7.81181937625364 0.3626975973699337 0.00011008977942375566
11 28 394.1326025400264 7.81181937625364 0.3626975973699337 0.00011008977942375566
11 29 394.1326025400264 7.81181937625364 0.3626975973699337 0.00011008977942375566
11 30 397.28490471638764 15.644712545932933 0.2840744685282865 8.979092188085013e-05
11 31 397.28490471638764 15.644712545932933 0.2840744685282865 8.979092188085013e-05
11 32 397.28490471638764 15.644712545932933 0.2840744685282865 8.979092188085013e-05
11 33 397.28490471638764 15.644712545932933 0.2840744685282865 8.979092188085013e-05
11 34 394.07313833035204 10.123794402042641 0.3219018379112326 0.00010711221623055828
11 35 394.07313833035204 10.123794402042641 0.3219018379112326 0.00010711221623055828
11 36 394.07313833035204 10.123794402042641 0.3219018379112326 0.00010711221623055828
11 37 394.07313833035204 10.123794402042641 0.3219018379112326 0.00010711221623055828
11 38 394.07313833035204 10.123794402042641 0.3219018379112326 0.00010711221623055828
11 39 394.07313833035204 10.123794402042641 0.3219018379112326 0.00010711221623055828
11 40 397.23314789720973 21.167942501363775 0.32789413731121364 8.918653870837996e-05
11 41 397.23314789720973 21.167942501363775 0.32789413731121364 8.918653870837996e-05
11 42 397.23314789720973 21.167942501363775 0.32789413731121364 8.918653870837996e-05
11 43 397.23314789720973 21.167942501363775 0.32789413731121364 8.918653870837996e-05
11 44 397.23314789720973 21.167942501363775 0.32789413731121364 8.918653870837996e-05
11 45 397.23314789720973 21.167942501363775 0.32789413731121364 8.918653870837996e-05
11 46 395.43865123062903 16.566202013669194 0.29824241952264624 8.326765852178632e-05
11 47 395.43865123062903 16.566202013669194 0.29824241952264624 8.326765852178632e-05
11 48 395.43865123062903 16.566202013669194 0.29824241952264624 8.326765852178632e-05
11 49 395.43865123062903 16.566202013669194 0.29824241952264624 8.326765852178632e-05
11 50 395.43865123062903 16.566202013669194 0.29824241952264624 8.326765852178632e-05
11 51 395.43865123062903 16.566202013669194 0.29824241952264624 8.326765852178632e-05
11 52 395.43865123062903 16.566202013669194 0.29824241952264624 8.326765852178632e-05
11 53 395.43865123062903 16.566202013669194 0.29824241952264624 8.326765852178632e-05
11 54 393.8040481221128 10.0873997190792 0.35097850025715227 0.00010043382918651094
11 55 393.8040481221128 10.0873997190792 0.35097850025715227 0.00010043382918651094
12 0 405.1147919925566 12.018602189212523 0.3319015646916177 0.00010532140714658658
12 1 405.1147919925566 12.018602189212523 0.3319015646916177 0.00010532140714658658
12 2 403.6307968289206 6.8955529849037696 0.3093644699201048 0.0002606614362415082
12 3 403.6307968289206 6.8955529849037696 0.3093644699201048 0.0002606614362415082
12 4 403.6307968289206 6.8955529849037696 0.3093644699201048 0.0002606614362415082
12 5 403.6307968289206 6.8955529849037696 0.3093644699201048 0.0002606614362415082
12 6 403.6307968289206 6.8955529849037696 0.3093644699201048 0.0002606614362415082
12 7 403.6307968289206 6.8955529849037696 0.3093644699201048 0.0002606614362415082
12 8 404.82621195215006 6.835336000757888 0.32789009947317727 0.00014668698691884348
12 9 404.82621195215006 6.835336000757888 0.32789009947317727 0.00014668698691884348
12 10 404.82621195215006 6.835336000757888 0.32789009947317727 0.00014668698691884348
12 11 404.82621195215006 6.835336000757888 0.32789009947317727 0.00014668698691884348
12 12 404.82621195215006 6.835336000757888 0.32789009947317727 0.00014668698691884348
12 13 404.82621195215006 6.835336000757888 0.32789009947317727 0.00014668698691884348
12 14 404.90266934683365 6.759945719657704 0.32644750822674445 0.00014978546339805912
12 15 404.90266934683365 6.759945719657704 0.32644750822674445 0.00014978546339805912
12 16 404.90266934683365 6.759945719657704 0.32644750822674445 0.00014978546339805912
12 17 404.90266934683365 6.759945719657704 0.32644750822674445 0.00014978546339805912
12 18 404.90266934683365 6.759945719657704 0.32644750822674445 0.00014978546339805912
12 19 405.06955601473123 6.344504979732751 0.31337996598899887 0.00016969361190423567
12 20 405.06955601473123 6.344504979732751 0.31337996598899887 0.00016969361190423567
12 21 405.06955601473123 6.344504979732751 0.31337996598899887 0.00016969361190423567
12 22 405.06955601473123 6.344504979732751 0.31337996598899887 0.00016969361190423567
12 23 405.06955601473123 6.344504979732751 0.31337996598899887 0.00016969361190423567
12 24 405.06955601473123 6.344504979732751 0.31337996598899887 0.00016969361190423567
12 25 405.07586727593355 8.155544459851045 0.31513130349128793 0.0001239180593286105
12 26 405.07586727593355 8.155544459851045 0.31513130349128793 0.0001239180593286105
12 27 405.07586727593355 8.155544459851045 0.31513130349128793 0.0001239180593286105
12 28 405.07586727593355 8.155544459851045 0.31513130349128793 0.0001239180593286105
12 29 405.07586727593355 8.155544459851045 0.31513130349128793 0.0001239180593286105
12 30 404.529923046872 6.702667245668907 0.3187152190506185 0.0001634951483990251
12 31 404.529923046872 6.702667245668907 0.3187152190506185 0.0001634951483990251
12 32 404.529923046872 6.702667245668907 0.3187152190506185 0.0001634951483990251
12 33 404.529923046872 6.702667245668907 0.3187152190506185 0.0001634951483990251
12 34 405.2050934354415 6.802011892274331 0.3319129620011678 0.00013047448602814503
12 35 405.2050934354415 6.802011892274331 0.3319129620011678 0.00013047448602814503
12 36 405.2050934354415 6.802011892274331 0.3319129620011678 0.00013047448602814503
12 37 405.2050934354415 6.802011892274331 0.3319129620011678 0.00013047448602814503
12 38 405.2050934354415 6.802011892274331 0.3319129620011678 0.00013047448602814503
12 39 405.2050934354415 6.802011892274331 0.3319129620011678 0.00013047448602814503
12 40 404.8023064529287 7.427527986861458 0.3003056744821819 0.00013893816142944524
12 41 404.8023064529287 7.427527986861458 0.3003056744821819 0.00013893816142944524
12 42 404.8023064529287 7.427527986861458 0.3003056744821819 0.00013893816142944524
12 43 404.8023064529287 7.427527986861458 0.3003056744821819 0.00013893816142944524
12 44 404.8023064529287 7.427527986861458 0.3003056744821819 0.00013893816142944524
12 45 404.8023064529287 7.427527986861458 0.3003056744821819 0.00013893816142944524
12 46 406.19653654225544 9.363763239139868 0.30662891251097807 0.00011938892423959147
12 47 406.19653654225544 9.363763239139868 0.30662891251097807 0.00011938892423959147
12 48 406.19653654225544 9.363763239139868 0.30662891251097807 0.00011938892423959147
12 49 406.19653654225544 9.363763239139868 0.30662891251097807 0.00011938892423959147
12 50 406.19653654225544 9.363763239139868 0.30662891251097807 0.00011938892423959147
12 51 406.19653654225544 9.363763239139868 0.30662891251097807 0.00011938892423959147
12 52 406.19653654225544 9.363763239139868 0.30662891251097807 0.00011938892423959147
12 53 406.19653654225544 9.363763239139868 0.30662891251097807 0.00011938892423959147
12 54 406.3118802657518 10.180512143071333 0.2999948689874944 0.00012153387988287181
12 55 406.3118802657518 10.180512143071333 0.2999948689874944 0.00012153387988287181
13 0 666.2329695850511 1.562750630038598 0.8402768809386969 -4.985855485942837e-05
13 1 666.2329695850511 1.562750630038598 0.8402768809386969 -4.985855485942837e-05
13 2 664.6942665874033 7.343690026074294 0.4360080947291961 0.00014597179742752438
13 3 664.6942665874033 7.343690026074294 0.4360080947291961 0.00014597179742752438
13 4 664.6942665874033 7.343690026074294 0.4360080947291961 0.00014597179742752438
13 5 664.6942665874033 7.343690026074294 0.4360080947291961 0.00014597179742752438
13 6 664.6942665874033 7.343690026074294 0.4360080947291961 0.00014597179742752438
13 7 664.6942665874033 7.343690026074294 0.4360080947291961 0.00014597179742752438
13 8 662.0703444877706 1.2663731606814337 0.04979767802368032 0.0001576542597561373
13 9 662.0703444877706 1.2663731606814337 0.04979767802368032 0.0001576542597561373
13 10 662.0703444877706 1.2663731606814337 0.04979767802368032 0.0001576542597561373
13 11 662.0703444877706 1.2663731606814337 0.04979767802368032 0.0001576542597561373
13 12 662.0703444877706 1.2663731606814337 0.04979767802368032 0.0001576542597561373
13 13 662.0703444877706 1.2663731606814337 0.04979767802368032 0.0001576542597561373
13 14 681.749732301956 20.418149701911098 0.2578224045316245 9.411573351937201e-05
13 15 681.749732301956 20.418149701911098 0.2578224045316245 9.411573351937201e-05
13 16 681.749732301956 20.418149701911098 0.2578224045316245 9.411573351937201e-05
13 17 681.749732301956 20.418149701911098 0.2578224045316245 9.411573351937201e-05
13 18 681.749732301956 20.418149701911098 0.2578224045316245 9.411573351937201e-05
13 19 675.5793995025987 23.334180274207498 0.1312840816785327 0.00020736479716933264
13 20 675.5793995025987 23.334180274207498 0.1312840816785327 0.00020736479716933264
13 21 675.5793995025987 23.334180274207498 0.1312840816785327 0.00020736479716933264
13 22 675.5793995025987 23.334180274207498 0.1312840816785327 0.00020736479716933264
13 23 675.5793995025987 23.334180274207498 0.1312840816785327 0.00020736479716933264
13 24 675.5793995025987 23.334180274207498 0.1312840816785327 0.00020736479716933264
13 25 670.4145408774325 21.740305020522264 0.205772883852201 0.0003307404027271193
13 26 670.4145408774325 21.740305020522264 0.205772883852201 0.0003307404027271193
13 27 670.4145408774325 21.740305020522264 0.205772883852201 0.0003307404027271193
13 28 670.4145408774325 21.740305020522264 0.205772883852201 0.0003307404027271193
13 29 670.4145408774325 21.740305020522264 0.205772883852201 0.0003307404027271193
13 30 663.8971986056827 1.969913405391988 0.6807472402958754 0.00020435221496369174
13 31 663.8971986056827 1.969913405391988 0.6807472402958754 0.00020435221496369174
13 32 663.8971986056827 1.969913405391988 0.6807472402958754 0.00020435221496369174
13 33 663.8971986056827 1.969913405391988 0.6807472402958754 0.00020435221496369174
13 34 661.5691923378363 2.8091037041807843 0.49190753152062855 7.885693719352296e-05
13 35 661.5691923378363 2.8091037041807843 0.49190753152062855 7.885693719352296e-05
13 36 661.5691923378363 2.8091037041807843 0.49190753152062855 7.885693719352296e-05
13 37 661.5691923378363 2.8091037041807843 0.49190753152062855 7.885693719352296e-05
13 38 661.5691923378363 2.8091037041807843 0.49190753152062855 7.885693719352296e-05
13 39 661.5691923378363 2.8091037041807843 0.49190753152062855 7.885693719352296e-05
13 40 674.1177384621326 16.857739844597976 -0.42953783132076967 9.155089396097713e-05
13 41 674.1177384621326 16.857739844597976 -0.42953783132076967 9.155089396097713e-05
13 42 674.1177384621326 16.857739844597976 -0.42953783132076967 9.155089396097713e-05
13 43 674.1177384621326 16.857739844597976 -0.42953783132076967 9.155089396097713e-05
13 44 674.1177384621326 16.857739844597976 -0.42953783132076967 9.155089396097713e-05
13 45 674.1177384621326 16.857739844597976 -0.42953783132076967 9.155089396097713e-05
13 46 665.367168324131 10.301956282896407 0.019039987795883825 0.00023430495896693934
13 47 665.367168324131 10.301956282896407 0.019039987795883825 0.00023430495896693934
13 48 665.367168324131 10.301956282896407 0.019039987795883825 0.00023430495896693934
13 49 665.367168324131 10.301956282896407 0.019039987795883825 0.00023430495896693934
13 50 665.367168324131 10.301956282896407 0.019039987795883825 0.00023430495896693934
13 51 665.367168324131 10.301956282896407 0.019039987795883825 0.00023430495896693934
13 52 665.367168324131 10.301956282896407 0.019039987795883825 0.00023430495896693934
13 53 665.367168324131 10.301956282896407 0.019039987795883825 0.00023430495896693934
13 54 679.5374466561506 19.66737443002541 0.26049517204917494 0.00017896252828315665
13 55 679.5374466561506 19.66737443002541 0.26049517204917494 0.00017896252828315665
14 0 805.5416740470286 34.60341334708671 0.06076235232773252 0.0001328677773394982
14 1 805.5416740470286 34.60341334708671 0.06076235232773252 0.0001328677773394982
14 2 825.8487913263523 41.11161673554439 1.1564356142795233 0.0001537203778455717
14 3 825.8487913263523 41.11161673554439 1.1564356142795233 0.0001537203778455717
14 4 825.8487913263523 41.11161673554439 1.1564356142795233 0.0001537203778455717
14 5 825.8487913263523 41.11161673554439 1.1564356142795233 0.0001537203778455717
14 6 825.8487913263523 41.11161673554439 1.1564356142795233 0.0001537203778455717
14 7 825.8487913263523 41.11161673554439 1.1564356142795233 0.0001537203778455717
14 8 791.5368724818551 32.43160375636383 0.2356829349234627 0.00010555982757646542
14 9 791.5368724818551 32.43160375636383 0.2356829349234627 0.00010555982757646542
14 10 791.5368724818551 32.43160375636383 0.2356829349234627 0.00010555982757646542
14 11 791.5368724818551 32.43160375636383 0.2356829349234627 0.00010555982757646542
14 12 791.5368724818551 32.43160375636383 0.2356829349234627 0.00010555982757646542
14 13 791.5368724818551 32.43160375636383 0.2356829349234627 0.00010555982757646542
14 14 769.5168819878375 26.234392281118936 1.252096356278116 2.0623726584942252e-05
14 15 769.5168819878375 26.234392281118936 1.252096356278116 2.0623726584942252e-05
14 16 769.5168819878375 26.234392281118936 1.252096356278116 2.0623726584942252e-05
14 17 769.5168819878375 26.234392281118936 1.252096356278116 2.0623726584942252e-05
14 18 769.5168819878375 26.234392281118936 1.252096356278116 2.0623726584942252e-05
14 19 785.6059348024859 39.84261640255012 1.5916407210554693 0.00011402368490778683
14 20 785.6059348024859 39.84261640255012 1.5916407210554693 0.00011402368490778683
14 21 785.6059348024859 39.84261640255012 1.5916407210554693 0.00011402368490778683
14 22 785.6059348024859 39.84261640255012 1.5916407210554693 0.00011402368490778683
14 23 785.6059348024859 39.84261640255012 1.5916407210554693 0.00011402368490778683
14 24 785.6059348024859 39.84261640255012 1.5916407210554693 0.00011402368490778683
14 25 769.0462570056409 14.655955203655097 1.1393122759554832 3.224594443876203e-05
14 26 769.0462570056409 14.655955203655097 1.1393122759554832 3.224594443876203e-05
14 27 769.0462570056409 14.655955203655097 1.1393122759554832 3.224594443876203e-05
14 28 769.0462570056409 14.655955203655097 1.1393122759554832 3.224594443876203e-05
14 29 769.0462570056409 14.655955203655097 1.1393122759554832 3.224594443876203e-05
14 30 781.9188994728808 16.46053388774198 1.5553828000735106 7.884605259732218e-05
14 31 781.9188994728808 16.46053388774198 1.5553828000735106 7.884605259732218e-05
14 32 781.9188994728808 16.46053388774198 1.5553828000735106 7.884605259732218e-05
14 33 781.9188994728808 16.46053388774198 1.5553828000735106 7.884605259732218e-05
14 34 767.6725012331372 20.453429367968866 0.2932442347519486 -1.8149623839055966e-05
14 35 767.6725012331372 20.453429367968866 0.2932442347519486 -1.8149623839055966e-05
14 36 767.6725012331372 20.453429367968866 0.2932442347519486 -1.8149623839055966e-05
14 37 767.6725012331372 20.453429367968866 0.2932442347519486 -1.8149623839055966e-05
14 38 767.6725012331372 20.453429367968866 0.2932442347519486 -1.8149623839055966e-05
14 39 767.6725012331372 20.453429367968866 0.2932442347519486 -1.8149623839055966e-05
14 40 768.8274931047183 6.489056751317944 0.7874082272844414 -5.701188618599425e-05
14 41 768.8274931047183 6.489056751317944 0.7874082272844414 -5.701188618599425e-05
14 42 768.8274931047183 6.489056751317944 0.7874082272844414 -5.701188618599425e-05
14 43 768.8274931047183 6.489056751317944 0.7874082272844414 -5.701188618599425e-05
14 44 768.8274931047183 6.489056751317944 0.7874082272844414 -5.701188618599425e-05
14 45 768.8274931047183 6.489056751317944 0.7874082272844414 -5.701188618599425e-05
14 46 801.3490545069083 56.44370936407198 0.5142216104538171 0.0001763701444346502
14 47 801.3490545069083 56.44370936407198 0.5142216104538171 0.0001763701444346502
14 48 801.3490545069083 56.44370936407198 0.5142216104538171 0.0001763701444346502
14 49 801.3490545069083 56.44370936407198 0.5142216104538171 0.0001763701444346502
14 50 801.3490545069083 56.44370936407198 0.5142216104538171 0.0001763701444346502
14 51 801.3490545069083 56.44370936407198 0.5142216104538171 0.0001763701444346502
14 52 801.3490545069083 56.44370936407198 0.5142216104538171 0.0001763701444346502
14 53 801.3490545069083 56.44370936407198 0.5142216104538171 0.0001763701444346502
14 54 789.9434260571298 34.36294289272992 0.9311749295754836 0.00017780065538515198
14 55 789.9434260571298 34.36294289272992 0.9311749295754836 0.00017780065538515198
15 0 1333.3043858963997 -9.16199075030972 -0.12436298954980798 0.00010746717326782093
15 1 1333.3043858963997 -9.16199075030972 -0.12436298954980798 0.00010746717326782093
15 2 1293.2665239411122 -14.273141190534934 0.3031081157631291 0.00010555824516460624
15 3 1293.2665239411122 -14.273141190534934 0.3031081157631291 0.00010555824516460624
15 4 1293.2665239411122 -14.273141190534934 0.3031081157631291 0.00010555824516460624
15 5 1293.2665239411122 -14.273141190534934 0.3031081157631291 0.00010555824516460624
15 6 1293.2665239411122 -14.273141190534934 0.3031081157631291 0.00010555824516460624
15 7 1293.2665239411122 -14.273141190534934 0.3031081157631291 0.00010555824516460624
15 8 1291.929323732816 -12.814678899276208 0.0568590006651397 0.00012403726622049776
15 9 1291.929323732816 -12.814678899276208 0.0568590006651397 0.00012403726622049776
15 10 1291.929323732816 -12.814678899276208 0.0568590006651397 0.00012403726622049776
15 11 1291.929323732816 -12.814678899276208 0.0568590006651397 0.00012403726622049776
15 12 1291.929323732816 -12.814678899276208 0.0568590006651397 0.00012403726622049776
15 13 1291.929323732816 -12.814678899276208 0.0568590006651397 0.00012403726622049776
15 14 1279.1718555996272 -0.630948371603244 0.4965116224825579 0.00016856833954387545
15 15 1279.1718555996272 -0.630948371603244 0.4965116224825579 0.00016856833954387545
15 16 1279.1718555996272 -0.630948371603244 0.4965116224825579 0.00016856833954387545
15 17 1279.1718555996272 -0.630948371603244 0.4965116224825579 0.00016856833954387545
15 18 1279.1718555996272 -0.630948371603244 0.4965116224825579 0.00016856833954387545
15 19 1284.9989011473222 0.4534060443096283 0.05214210174842754 6.961305128049252e-05
15 20 1284.9989011473222 0.4534060443096283 0.05214210174842754 6.961305128049252e-05
15 21 1284.9989011473222 0.4534060443096283 0.05214210174842754 6.961305128049252e-05
15 22 1284.9989011473222 0.4534060443096283 0.05214210174842754 6.961305128049252e-05
15 23 1284.9989011473222 0.4534060443096283 0.05214210174842754 6.961305128049252e-05
15 24 1284.9989011473222 0.4534060443096283 0.05214210174842754 6.961305128049252e-05
15 25 1335.29191007388 2.7734277053663474 0.11808583100749528 5.584952751391146e-05
15 26 1335.29191007388 2.7734277053663474 0.11808583100749528 5.584952751391146e-05
15 27 1335.29191007388 2.7734277053663474 0.11808583100749528 5.584952751391146e-05
15 28 1335.29191007388 2.7734277053663474 0.11808583100749528 5.584952751391146e-05
15 29 1335.29191007388 2.7734277053663474 0.11808583100749528 5.584952751391146e-05
15 30 1279.326359311793 -2.43765837283442 -0.021645960629901814 9.783637745925015e-05
15 31 1279.326359311793 -2.43765837283442 -0.021645960629901814 9.783637745925015e-05
15 32 1279.326359311793 -2.43765837283442 -0.021645960629901814 9.783637745925015e-05
15 33 1279.326359311793 -2.43765837283442 -0.021645960629901814 9.783637745925015e-05
15 34 1281.0550869532203 2.723328823108525 -0.042306690720175864 7.051229734459988e-05
15 35 1281.0550869532203 2.723328823108525 -0.042306690720175864 7.051229734459988e-05
15 36 1281.0550869532203 2.723328823108525 -0.042306690720175864 7.051229734459988e-05
15 37 1281.0550869532203 2.723328823108525 -0.042306690720175864 7.051229734459988e-05
15 38 1281.0550869532203 2.723328823108525 -0.042306690720175864 7.051229734459988e-05
15 39 1281.0550869532203 2.723328823108525 -0.042306690720175864 7.051229734459988e-05
15 40 1274.7070248453167 2.858085665197085 -0.06923163496800219 9.900330407048707e-05
15 41 1274.7070248453167 2.858085665197085 -0.06923163496800219 9.900330407048707e-05
15 42 1274.7070248453167 2.858085665197085 -0.06923163496800219 9.900330407048707e-05
15 43 1274.7070248453167 2.858085665197085 -0.06923163496800219 9.900330407048707e-05
15 44 1274.7070248453167 2.858085665197085 -0.06923163496800219 9.900330407048707e-05
15 45 1274.7070248453167 2.858085665197085 -0.06923163496800219 9.900330407048707e-05
15 46 1264.8183298294148 1.4259345710582079 -0.2465047373916497 9.375810859804959e-05
15 47 1264.8183298294148 1.4259345710582079 -0.2465047373916497 9.375810859804959e-05
15 48 1264.8183298294148 1.4259345710582079 -0.2465047373916497 9.375810859804959e-05
15 49 1264.8183298294148 1.4259345710582079 -0.2465047373916497 9.375810859804959e-05
15 50 1264.8183298294148 1.4259345710582079 -0.2465047373916497 9.375810859804959e-05
15 51 1264.8183298294148 1.4259345710582079 -0.2465047373916497 9.375810859804959e-05
15 52 1264.8183298294148 1.4259345710582079 -0.2465047373916497 9.375810859804959e-05
15 53 1264.8183298294148 1.4259345710582079 -0.2465047373916497 9.375810859804959e-05
15 54 1270.9048263698214 1.5999434237985626 -0.05868507064254086 3.130851291889798e-05
15 55 1270.9048263698214 1.5999434237985626 -0.05868507064254086 3.130851291889798e-05
16 0 798.1810664078808 21.644088836101712 0.4373692698160835 -7.957220125826646e-06
16 1 798.1810664078808 21.644088836101712 0.4373692698160835 -7.957220125826646e-06
16 2 792.1263227827404 17.756784220388326 0.4291582922249476 1.7464567824047412e-05
16 3 792.1263227827404 17.756784220388326 0.4291582922249476 1.7464567824047412e-05
16 4 792.1263227827404 17.756784220388326 0.4291582922249476 1.7464567824047412e-05
16 5 792.1263227827404 17.756784220388326 0.4291582922249476 1.7464567824047412e-05
16 6 792.1263227827404 17.756784220388326 0.4291582922249476 1.7464567824047412e-05
16 7 792.1263227827404 17.756784220388326 0.4291582922249476 1.7464567824047412e-05
16 8 793.2886089149565 19.215507719877984 0.3984445837263389 9.181723350595485e-06
16 9 793.2886089149565 19.215507719877984 0.3984445837263389 9.181723350595485e-06
16 10 793.2886089149565 19.215507719877984 0.3984445837263389 9.181723350595485e-06
16 11 793.2886089149565 19.215507719877984 0.3984445837263389 9.181723350595485e-06
16 12 793.2886089149565 19.215507719877984 0.3984445837263389 9.181723350595485e-06
16 13 793.2886089149565 19.215507719877984 0.3984445837263389 9.181723350595485e-06
16 14 791.8536437494337 13.902635007504841 0.4165239970514541 8.881150125648829e-06
16 15 791.8536437494337 13.902635007504841 0.4165239970514541 8.881150125648829e-06
16 16 791.8536437494337 13.902635007504841 0.4165239970514541 8.881150125648829e-06
16 17 791.8536437494337 13.902635007504841 0.4165239970514541 8.881150125648829e-06
16 18 791.8536437494337 13.902635007504841 0.4165239970514541 8.881150125648829e-06
16 19 791.418895217128 17.293954276608837 0.4493189475098424 3.42799109840978e-05
16 20 791.418895217128 17.293954276608837 0.4493189475098424 3.42799109840978e-05
16 21 791.418895217128 17.293954276608837 0.4493189475098424 3.42799109840978e-05
16 22 791.418895217128 17.293954276608837 0.4493189475098424 3.42799109840978e-05
16 23 791.418895217128 17.293954276608837 0.4493189475098424 3.42799109840978e-05
16 24 791.418895217128 17.293954276608837 0.4493189475098424 3.42799109840978e-05
16 25 819.5056308316919 27.862406820891238 0.2246261488015709 7.091846534931613e-05
16 26 819.5056308316919 27.862406820891238 0.2246261488015709 7.091846534931613e-05
16 27 819.5056308316919 27.862406820891238 0.2246261488015709 7.091846534931613e-05
16 28 819.5056308316919 27.862406820891238 0.2246261488015709 7.091846534931613e-05
16 29 819.5056308316919 27.862406820891238 0.2246261488015709 7.091846534931613e-05
16 30 790.0406339610142 13.133971412803469 0.2523813673175887 6.169077520070587e-05
16 31 790.0406339610142 13.133971412803469 0.2523813673175887 6.169077520070587e-05
16 32 790.0406339610142 13.133971412803469 0.2523813673175887 6.169077520070587e-05
16 33 790.0406339610142 13.133971412803469 0.2523813673175887 6.169077520070587e-05
16 34 786.4963546927638 13.450758999519799 0.5424628198038262 6.982946020610972e-05
16 35 786.4963546927638 13.450758999519799 0.5424628198038262 6.982946020610972e-05
16 36 786.4963546927638 13.450758999519799 0.5424628198038262 6.982946020610972e-05
16 37 786.4963546927638 13.450758999519799 0.5424628198038262 6.982946020610972e-05
16 38 786.4963546927638 13.450758999519799 0.5424628198038262 6.982946020610972e-05
16 39 786.4963546927638 13.450758999519799 0.5424628198038262 6.982946020610972e-05
16 40 811.7802234732346 10.027974703142828 0.3546460901465996 7.730722400043025e-05
16 41 811.7802234732346 10.027974703142828 0.3546460901465996 7.730722400043025e-05
16 42 811.7802234732346 10.027974703142828 0.3546460901465996 7.730722400043025e-05
16 43 811.7802234732346 10.027974703142828 0.3546460901465996 7.730722400043025e-05
16 44 811.7802234732346 10.027974703142828 0.3546460901465996 7.730722400043025e-05
16 45 811.7802234732346 10.027974703142828 0.3546460901465996 7.730722400043025e-05
16 46 839.6197522455585 10.052297610775916 0.11474184943544494 0.00010114908168728956
16 47 839.6197522455585 10.052297610775916 0.11474184943544494 0.00010114908168728956
16 48 839.6197522455585 10.052297610775916 0.11474184943544494 0.00010114908168728956
16 49 839.6197522455585 10.052297610775916 0.11474184943544494 0.00010114908168728956
16 50 839.6197522455585 10.052297610775916 0.11474184943544494 0.00010114908168728956
16 51 839.6197522455585 10.052297610775916 0.11474184943544494 0.00010114908168728956
16 52 839.6197522455585 10.052297610775916 0.11474184943544494 0.00010114908168728956
16 53 839.6197522455585 10.052297610775916 0.11474184943544494 0.00010114908168728956
16 54 822.3232221289902 12.515937109680483 0.5574320317176489 9.007247713115925e-05
16 55 822.3232221289902 12.515937109680483 0.5574320317176489 9.007247713115925e-05
17 0 1367.8841479352193 4.470168354819098 0.542935492646929 0.0003263636888860539
17 1 1367.8841479352193 4.470168354819098 0.542935492646929 0.0003263636888860539
17 2 1460.2242170033624 7.254177610576546 0.3202485724609069 0.00017493957607096454
17 3 1460.2242170033624 7.254177610576546 0.3202485724609069 0.00017493957607096454
17 4 1460.2242170033624 7.254177610576546 0.3202485724609069 0.00017493957607096454
17 5 1460.2242170033624 7.254177610576546 0.3202485724609069 0.00017493957607096454
17 6 1460.2242170033624 7.254177610576546 0.3202485724609069 0.00017493957607096454
17 7 1460.2242170033624 7.254177610576546 0.3202485724609069 0.00017493957607096454
17 8 1229.377179715732 8.166137227500606 -0.36218320394158365 0.00047081704713231075
17 9 1229.377179715732 8.166137227500606 -0.36218320394158365 0.00047081704713231075
17 10 1229.377179715732 8.166137227500606 -0.36218320394158365 0.00047081704713231075
17 11 1229.377179715732 8.166137227500606 -0.36218320394158365 0.00047081704713231075
17 12 1229.377179715732 8.166137227500606 -0.36218320394158365 0.00047081704713231075
17 13 1229.377179715732 8.166137227500606 -0.36218320394158365 0.00047081704713231075
17 14 1428.1275224637977 19.37094172819065 -0.13443834108994557 0.00028544737290328375
17 15 1428.1275224637977 19.37094172819065 -0.13443834108994557 0.00028544737290328375
17 16 1428.1275224637977 19.37094172819065 -0.13443834108994557 0.00028544737290328375
17 17 1428.1275224637977 19.37094172819065 -0.13443834108994557 0.00028544737290328375
17 18 1428.1275224637977 19.37094172819065 -0.13443834108994557 0.00028544737290328375
17 19 1409.795210899879 7.292937588678816 0.28982959441503464 0.00020855665115634593
17 20 1409.795210899879 7.292937588678816 0.28982959441503464 0.00020855665115634593
17 21 1409.795210899879 7.292937588678816 0.28982959441503464 0.00020855665115634593
17 22 1409.795210899879 7.292937588678816 0.28982959441503464 0.00020855665115634593
17 23 1409.795210899879 7.292937588678816 0.28982959441503464 0.00020855665115634593
17 24 1409.795210899879 7.292937588678816 0.28982959441503464 0.00020855665115634593
17 25 1317.1151294166648 19.372462955180524 -0.06680347873144266 0.00026160427157988046
17 26 1317.1151294166648 19.372462955180524 -0.06680347873144266 0.00026160427157988046
17 27 1317.1151294166648 19.372462955180524 -0.06680347873144266 0.00026160427157988046
17 28 1317.1151294166648 19.372462955180524 -0.06680347873144266 0.00026160427157988046
17 29 1317.1151294166648 19.372462955180524 -0.06680347873144266 0.00026160427157988046
17 30 1333.665307234613 5.108719381662402 -0.14334396836423496 0.0003705620782443564
17 31 1333.665307234613 5.108719381662402 -0.14334396836423496 0.0003705620782443564
17 32 1333.665307234613 5.108719381662402 -0.14334396836423496 0.0003705620782443564
17 33 1333.665307234613 5.108719381662402 -0.14334396836423496 0.0003705620782443564
17 34 1515.4064026520957 12.591468618018684 0.3080316401574676 0.00015300520626432078
17 35 1515.4064026520957 12.591468618018684 0.3080316401574676 0.00015300520626432078
17 36 1515.4064026520957 12.591468618018684 0.3080316401574676 0.00015300520626432078
17 37 1515.4064026520957 12.591468618018684 0.3080316401574676 0.00015300520626432078
17 38 1515.4064026520957 12.591468618018684 0.3080316401574676 0.00015300520626432078
17 39 1515.4064026520957 12.591468618018684 0.3080316401574676 0.00015300520626432078
17 40 1564.944206983373 14.532601049141743 0.32021920266007375 0.0001476406640389119
17 41 1564.944206983373 14.532601049141743 0.32021920266007375 0.0001476406640389119
17 42 1564.944206983373 14.532601049141743 0.32021920266007375 0.0001476406640389119
17 43 1564.944206983373 14.532601049141743 0.32021920266007375 0.0001476406640389119
17 44 1564.944206983373 14.532601049141743 0.32021920266007375 0.0001476406640389119
17 45 1564.944206983373 14.532601049141743 0.32021920266007375 0.0001476406640389119
17 46 1353.5742914626187 18.40793730900524 0.16577106980050976 0.00021288743725856864
17 47 1353.5742914626187 18.40793730900524 0.16577106980050976 0.00021288743725856864
17 48 1353.5742914626187 18.40793730900524 0.16577106980050976 0.00021288743725856864
17 49 1353.5742914626187 18.40793730900524 0.16577106980050976 0.00021288743725856864
17 50 1353.5742914626187 18.40793730900524 0.16577106980050976 0.00021288743725856864
17 51 1353.5742914626187 18.40793730900524 0.16577106980050976 0.00021288743725856864
17 52 1353.5742914626187 18.40793730900524 0.16577106980050976 0.00021288743725856864
17 53 1353.5742914626187 18.40793730900524 0.16577106980050976 0.00021288743725856864
17 54 1305.1947655132094 7.381864624254109 0.049678544222877444 0.00027962437237490773
17 55 1305.1947655132094 7.381864624254109 0.049678544222877444 0.00027962437237490773
18 0 2100.6451984884116 37.89697543951571 0.6923577965051586 0.0001048445726591176
18 1 2100.6451984884116 37.89697543951571 0.6923577965051586 0.0001048445726591176
18 2 2112.680627473974 32.451337031641344 0.7583479470810235 9.447337580837415e-05
18 3 2112.680627473974 32.451337031641344 0.7583479470810235 9.447337580837415e-05
18 4 2112.680627473974 32.451337031641344 0.7583479470810235 9.447337580837415e-05
18 5 2112.680627473974 32.451337031641344 0.7583479470810235 9.447337580837415e-05
18 6 2112.680627473974 32.451337031641344 0.7583479470810235 9.447337580837415e-05
18 7 2112.680627473974 32.451337031641344 0.7583479470810235 9.447337580837415e-05
18 8 2122.718639478974 29.438664561328885 0.9610134525719742 6.21676695451471e-05
18 9 2122.718639478974 29.438664561328885 0.9610134525719742 6.21676695451471e-05
18 10 2122.718639478974 29.438664561328885 0.9610134525719742 6.21676695451471e-05
18 11 2122.718639478974 29.438664561328885 0.9610134525719742 6.21676695451471e-05
18 12 2122.718639478974 29.438664561328885 0.9610134525719742 6.21676695451471e-05
18 13 2122.718639478974 29.438664561328885 0.9610134525719742 6.21676695451471e-05
18 14 2206.5876862966925 20.028803831477553 0.6204749603845195 8.779764080307362e-05
18 15 2206.5876862966925 20.028803831477553 0.6204749603845195 8.779764080307362e-05
18 16 2206.5876862966925 20.028803831477553 0.6204749603845195 8.779764080307362e-05
18 17 2206.5876862966925 20.028803831477553 0.6204749603845195 8.779764080307362e-05
18 18 2206.5876862966925 20.028803831477553 0.6204749603845195 8.779764080307362e-05
18 19 2087.7267256171604 57.636798097753285 1.3853690954500286 0.00011159591708377955
18 20 2087.7267256171604 57.636798097753285 1.3853690954500286 0.00011159591708377955
18 21 2087.7267256171604 57.636798097753285 1.3853690954500286 0.00011159591708377955
18 22 2087.7267256171604 57.636798097753285 1.3853690954500286 0.00011159591708377955
18 23 2087.7267256171604 57.636798097753285 1.3853690954500286 0.00011159591708377955
18 24 2087.7267256171604 57.636798097753285 1.3853690954500286 0.00011159591708377955
18 25 2059.2767886437896 29.306857859162626 1.7803426443763573 0.00021916828365366926
18 26 2059.2767886437896 29.306857859162626 1.7803426443763573 0.00021916828365366926
18 27 2059.2767886437896 29.306857859162626 1.7803426443763573 0.00021916828365366926
18 28 2059.2767886437896 29.306857859162626 1.7803426443763573 0.00021916828365366926
18 29 2059.2767886437896 29.306857859162626 1.7803426443763573 0.00021916828365366926
18 30 2084.4249669126675 67.07387030250047 0.41944077975066163 0.0002029538154078882
18 31 2084.4249669126675 67.07387030250047 0.41944077975066163 0.0002029538154078882
18 32 2084.4249669126675 67.07387030250047 0.41944077975066163 0.0002029538154078882
18 33 2084.4249669126675 67.07387030250047 0.41944077975066163 0.0002029538154078882
18 34 2247.1265465761844 16.307790153689705 0.2862408219137125 9.232744052067441e-05
18 35 2247.1265465761844 16.307790153689705 0.2862408219137125 9.232744052067441e-05
18 36 2247.1265465761844 16.307790153689705 0.2862408219137125 9.232744052067441e-05
18 37 2247.1265465761844 16.307790153689705 0.2862408219137125 9.232744052067441e-05
18 38 2247.1265465761844 16.307790153689705 0.2862408219137125 9.232744052067441e-05
18 39 2247.1265465761844 16.307790153689705 0.2862408219137125 9.232744052067441e-05
18 40 2043.4636529838367 43.960127320618895 1.5491717867444197 0.00027722118206191667
18 41 2043.4636529838367 43.960127320618895 1.5491717867444197 0.00027722118206191667
18 42 2043.4636529838367 43.960127320618895 1.5491717867444197 0.00027722118206191667
18 43 2043.4636529838367 43.960127320618895 1.5491717867444197 0.00027722118206191667
18 44 2043.4636529838367 43.960127320618895 1.5491717867444197 0.00027722118206191667
18 45 2043.4636529838367 43.960127320618895 1.5491717867444197 0.00027722118206191667
18 46 2174.298754876564 17.1035502176141 0.6715910700706499 0.00017112492530845034
18 47 2174.298754876564 17.1035502176141 0.6715910700706499 0.00017112492530845034
18 48 2174.298754876564 17.1035502176141 0.6715910700706499 0.00017112492530845034
18 49 2174.298754876564 17.1035502176141 0.6715910700706499 0.00017112492530845034
18 50 2174.298754876564 17.1035502176141 0.6715910700706499 0.00017112492530845034
18 51 2174.298754876564 17.1035502176141 0.6715910700706499 0.00017112492530845034
18 52 2174.298754876564 17.1035502176141 0.6715910700706499 0.00017112492530845034
18 53 2174.298754876564 17.1035502176141 0.6715910700706499 0.00017112492530845034
18 54 2079.160790133621 28.185449796892414 0.8102493570342602 0.00020664929866734405
18 55 2079.160790133621 28.185449796892414 0.8102493570342602 0.00020664929866734405
19 0 2141.257221207404 24.525016491797174 -0.07746008592029445 0.00017482034550010803
19 1 2141.257221207404 24.525016491797174 -0.07746008592029445 0.00017482034550010803
19 2 2556.160939364293 90.61492279734796 -1.6334778392691367 0.0005566477342753857
19 3 2556.160939364293 90.61492279734796 -1.6334778392691367 0.0005566477342753857
19 4 2556.160939364293 90.61492279734796 -1.6334778392691367 0.0005566477342753857
19 5 2556.160939364293 90.61492279734796 -1.6334778392691367 0.0005566477342753857
19 6 2556.160939364293 90.61492279734796 -1.6334778392691367 0.0005566477342753857
19 7 2556.160939364293 90.61492279734796 -1.6334778392691367 0.0005566477342753857
19 8 2525.00966236171 55.957250039798595 -0.8406597222330325 0.0003224015220084965
19 9 2525.00966236171 55.957250039798595 -0.8406597222330325 0.0003224015220084965
19 10 2525.00966236171 55.957250039798595 -0.8406597222330325 0.0003224015220084965
19 11 2525.00966236171 55.957250039798595 -0.8406597222330325 0.0003224015220084965
19 12 2525.00966236171 55.957250039798595 -0.8406597222330325 0.0003224015220084965
19 13 2525.00966236171 55.957250039798595 -0.8406597222330325 0.0003224015220084965
19 14 2510.3489958313958 88.64503526885345 0.48130222588003313 0.00025850533717670276
19 15 2510.3489958313958 88.64503526885345 0.48130222588003313 0.00025850533717670276
19 16 2510.3489958313958 88.64503526885345 0.48130222588003313 0.00025850533717670276
19 17 2510.3489958313958 88.64503526885345 0.48130222588003313 0.00025850533717670276
19 18 2510.3489958313958 88.64503526885345 0.48130222588003313 0.00025850533717670276
19 19 2577.381258743447 123.11368150669182 0.4655449100581097 0.00027447939434211175
19 20 2577.381258743447 123.11368150669182 0.4655449100581097 0.00027447939434211175
19 21 2577.381258743447 123.11368150669182 0.4655449100581097 0.00027447939434211175
19 22 2577.381258743447 123.11368150669182 0.4655449100581097 0.00027447939434211175
19 23 2577.381258743447 123.11368150669182 0.4655449100581097 0.00027447939434211175
19 24 2577.381258743447 123.11368150669182 0.4655449100581097 0.00027447939434211175
19 25 2780.439177766319 19.886819150351727 0.34127760516845584 9.483098632795267e-05
19 26 2780.439177766319 19.886819150351727 0.34127760516845584 9.483098632795267e-05
19 27 2780.439177766319 19.886819150351727 0.34127760516845584 9.483098632795267e-05
19 28 2780.439177766319 19.886819150351727 0.34127760516845584 9.483098632795267e-05
19 29 2780.439177766319 19.886819150351727 0.34127760516845584 9.483098632795267e-05
19 30 2184.613927624284 37.42790624575623 0.3457202494374361 -1.3023653408162189e-05
19 31 2184.613927624284 37.42790624575623 0.3457202494374361 -1.3023653408162189e-05
19 32 2184.613927624284 37.42790624575623 0.3457202494374361 -1.3023653408162189e-05
19 33 2184.613927624284 37.42790624575623 0.3457202494374361 -1.3023653408162189e-05
19 34 2581.5864784877476 37.025065792717555 0.38527343127345304 0.00020951032547180808
19 35 2581.5864784877476 37.025065792717555 0.38527343127345304 0.00020951032547180808
19 36 2581.5864784877476 37.025065792717555 0.38527343127345304 0.00020951032547180808
19 37 2581.5864784877476 37.025065792717555 0.38527343127345304 0.00020951032547180808
19 38 2581.5864784877476 37.025065792717555 0.38527343127345304 0.00020951032547180808
19 39 2581.5864784877476 37.025065792717555 0.38527343127345304 0.00020951032547180808
19 40 2595.504971391301 100.45540584615038 0.3350868699251621 0.0004851222136258
19 41 2595.504971391301 100.45540584615038 0.3350868699251621 0.0004851222136258
19 42 2595.504971391301 100.45540584615038 0.3350868699251621 0.0004851222136258
19 43 2595.504971391301 100.45540584615038 0.3350868699251621 0.0004851222136258
19 44 2595.504971391301 100.45540584615038 0.3350868699251621 0.0004851222136258
19 45 2595.504971391301 100.45540584615038 0.3350868699251621 0.0004851222136258
19 46 2072.3786408977303 13.083547158840627 -0.8892991933717251 -0.00015249877097603832
19 47 2072.3786408977303 13.083547158840627 -0.8892991933717251 -0.00015249877097603832
19 48 2072.3786408977303 13.083547158840627 -0.8892991933717251 -0.00015249877097603832
19 49 2072.3786408977303 13.083547158840627 -0.8892991933717251 -0.00015249877097603832
19 50 2072.3786408977303 13.083547158840627 -0.8892991933717251 -0.00015249877097603832
19 51 2072.3786408977303 13.083547158840627 -0.8892991933717251 -0.00015249877097603832
19 52 2072.3786408977303 13.083547158840627 -0.8892991933717251 -0.00015249877097603832
19 53 2072.3786408977303 13.083547158840627 -0.8892991933717251 -0.00015249877097603832
19 54 2653.1794067401233 30.533289796837188 0.41648510438904196 5.603848249796577e-05
19 55 2653.1794067401233 30.533289796837188 0.41648510438904196 5.603848249796577e-05
